0.0 0.176340268987
0.02 0.199421036019
0.04 0.221120031414
0.06 0.24142180621
0.08 0.260334298186
0.1 0.277886071358
0.12 0.294123065533
0.14 0.309104992448
0.16 0.32290152308
0.18 0.335588414267
0.2 0.347243721983
0.22 0.357944243665
0.24 0.367762322373
0.26 0.376763131099
0.28 0.385002535307
0.3 0.392525605673
0.32 0.399365820839
0.34 0.405544962613
0.36 0.411073665147
0.38 0.415952537723
0.4 0.420173741574
0.42 0.423722868544
0.44 0.426580947596
0.46 0.428726397536
0.48 0.430136752996
0.5 0.430790016076
0.52 0.430665526143
0.54 0.429744291416
0.56 0.428008782667
0.58 0.425442245463
0.6 0.422027636848
0.62 0.41774633003
0.64 0.412576753227
0.66 0.406493134781
0.68 0.399464516773
0.7 0.391454175723
0.72 0.382419555209
0.74 0.372312775107
0.76 0.361081739708
0.78 0.34867182548
0.8 0.335028091442
0.82 0.320097922949
0.84 0.303833993998
0.86 0.286197414917
0.88 0.267160921129
0.9 0.246711954924
0.92 0.224855495168
0.94 0.201616499647
0.96 0.177041840453
0.98 0.151201634298
1.0 0.124189895668
1.02 0.0961244706201
1.04 0.0671462411629
1.06 0.0374176231235
1.08 0.0071204123376
1.1 -0.0235469368772
1.12 -0.0543724924719
1.14 -0.0851343576941
1.16 -0.115604378187
1.18 -0.145551901609
1.2 -0.174747452775
1.22 -0.202966199521
1.24 -0.229991103091
1.26 -0.255615670871
1.28 -0.279646256482
1.3 -0.301903881344
1.32 -0.322225580316
1.34 -0.34046530064
1.36 -0.356494406173
1.38 -0.370201856897
1.4 -0.381494145847
1.42 -0.390295081543
1.44 -0.396545503674
1.46 -0.400203013256
1.48 -0.401241786511
1.5 -0.399652524786
1.52 -0.395442572111
1.54 -0.388636208484
1.56 -0.379275101987
1.58 -0.367418877808
1.6 -0.353145738774
1.62 -0.33655305178
1.64 -0.317757799112
1.66 -0.296896785019
1.68 -0.274126486977
1.7 -0.249622449292
1.72 -0.223578133982
1.74 -0.196203170129
1.76 -0.167720976553
1.78 -0.138365771836
1.8 -0.108379027193
1.82 -0.0780054584482
1.84 -0.0474886895509
1.86 -0.0170667486535
1.88 0.013032423861
1.9 0.0425952695791
1.92 0.0714265284027
1.94 0.0993526143221
1.96 0.126224314927
1.98 0.151918713248
2.0 0.176340268987
2.02 0.199421036019
2.04 0.221120031413
2.06 0.24142180621
2.08 0.260334298186
2.1 0.277886071358
2.12 0.294123065533
2.14 0.309104992448
2.16 0.32290152308
2.18 0.335588414267
2.2 0.347243721983
2.22 0.357944243665
2.24 0.367762322373
2.26 0.376763131098
2.28 0.385002535307
2.3 0.392525605673
2.32 0.399365820839
2.34 0.405544962613
2.36 0.411073665147
2.38 0.415952537723
2.4 0.420173741574
2.42 0.423722868544
2.44 0.426580947596
2.46 0.428726397536
2.48 0.430136752996
2.5 0.430790016076
2.52 0.430665526143
2.54 0.429744291416
2.56 0.428008782667
2.58 0.425442245463
2.6 0.422027636848
2.62 0.41774633003
2.64 0.412576753227
2.66 0.406493134781
2.68 0.399464516773
2.7 0.391454175723
2.72 0.382419555209
2.74 0.372312775107
2.76 0.361081739708
2.78 0.34867182548
2.8 0.335028091443
2.82 0.320097922949
2.84 0.303833993998
2.86 0.286197414917
2.88 0.267160921129
2.9 0.246711954924
2.92 0.224855495168
2.94 0.201616499647
2.96 0.177041840453
2.98 0.151201634298
3.0 0.124189895668
3.02 0.0961244706203
3.04 0.0671462411628
3.06 0.0374176231235
3.08 0.00712041233749
3.1 -0.023546936877
3.12 -0.054372492472
3.14 -0.0851343576941
3.16 -0.115604378187
3.18 -0.145551901609
3.2 -0.174747452775
3.22 -0.202966199521
3.24 -0.229991103091
3.26 -0.255615670871
3.28 -0.279646256482
3.3 -0.301903881344
3.32 -0.322225580316
3.34 -0.34046530064
3.36 -0.356494406173
3.38 -0.370201856897
3.4 -0.381494145847
3.42 -0.390295081543
3.44 -0.396545503674
3.46 -0.400203013256
3.48 -0.401241786511
3.5 -0.399652524786
3.52 -0.395442572111
3.54 -0.388636208483
3.56 -0.379275101987
3.58 -0.367418877808
3.6 -0.353145738774
3.62 -0.33655305178
3.64 -0.317757799112
3.66 -0.296896785019
3.68 -0.274126486977
3.7 -0.249622449292
3.72 -0.223578133982
3.74 -0.196203170129
3.76 -0.167720976553
3.78 -0.138365771836
3.8 -0.108379027193
3.82 -0.0780054584481
3.84 -0.047488689551
3.86 -0.0170667486535
3.88 0.0130324238609
3.9 0.0425952695792
3.92 0.0714265284028
3.94 0.0993526143219
3.96 0.126224314928
3.98 0.151918713248
4.0 0.176340268988
4.02 0.199421036018
4.04 0.221120031414
4.06 0.241421806209
4.08 0.260334298186
4.1 0.277886071358
4.12 0.294123065533
4.14 0.309104992448
4.16 0.32290152308
4.18 0.335588414267
4.2 0.347243721983
4.22 0.357944243665
4.24 0.367762322373
4.26 0.376763131099
4.28 0.385002535307
4.3 0.392525605673
4.32 0.399365820839
4.34 0.405544962613
4.36 0.411073665147
4.38 0.415952537723
4.4 0.420173741574
4.42 0.423722868544
4.44 0.426580947596
4.46 0.428726397536
4.48 0.430136752996
4.5 0.430790016076
4.52 0.430665526143
4.54 0.429744291416
4.56 0.428008782667
4.58 0.425442245463
4.6 0.422027636848
4.62 0.41774633003
4.64 0.412576753227
4.66 0.406493134781
4.68 0.399464516773
4.7 0.391454175723
4.72 0.382419555209
4.74 0.372312775106
4.76 0.361081739709
4.78 0.34867182548
4.8 0.335028091442
4.82 0.320097922949
4.84 0.303833993998
4.86 0.286197414917
4.88 0.267160921129
4.9 0.246711954924
4.92 0.224855495168
4.94 0.201616499647
4.96 0.177041840453
4.98 0.151201634299
5.0 0.124189895668
5.02 0.0961244706203
5.04 0.0671462411628
5.06 0.0374176231235
5.08 0.0071204123376
5.1 -0.0235469368771
5.12 -0.0543724924721
5.14 -0.085134357694
5.16 -0.115604378187
5.18 -0.145551901609
5.2 -0.174747452776
5.22 -0.20296619952
5.24 -0.229991103092
5.26 -0.255615670871
5.28 -0.279646256482
5.3 -0.301903881344
5.32 -0.322225580316
5.34 -0.34046530064
5.36 -0.356494406173
5.38 -0.370201856897
5.4 -0.381494145847
5.42 -0.390295081543
5.44 -0.396545503674
5.46 -0.400203013256
5.48 -0.401241786511
5.5 -0.399652524786
5.52 -0.395442572111
5.54 -0.388636208484
5.56 -0.379275101987
5.58 -0.367418877808
5.6 -0.353145738774
5.62 -0.33655305178
5.64 -0.317757799112
5.66 -0.296896785019
5.68 -0.274126486977
5.7 -0.249622449292
5.72 -0.223578133982
5.74 -0.196203170128
5.76 -0.167720976554
5.78 -0.138365771836
5.8 -0.108379027193
5.82 -0.0780054584485
5.84 -0.047488689551
5.86 -0.0170667486532
5.88 0.0130324238606
5.9 0.0425952695794
5.92 0.0714265284031
5.94 0.0993526143216
5.96 0.126224314928
5.98 0.151918713248
6.0 0.176340268988
6.02 0.199421036019
6.04 0.221120031414
6.06 0.241421806209
6.08 0.260334298186
6.1 0.277886071358
6.12 0.294123065533
6.14 0.309104992448
6.16 0.32290152308
6.18 0.335588414267
6.2 0.347243721983
6.22 0.357944243665
6.24 0.367762322373
6.26 0.376763131099
6.28 0.385002535307
6.3 0.392525605673
6.32 0.399365820839
6.34 0.405544962613
6.36 0.411073665147
6.38 0.415952537723
6.4 0.420173741574
6.42 0.423722868544
6.44 0.426580947596
6.46 0.428726397536
6.48 0.430136752996
6.5 0.430790016076
6.52 0.430665526143
6.54 0.429744291416
6.56 0.428008782667
6.58 0.425442245463
6.6 0.422027636848
6.62 0.41774633003
6.64 0.412576753227
6.66 0.406493134781
6.68 0.399464516773
6.7 0.391454175722
6.72 0.382419555209
6.74 0.372312775106
6.76 0.361081739709
6.78 0.348671825479
6.8 0.335028091443
6.82 0.320097922949
6.84 0.303833993997
6.86 0.286197414917
6.88 0.267160921129
6.9 0.246711954924
6.92 0.224855495167
6.94 0.201616499648
6.96 0.177041840452
6.98 0.151201634299
7.0 0.124189895668
7.02 0.0961244706201
7.04 0.0671462411636
7.06 0.0374176231225
7.08 0.00712041233836
7.1 -0.0235469368777
7.12 -0.0543724924715
7.14 -0.0851343576947
7.16 -0.115604378186
7.18 -0.145551901609
7.2 -0.174747452776
7.22 -0.20296619952
7.24 -0.229991103092
7.26 -0.25561567087
7.28 -0.279646256482
7.3 -0.301903881343
7.32 -0.322225580316
7.34 -0.34046530064
7.36 -0.356494406173
7.38 -0.370201856897
7.4 -0.381494145847
7.42 -0.390295081543
7.44 -0.396545503674
7.46 -0.400203013256
7.48 -0.401241786511
7.5 -0.399652524786
7.52 -0.395442572111
7.54 -0.388636208484
7.56 -0.379275101987
7.58 -0.367418877808
7.6 -0.353145738774
7.62 -0.33655305178
7.64 -0.317757799112
7.66 -0.296896785019
7.68 -0.274126486977
7.7 -0.249622449292
7.72 -0.223578133982
7.74 -0.196203170128
7.76 -0.167720976554
7.78 -0.138365771836
7.8 -0.108379027193
7.82 -0.0780054584483
7.84 -0.0474886895507
7.86 -0.0170667486536
7.88 0.0130324238608
7.9 0.0425952695793
7.92 0.0714265284028
7.94 0.0993526143219
7.96 0.126224314928
7.98 0.151918713248
8.0 0.176340268988
8.02 0.199421036019
8.04 0.221120031415
8.06 0.241421806209
8.08 0.260334298186
8.1 0.277886071358
8.12 0.294123065533
8.14 0.309104992448
8.16 0.32290152308
8.18 0.335588414267
8.2 0.347243721983
8.22 0.357944243665
8.24 0.367762322373
8.26 0.376763131099
8.28 0.385002535307
8.3 0.392525605673
8.32 0.399365820839
8.34 0.405544962613
8.36 0.411073665147
8.38 0.415952537723
8.4 0.420173741574
8.42 0.423722868544
8.44 0.426580947596
8.46 0.428726397536
8.48 0.430136752996
8.5 0.430790016076
8.52 0.430665526143
8.54 0.429744291416
8.56 0.428008782667
8.58 0.425442245463
8.6 0.422027636848
8.62 0.41774633003
8.64 0.412576753226
8.66 0.406493134781
8.68 0.399464516772
8.7 0.391454175724
8.72 0.382419555208
8.74 0.372312775107
8.76 0.361081739709
8.78 0.34867182548
8.8 0.335028091443
8.82 0.320097922948
8.84 0.303833993999
8.86 0.286197414916
8.88 0.26716092113
8.9 0.246711954923
8.92 0.224855495169
8.94 0.201616499646
8.96 0.177041840454
8.98 0.151201634298
9.0 0.124189895668
9.02 0.0961244706209
9.04 0.0671462411621
9.06 0.0374176231245
9.08 0.00712041233651
9.1 -0.0235469368761
9.12 -0.0543724924732
9.14 -0.0851343576929
9.16 -0.115604378187
9.18 -0.145551901609
9.2 -0.174747452775
9.22 -0.202966199521
9.24 -0.229991103091
9.26 -0.255615670871
9.28 -0.279646256481
9.3 -0.301903881344
9.32 -0.322225580316
9.34 -0.34046530064
9.36 -0.356494406172
9.38 -0.370201856897
9.4 -0.381494145847
9.42 -0.390295081543
9.44 -0.396545503674
9.46 -0.400203013256
9.48 -0.401241786511
9.5 -0.399652524786
9.52 -0.395442572111
9.54 -0.388636208484
9.56 -0.379275101987
9.58 -0.367418877807
9.6 -0.353145738774
9.62 -0.336553051779
9.64 -0.317757799112
9.66 -0.296896785019
9.68 -0.274126486977
9.7 -0.249622449292
9.72 -0.223578133982
9.74 -0.196203170128
9.76 -0.167720976554
9.78 -0.138365771837
9.8 -0.108379027191
9.82 -0.0780054584493
9.84 -0.0474886895502
9.86 -0.017066748654
9.88 0.0130324238614
9.9 0.0425952695786
9.92 0.0714265284033
9.94 0.0993526143212
9.96 0.126224314928
9.98 0.151918713248
