0.0 25.981821243
0.02 26.8398601122
0.04 27.7022296009
0.06 28.5637597044
0.08 29.4193404693
0.1 30.2639993436
0.12 31.0929669645
0.14 31.9017296877
0.16 32.6860681712
0.18 33.4420822699
0.2 34.1662032911
0.22 34.8551952681
0.24 35.5061472966
0.26 36.1164591601
0.28 36.683822458
0.3 37.2061992853
0.32 37.6818002339
0.34 38.1090631331
0.36 38.4866335724
0.38 38.8133478753
0.4 39.0882188601
0.42 39.3104244511
0.44 39.4792990023
0.46 39.5943270788
0.48 39.6551394022
0.5 39.6615106971
0.52 39.6133592658
0.54 39.5107482404
0.56 39.3538885994
0.58 39.1431441608
0.6 38.8790388488
0.62 38.562266567
0.64 38.1937039633
0.66 37.774426249
0.68 37.3057260213
0.7 36.7891347461
0.72 36.2264462045
0.74 35.619740809
0.76 34.9714092923
0.78 34.2841739036
0.8 33.5611049507
0.82 32.8056303618
0.84 32.0215359369
0.86 31.212954163
0.88 30.3843398931
0.9 29.5404318355
0.92 28.6861996416
0.94 27.8267773608
0.96 26.9673850696
0.98 26.1132414749
1.0 25.2694711429
1.02 24.4410105987
1.04 23.6325178224
1.06 22.8482895734
1.08 22.0921905278
1.1 21.3675974476
1.12 20.6773606045
1.14 20.0237835701
1.16 19.4086213568
1.18 18.833095882
1.2 18.2979268842
1.22 17.8033758289
1.24 17.3492999889
1.26 16.9352137788
1.28 16.5603545156
1.3 16.2237500195
1.32 15.9242858045
1.34 15.6607699856
1.36 15.4319944034
1.38 15.2367908096
1.4 15.0740812457
1.42 14.9429219808
1.44 14.8425405433
1.46 14.77236551
1.48 14.7320487907
1.5 14.7214802055
1.52 14.7407941834
1.54 14.7903684362
1.56 14.8708144944
1.58 14.9829600293
1.6 15.1278229433
1.62 15.3065773043
1.64 15.520511324
1.66 15.7709777617
1.68 16.0593373653
1.7 16.3868962604
1.72 16.754838547
1.74 17.1641557634
1.76 17.6155752988
1.78 18.1094902408
1.8 18.6458934951
1.82 19.2243192449
1.84 19.8437948798
1.86 20.5028063669
1.88 21.199279624
1.9 21.9305797879
1.92 22.6935293658
1.94 23.4844451888
1.96 24.299192929
1.98 25.1332568202
2.0 25.981821243
2.02 26.8398601122
2.04 27.7022296009
2.06 28.5637597044
2.08 29.4193404693
2.1 30.2639993436
2.12 31.0929669645
2.14 31.9017296877
2.16 32.6860681712
2.18 33.4420822699
2.2 34.1662032911
2.22 34.8551952681
2.24 35.5061472966
2.26 36.1164591601
2.28 36.683822458
2.3 37.2061992853
2.32 37.6818002339
2.34 38.1090631331
2.36 38.4866335724
2.38 38.8133478753
2.4 39.0882188601
2.42 39.3104244511
2.44 39.4792990023
2.46 39.5943270788
2.48 39.6551394022
2.5 39.6615106971
2.52 39.6133592658
2.54 39.5107482404
2.56 39.3538885994
2.58 39.1431441608
2.6 38.8790388488
2.62 38.562266567
2.64 38.1937039633
2.66 37.774426249
2.68 37.3057260213
2.7 36.7891347461
2.72 36.2264462045
2.74 35.619740809
2.76 34.9714092923
2.78 34.2841739036
2.8 33.5611049507
2.82 32.8056303618
2.84 32.0215359369
2.86 31.212954163
2.88 30.3843398931
2.9 29.5404318355
2.92 28.6861996416
2.94 27.8267773608
2.96 26.9673850696
2.98 26.1132414749
3.0 25.2694711429
3.02 24.4410105987
3.04 23.6325178224
3.06 22.8482895734
3.08 22.0921905278
3.1 21.3675974476
3.12 20.6773606045
3.14 20.0237835701
3.16 19.4086213568
3.18 18.833095882
3.2 18.2979268842
3.22 17.8033758289
3.24 17.3492999889
3.26 16.9352137788
3.28 16.5603545156
3.3 16.2237500195
3.32 15.9242858045
3.34 15.6607699856
3.36 15.4319944034
3.38 15.2367908096
3.4 15.0740812457
3.42 14.9429219807
3.44 14.8425405433
3.46 14.77236551
3.48 14.7320487907
3.5 14.7214802055
3.52 14.7407941834
3.54 14.7903684362
3.56 14.8708144944
3.58 14.9829600293
3.6 15.1278229433
3.62 15.3065773043
3.64 15.520511324
3.66 15.7709777617
3.68 16.0593373653
3.7 16.3868962604
3.72 16.754838547
3.74 17.1641557635
3.76 17.6155752988
3.78 18.1094902408
3.8 18.6458934951
3.82 19.2243192449
3.84 19.8437948798
3.86 20.5028063669
3.88 21.199279624
3.9 21.9305797879
3.92 22.6935293658
3.94 23.4844451888
3.96 24.299192929
3.98 25.1332568202
4.0 25.981821243
4.02 26.8398601122
4.04 27.7022296009
4.06 28.5637597044
4.08 29.4193404693
4.1 30.2639993436
4.12 31.0929669645
4.14 31.9017296877
4.16 32.6860681712
4.18 33.4420822699
4.2 34.1662032911
4.22 34.8551952681
4.24 35.5061472966
4.26 36.1164591601
4.28 36.683822458
4.3 37.2061992853
4.32 37.6818002339
4.34 38.1090631331
4.36 38.4866335724
4.38 38.8133478753
4.4 39.0882188601
4.42 39.3104244511
4.44 39.4792990023
4.46 39.5943270788
4.48 39.6551394022
4.5 39.6615106971
4.52 39.6133592658
4.54 39.5107482404
4.56 39.3538885994
4.58 39.1431441608
4.6 38.8790388488
4.62 38.562266567
4.64 38.1937039633
4.66 37.774426249
4.68 37.3057260213
4.7 36.7891347461
4.72 36.2264462045
4.74 35.619740809
4.76 34.9714092923
4.78 34.2841739036
4.8 33.5611049507
4.82 32.8056303618
4.84 32.0215359369
4.86 31.212954163
4.88 30.3843398931
4.9 29.5404318355
4.92 28.6861996416
4.94 27.8267773608
4.96 26.9673850696
4.98 26.1132414749
5.0 25.2694711429
5.02 24.4410105987
5.04 23.6325178224
5.06 22.8482895734
5.08 22.0921905278
5.1 21.3675974476
5.12 20.6773606045
5.14 20.0237835701
5.16 19.4086213568
5.18 18.833095882
5.2 18.2979268842
5.22 17.8033758289
5.24 17.3492999889
5.26 16.9352137788
5.28 16.5603545156
5.3 16.2237500195
5.32 15.9242858045
5.34 15.6607699856
5.36 15.4319944034
5.38 15.2367908096
5.4 15.0740812457
5.42 14.9429219807
5.44 14.8425405433
5.46 14.77236551
5.48 14.7320487907
5.5 14.7214802055
5.52 14.7407941834
5.54 14.7903684362
5.56 14.8708144944
5.58 14.9829600293
5.6 15.1278229433
5.62 15.3065773043
5.64 15.520511324
5.66 15.7709777617
5.68 16.0593373653
5.7 16.3868962604
5.72 16.754838547
5.74 17.1641557635
5.76 17.6155752988
5.78 18.1094902408
5.8 18.6458934951
5.82 19.2243192449
5.84 19.8437948798
5.86 20.5028063669
5.88 21.199279624
5.9 21.9305797879
5.92 22.6935293658
5.94 23.4844451888
5.96 24.299192929
5.98 25.1332568202
6.0 25.981821243
6.02 26.8398601122
6.04 27.7022296009
6.06 28.5637597044
6.08 29.4193404693
6.1 30.2639993436
6.12 31.0929669645
6.14 31.9017296877
6.16 32.6860681712
6.18 33.4420822699
6.2 34.1662032911
6.22 34.8551952681
6.24 35.5061472966
6.26 36.1164591601
6.28 36.683822458
6.3 37.2061992853
6.32 37.6818002339
6.34 38.1090631331
6.36 38.4866335724
6.38 38.8133478753
6.4 39.0882188601
6.42 39.3104244511
6.44 39.4792990023
6.46 39.5943270788
6.48 39.6551394022
6.5 39.6615106971
6.52 39.6133592658
6.54 39.5107482404
6.56 39.3538885994
6.58 39.1431441608
6.6 38.8790388488
6.62 38.562266567
6.64 38.1937039633
6.66 37.774426249
6.68 37.3057260213
6.7 36.7891347461
6.72 36.2264462045
6.74 35.619740809
6.76 34.9714092924
6.78 34.2841739036
6.8 33.5611049507
6.82 32.8056303618
6.84 32.0215359369
6.86 31.212954163
6.88 30.3843398931
6.9 29.5404318355
6.92 28.6861996416
6.94 27.8267773608
6.96 26.9673850695
6.98 26.1132414749
7.0 25.2694711429
7.02 24.4410105987
7.04 23.6325178224
7.06 22.8482895734
7.08 22.0921905278
7.1 21.3675974476
7.12 20.6773606045
7.14 20.0237835701
7.16 19.4086213568
7.18 18.833095882
7.2 18.2979268842
7.22 17.8033758289
7.24 17.3492999889
7.26 16.9352137788
7.28 16.5603545156
7.3 16.2237500195
7.32 15.9242858045
7.34 15.6607699856
7.36 15.4319944034
7.38 15.2367908096
7.4 15.0740812457
7.42 14.9429219807
7.44 14.8425405433
7.46 14.77236551
7.48 14.7320487907
7.5 14.7214802055
7.52 14.7407941834
7.54 14.7903684362
7.56 14.8708144944
7.58 14.9829600293
7.6 15.1278229433
7.62 15.3065773043
7.64 15.520511324
7.66 15.7709777617
7.68 16.0593373653
7.7 16.3868962604
7.72 16.754838547
7.74 17.1641557634
7.76 17.6155752988
7.78 18.1094902408
7.8 18.6458934951
7.82 19.2243192449
7.84 19.8437948798
7.86 20.5028063669
7.88 21.199279624
7.9 21.9305797879
7.92 22.6935293658
7.94 23.4844451888
7.96 24.299192929
7.98 25.1332568202
8.0 25.981821243
8.02 26.8398601122
8.04 27.7022296009
8.06 28.5637597044
8.08 29.4193404693
8.1 30.2639993436
8.12 31.0929669645
8.14 31.9017296877
8.16 32.6860681712
8.18 33.4420822699
8.2 34.1662032911
8.22 34.8551952681
8.24 35.5061472966
8.26 36.1164591601
8.28 36.683822458
8.3 37.2061992853
8.32 37.6818002339
8.34 38.1090631331
8.36 38.4866335724
8.38 38.8133478753
8.4 39.0882188601
8.42 39.3104244511
8.44 39.4792990023
8.46 39.5943270788
8.48 39.6551394022
8.5 39.6615106971
8.52 39.6133592658
8.54 39.5107482404
8.56 39.3538885994
8.58 39.1431441608
8.6 38.8790388488
8.62 38.562266567
8.64 38.1937039633
8.66 37.774426249
8.68 37.3057260213
8.7 36.7891347461
8.72 36.2264462045
8.74 35.619740809
8.76 34.9714092923
8.78 34.2841739036
8.8 33.5611049507
8.82 32.8056303618
8.84 32.0215359369
8.86 31.2129541629
8.88 30.3843398931
8.9 29.5404318355
8.92 28.6861996416
8.94 27.8267773608
8.96 26.9673850695
8.98 26.1132414749
9.0 25.2694711429
9.02 24.4410105987
9.04 23.6325178224
9.06 22.8482895734
9.08 22.0921905278
9.1 21.3675974476
9.12 20.6773606045
9.14 20.0237835701
9.16 19.4086213568
9.18 18.833095882
9.2 18.2979268842
9.22 17.8033758289
9.24 17.3492999889
9.26 16.9352137788
9.28 16.5603545156
9.3 16.2237500195
9.32 15.9242858045
9.34 15.6607699856
9.36 15.4319944035
9.38 15.2367908096
9.4 15.0740812457
9.42 14.9429219808
9.44 14.8425405433
9.46 14.77236551
9.48 14.7320487907
9.5 14.7214802055
9.52 14.7407941834
9.54 14.7903684362
9.56 14.8708144944
9.58 14.9829600293
9.6 15.1278229433
9.62 15.3065773043
9.64 15.520511324
9.66 15.7709777617
9.68 16.0593373653
9.7 16.3868962604
9.72 16.754838547
9.74 17.1641557634
9.76 17.6155752988
9.78 18.1094902408
9.8 18.6458934951
9.82 19.2243192449
9.84 19.8437948798
9.86 20.5028063669
9.88 21.199279624
9.9 21.9305797879
9.92 22.6935293658
9.94 23.4844451888
9.96 24.299192929
9.98 25.1332568202
10.0 25.981821243
10.02 26.8398601122
10.04 27.7022296009
10.06 28.5637597044
10.08 29.4193404693
10.1 30.2639993436
10.12 31.0929669645
10.14 31.9017296877
10.16 32.6860681712
10.18 33.4420822699
10.2 34.1662032911
10.22 34.8551952681
10.24 35.5061472966
10.26 36.1164591601
10.28 36.683822458
10.3 37.2061992853
10.32 37.6818002339
10.34 38.1090631331
10.36 38.4866335724
10.38 38.8133478753
10.4 39.0882188601
10.42 39.3104244511
10.44 39.4792990023
10.46 39.5943270788
10.48 39.6551394022
10.5 39.6615106971
10.52 39.6133592658
10.54 39.5107482404
10.56 39.3538885994
10.58 39.1431441608
10.6 38.8790388488
10.62 38.562266567
10.64 38.1937039633
10.66 37.774426249
10.68 37.3057260213
10.7 36.7891347461
10.72 36.2264462045
10.74 35.619740809
10.76 34.9714092923
10.78 34.2841739036
10.8 33.5611049507
10.82 32.8056303618
10.84 32.0215359369
10.86 31.2129541629
10.88 30.3843398931
10.9 29.5404318355
10.92 28.6861996416
10.94 27.8267773608
10.96 26.9673850696
10.98 26.1132414749
11.0 25.2694711429
11.02 24.4410105987
11.04 23.6325178224
11.06 22.8482895734
11.08 22.0921905278
11.1 21.3675974476
11.12 20.6773606045
11.14 20.0237835701
11.16 19.4086213568
11.18 18.833095882
11.2 18.2979268842
11.22 17.8033758289
11.24 17.3492999889
11.26 16.9352137788
11.28 16.5603545156
11.3 16.2237500195
11.32 15.9242858045
11.34 15.6607699856
11.36 15.4319944034
11.38 15.2367908095
11.4 15.0740812457
11.42 14.9429219807
11.44 14.8425405433
11.46 14.77236551
11.48 14.7320487907
11.5 14.7214802055
11.52 14.7407941834
11.54 14.7903684362
11.56 14.8708144944
11.58 14.9829600293
11.6 15.1278229434
11.62 15.3065773043
11.64 15.520511324
11.66 15.7709777617
11.68 16.0593373653
11.7 16.3868962604
11.72 16.754838547
11.74 17.1641557634
11.76 17.6155752988
11.78 18.1094902408
11.8 18.6458934951
11.82 19.224319245
11.84 19.8437948798
11.86 20.5028063669
11.88 21.199279624
11.9 21.9305797879
11.92 22.6935293658
11.94 23.4844451888
11.96 24.299192929
11.98 25.1332568202
12.0 25.981821243
12.02 26.8398601122
12.04 27.7022296009
12.06 28.5637597044
12.08 29.4193404693
12.1 30.2639993436
12.12 31.0929669645
12.14 31.9017296877
12.16 32.6860681712
12.18 33.4420822699
12.2 34.1662032911
12.22 34.8551952681
12.24 35.5061472966
12.26 36.1164591601
12.28 36.683822458
12.3 37.2061992853
12.32 37.6818002339
12.34 38.1090631331
12.36 38.4866335724
12.38 38.8133478753
12.4 39.0882188601
12.42 39.3104244511
12.44 39.4792990023
12.46 39.5943270788
12.48 39.6551394022
12.5 39.6615106971
12.52 39.6133592658
12.54 39.5107482404
12.56 39.3538885994
12.58 39.1431441608
12.6 38.8790388488
12.62 38.562266567
12.64 38.1937039633
12.66 37.774426249
12.68 37.3057260213
12.7 36.7891347461
12.72 36.2264462045
12.74 35.619740809
12.76 34.9714092924
12.78 34.2841739036
12.8 33.5611049507
12.82 32.8056303618
12.84 32.0215359369
12.86 31.212954163
12.88 30.3843398931
12.9 29.5404318355
12.92 28.6861996416
12.94 27.8267773608
12.96 26.9673850696
12.98 26.1132414749
13.0 25.2694711429
13.02 24.4410105987
13.04 23.6325178224
13.06 22.8482895734
13.08 22.0921905278
13.1 21.3675974476
13.12 20.6773606045
13.14 20.0237835701
13.16 19.4086213568
13.18 18.833095882
13.2 18.2979268842
13.22 17.8033758289
13.24 17.3492999889
13.26 16.9352137788
13.28 16.5603545156
13.3 16.2237500195
13.32 15.9242858045
13.34 15.6607699856
13.36 15.4319944034
13.38 15.2367908096
13.4 15.0740812457
13.42 14.9429219807
13.44 14.8425405433
13.46 14.77236551
13.48 14.7320487907
13.5 14.7214802055
13.52 14.7407941834
13.54 14.7903684362
13.56 14.8708144944
13.58 14.9829600293
13.6 15.1278229433
13.62 15.3065773043
13.64 15.520511324
13.66 15.7709777617
13.68 16.0593373653
13.7 16.3868962604
13.72 16.754838547
13.74 17.1641557635
13.76 17.6155752988
13.78 18.1094902408
13.8 18.6458934951
13.82 19.2243192449
13.84 19.8437948798
13.86 20.5028063669
13.88 21.199279624
13.9 21.9305797879
13.92 22.6935293658
13.94 23.4844451888
13.96 24.299192929
13.98 25.1332568202
14.0 25.981821243
14.02 26.8398601122
14.04 27.7022296009
14.06 28.5637597044
14.08 29.4193404693
14.1 30.2639993436
14.12 31.0929669645
14.14 31.9017296877
14.16 32.6860681712
14.18 33.4420822699
14.2 34.1662032911
14.22 34.8551952681
14.24 35.5061472966
14.26 36.1164591601
14.28 36.683822458
14.3 37.2061992853
14.32 37.6818002339
14.34 38.1090631331
14.36 38.4866335724
14.38 38.8133478753
14.4 39.0882188601
14.42 39.3104244511
14.44 39.4792990023
14.46 39.5943270788
14.48 39.6551394022
14.5 39.6615106971
14.52 39.6133592658
14.54 39.5107482404
14.56 39.3538885994
14.58 39.1431441608
14.6 38.8790388488
14.62 38.562266567
14.64 38.1937039633
14.66 37.774426249
14.68 37.3057260213
14.7 36.7891347461
14.72 36.2264462045
14.74 35.619740809
14.76 34.9714092924
14.78 34.2841739036
14.8 33.5611049507
14.82 32.8056303618
14.84 32.0215359369
14.86 31.212954163
14.88 30.3843398931
14.9 29.5404318355
14.92 28.6861996416
14.94 27.8267773608
14.96 26.9673850696
14.98 26.1132414749
15.0 25.2694711429
15.02 24.4410105987
15.04 23.6325178224
15.06 22.8482895734
15.08 22.0921905278
15.1 21.3675974476
15.12 20.6773606046
15.14 20.0237835701
15.16 19.4086213568
15.18 18.833095882
15.2 18.2979268842
15.22 17.8033758289
15.24 17.3492999889
15.26 16.9352137788
15.28 16.5603545156
15.3 16.2237500195
15.32 15.9242858045
15.34 15.6607699856
15.36 15.4319944035
15.38 15.2367908095
15.4 15.0740812457
15.42 14.9429219807
15.44 14.8425405433
15.46 14.77236551
15.48 14.7320487907
15.5 14.7214802055
15.52 14.7407941834
15.54 14.7903684362
15.56 14.8708144944
15.58 14.9829600293
15.6 15.1278229434
15.62 15.3065773043
15.64 15.520511324
15.66 15.7709777617
15.68 16.0593373653
15.7 16.3868962604
15.72 16.754838547
15.74 17.1641557634
15.76 17.6155752988
15.78 18.1094902408
15.8 18.6458934951
15.82 19.2243192449
15.84 19.8437948798
15.86 20.5028063669
15.88 21.199279624
15.9 21.9305797879
15.92 22.6935293658
15.94 23.4844451888
15.96 24.299192929
15.98 25.1332568202
16.0 25.981821243
16.02 26.8398601122
16.04 27.7022296009
16.06 28.5637597044
16.08 29.4193404693
16.1 30.2639993436
16.12 31.0929669645
16.14 31.9017296877
16.16 32.6860681712
16.18 33.4420822699
16.2 34.1662032911
16.22 34.8551952681
16.24 35.5061472966
16.26 36.1164591601
16.28 36.683822458
16.3 37.2061992853
16.32 37.6818002339
16.34 38.1090631331
16.36 38.4866335724
16.38 38.8133478753
16.4 39.0882188601
16.42 39.3104244511
16.44 39.4792990023
16.46 39.5943270788
16.48 39.6551394022
16.5 39.6615106971
16.52 39.6133592658
16.54 39.5107482404
16.56 39.3538885994
16.58 39.1431441608
16.6 38.8790388488
16.62 38.562266567
16.64 38.1937039633
16.66 37.774426249
16.68 37.3057260213
16.7 36.7891347461
16.72 36.2264462045
16.74 35.619740809
16.76 34.9714092924
16.78 34.2841739036
16.8 33.5611049507
16.82 32.8056303618
16.84 32.0215359369
16.86 31.212954163
16.88 30.3843398931
16.9 29.5404318355
16.92 28.6861996416
16.94 27.8267773608
16.96 26.9673850696
16.98 26.1132414749
17.0 25.2694711429
17.02 24.4410105987
17.04 23.6325178224
17.06 22.8482895733
17.08 22.0921905278
17.1 21.3675974476
17.12 20.6773606046
17.14 20.0237835701
17.16 19.4086213568
17.18 18.833095882
17.2 18.2979268842
17.22 17.8033758289
17.24 17.3492999889
17.26 16.9352137788
17.28 16.5603545156
17.3 16.2237500195
17.32 15.9242858045
17.34 15.6607699856
17.36 15.4319944035
17.38 15.2367908095
17.4 15.0740812457
17.42 14.9429219807
17.44 14.8425405433
17.46 14.77236551
17.48 14.7320487907
17.5 14.7214802055
17.52 14.7407941834
17.54 14.7903684362
17.56 14.8708144944
17.58 14.9829600293
17.6 15.1278229433
17.62 15.3065773043
17.64 15.520511324
17.66 15.7709777617
17.68 16.0593373653
17.7 16.3868962604
17.72 16.754838547
17.74 17.1641557635
17.76 17.6155752988
17.78 18.1094902407
17.8 18.6458934951
17.82 19.2243192449
17.84 19.8437948798
17.86 20.5028063669
17.88 21.1992796241
17.9 21.9305797879
17.92 22.6935293658
17.94 23.4844451888
17.96 24.2991929291
17.98 25.1332568202
18.0 25.981821243
18.02 26.8398601122
18.04 27.7022296009
18.06 28.5637597044
18.08 29.4193404693
18.1 30.2639993436
18.12 31.0929669645
18.14 31.9017296877
18.16 32.6860681713
18.18 33.4420822699
18.2 34.1662032911
18.22 34.8551952681
18.24 35.5061472966
18.26 36.1164591601
18.28 36.683822458
18.3 37.2061992853
18.32 37.6818002339
18.34 38.1090631331
18.36 38.4866335724
18.38 38.8133478753
18.4 39.0882188601
18.42 39.3104244511
18.44 39.4792990023
18.46 39.5943270788
18.48 39.6551394022
18.5 39.6615106971
18.52 39.6133592658
18.54 39.5107482404
18.56 39.3538885994
18.58 39.1431441608
18.6 38.8790388488
18.62 38.562266567
18.64 38.1937039633
18.66 37.7744262491
18.68 37.3057260213
18.7 36.7891347461
18.72 36.2264462045
18.74 35.619740809
18.76 34.9714092923
18.78 34.2841739036
18.8 33.5611049507
18.82 32.8056303618
18.84 32.0215359369
18.86 31.212954163
18.88 30.3843398931
18.9 29.5404318355
18.92 28.6861996416
18.94 27.8267773608
18.96 26.9673850696
18.98 26.1132414749
19.0 25.2694711429
19.02 24.4410105987
19.04 23.6325178224
19.06 22.8482895734
19.08 22.0921905278
19.1 21.3675974476
19.12 20.6773606045
19.14 20.0237835701
19.16 19.4086213568
19.18 18.833095882
19.2 18.2979268842
19.22 17.8033758289
19.24 17.3492999889
19.26 16.9352137788
19.28 16.5603545156
19.3 16.2237500195
19.32 15.9242858045
19.34 15.6607699856
19.36 15.4319944034
19.38 15.2367908096
19.4 15.0740812457
19.42 14.9429219808
19.44 14.8425405433
19.46 14.77236551
19.48 14.7320487907
19.5 14.7214802055
19.52 14.7407941834
19.54 14.7903684362
19.56 14.8708144944
19.58 14.9829600293
19.6 15.1278229433
19.62 15.3065773043
19.64 15.520511324
19.66 15.7709777617
19.68 16.0593373653
19.7 16.3868962604
19.72 16.754838547
19.74 17.1641557634
19.76 17.6155752988
19.78 18.1094902408
19.8 18.6458934951
19.82 19.2243192449
19.84 19.8437948798
19.86 20.5028063669
19.88 21.199279624
19.9 21.9305797879
19.92 22.6935293658
19.94 23.4844451888
19.96 24.299192929
19.98 25.1332568202
20.0 25.981821243
20.02 26.8398601122
20.04 27.7022296009
20.06 28.5637597044
20.08 29.4193404693
20.1 30.2639993436
20.12 31.0929669645
20.14 31.9017296877
20.16 32.6860681712
20.18 33.4420822699
20.2 34.1662032911
20.22 34.8551952681
20.24 35.5061472966
20.26 36.1164591601
20.28 36.683822458
20.3 37.2061992853
20.32 37.6818002339
20.34 38.1090631331
20.36 38.4866335724
20.38 38.8133478753
20.4 39.0882188601
20.42 39.3104244511
20.44 39.4792990023
20.46 39.5943270788
20.48 39.6551394022
20.5 39.6615106971
20.52 39.6133592658
20.54 39.5107482404
20.56 39.3538885994
20.58 39.1431441608
20.6 38.8790388488
20.62 38.562266567
20.64 38.1937039633
20.66 37.774426249
20.68 37.3057260213
20.7 36.7891347461
20.72 36.2264462045
20.74 35.619740809
20.76 34.9714092924
20.78 34.2841739036
20.8 33.5611049507
20.82 32.8056303618
20.84 32.0215359369
20.86 31.212954163
20.88 30.3843398931
20.9 29.5404318355
20.92 28.6861996416
20.94 27.8267773608
20.96 26.9673850696
20.98 26.1132414749
21.0 25.2694711429
21.02 24.4410105987
21.04 23.6325178224
21.06 22.8482895733
21.08 22.0921905279
21.1 21.3675974475
21.12 20.6773606046
21.14 20.0237835701
21.16 19.4086213568
21.18 18.833095882
21.2 18.2979268842
21.22 17.8033758289
21.24 17.3492999889
21.26 16.9352137788
21.28 16.5603545156
21.3 16.2237500195
21.32 15.9242858045
21.34 15.6607699856
21.36 15.4319944035
21.38 15.2367908095
21.4 15.0740812457
21.42 14.9429219807
21.44 14.8425405433
21.46 14.77236551
21.48 14.7320487907
21.5 14.7214802055
21.52 14.7407941834
21.54 14.7903684362
21.56 14.8708144944
21.58 14.9829600293
21.6 15.1278229433
21.62 15.3065773043
21.64 15.520511324
21.66 15.7709777617
21.68 16.0593373653
21.7 16.3868962604
21.72 16.754838547
21.74 17.1641557635
21.76 17.6155752988
21.78 18.1094902408
21.8 18.6458934951
21.82 19.224319245
21.84 19.8437948798
21.86 20.5028063669
21.88 21.199279624
21.9 21.9305797879
21.92 22.6935293657
21.94 23.4844451888
21.96 24.299192929
21.98 25.1332568202
22.0 25.981821243
22.02 26.8398601122
22.04 27.7022296009
22.06 28.5637597044
22.08 29.4193404693
22.1 30.2639993436
22.12 31.0929669645
22.14 31.9017296877
22.16 32.6860681712
22.18 33.4420822699
22.2 34.1662032911
22.22 34.8551952681
22.24 35.5061472966
22.26 36.1164591601
22.28 36.683822458
22.3 37.2061992853
22.32 37.6818002339
22.34 38.1090631331
22.36 38.4866335724
22.38 38.8133478753
22.4 39.0882188601
22.42 39.3104244511
22.44 39.4792990023
22.46 39.5943270788
22.48 39.6551394022
22.5 39.6615106971
22.52 39.6133592658
22.54 39.5107482404
22.56 39.3538885994
22.58 39.1431441608
22.6 38.8790388488
22.62 38.562266567
22.64 38.1937039633
22.66 37.774426249
22.68 37.3057260213
22.7 36.789134746
22.72 36.2264462045
22.74 35.619740809
22.76 34.9714092924
22.78 34.2841739036
22.8 33.5611049507
22.82 32.8056303618
22.84 32.0215359369
22.86 31.2129541629
22.88 30.3843398931
22.9 29.5404318355
22.92 28.6861996416
22.94 27.8267773608
22.96 26.9673850696
22.98 26.1132414749
23.0 25.2694711429
23.02 24.4410105987
23.04 23.6325178224
23.06 22.8482895733
23.08 22.0921905278
23.1 21.3675974476
23.12 20.6773606046
23.14 20.02378357
23.16 19.4086213568
23.18 18.833095882
23.2 18.2979268842
23.22 17.8033758289
23.24 17.3492999889
23.26 16.9352137788
23.28 16.5603545156
23.3 16.2237500195
23.32 15.9242858045
23.34 15.6607699856
23.36 15.4319944035
23.38 15.2367908095
23.4 15.0740812457
23.42 14.9429219807
23.44 14.8425405433
23.46 14.77236551
23.48 14.7320487907
23.5 14.7214802055
23.52 14.7407941834
23.54 14.7903684362
23.56 14.8708144944
23.58 14.9829600293
23.6 15.1278229433
23.62 15.3065773043
23.64 15.520511324
23.66 15.7709777617
23.68 16.0593373653
23.7 16.3868962604
23.72 16.754838547
23.74 17.1641557635
23.76 17.6155752988
23.78 18.1094902408
23.8 18.6458934951
23.82 19.224319245
23.84 19.8437948798
23.86 20.5028063669
23.88 21.199279624
23.9 21.9305797879
23.92 22.6935293657
23.94 23.4844451888
23.96 24.299192929
23.98 25.1332568202
24.0 25.981821243
24.02 26.8398601122
24.04 27.7022296009
24.06 28.5637597044
24.08 29.4193404693
24.1 30.2639993436
24.12 31.0929669645
24.14 31.9017296877
24.16 32.6860681712
24.18 33.4420822699
24.2 34.1662032911
24.22 34.8551952681
24.24 35.5061472966
24.26 36.1164591601
24.28 36.6838224579
24.3 37.2061992853
24.32 37.6818002339
24.34 38.1090631331
24.36 38.4866335724
24.38 38.8133478753
24.4 39.0882188601
24.42 39.3104244511
24.44 39.4792990023
24.46 39.5943270788
24.48 39.6551394022
24.5 39.6615106971
24.52 39.6133592658
24.54 39.5107482404
24.56 39.3538885994
24.58 39.1431441608
24.6 38.8790388488
24.62 38.562266567
24.64 38.1937039633
24.66 37.774426249
24.68 37.3057260213
24.7 36.7891347461
24.72 36.2264462045
24.74 35.619740809
24.76 34.9714092924
24.78 34.2841739036
24.8 33.5611049507
24.82 32.8056303618
24.84 32.0215359369
24.86 31.212954163
24.88 30.3843398931
24.9 29.5404318355
24.92 28.6861996416
24.94 27.8267773608
24.96 26.9673850696
24.98 26.1132414749
25.0 25.2694711429
25.02 24.4410105987
25.04 23.6325178224
25.06 22.8482895733
25.08 22.0921905278
25.1 21.3675974476
25.12 20.6773606045
25.14 20.0237835701
25.16 19.4086213568
25.18 18.833095882
25.2 18.2979268842
25.22 17.8033758289
25.24 17.3492999889
25.26 16.9352137788
25.28 16.5603545156
25.3 16.2237500195
25.32 15.9242858045
25.34 15.6607699856
25.36 15.4319944034
25.38 15.2367908096
25.4 15.0740812457
25.42 14.9429219807
25.44 14.8425405433
25.46 14.77236551
25.48 14.7320487907
25.5 14.7214802055
25.52 14.7407941834
25.54 14.7903684362
25.56 14.8708144944
25.58 14.9829600293
25.6 15.1278229433
25.62 15.3065773043
25.64 15.520511324
25.66 15.7709777617
25.68 16.0593373653
25.7 16.3868962604
25.72 16.754838547
25.74 17.1641557634
25.76 17.6155752988
25.78 18.1094902408
25.8 18.6458934951
25.82 19.2243192449
25.84 19.8437948798
25.86 20.5028063669
25.88 21.1992796241
25.9 21.9305797879
25.92 22.6935293658
25.94 23.4844451888
25.96 24.2991929291
25.98 25.1332568202
26.0 25.981821243
26.02 26.8398601122
26.04 27.7022296009
26.06 28.5637597044
26.08 29.4193404693
26.1 30.2639993436
26.12 31.0929669645
26.14 31.9017296877
26.16 32.6860681712
26.18 33.4420822699
26.2 34.1662032911
26.22 34.8551952681
26.24 35.5061472966
26.26 36.1164591601
26.28 36.683822458
26.3 37.2061992853
26.32 37.6818002339
26.34 38.1090631331
26.36 38.4866335724
26.38 38.8133478753
26.4 39.0882188601
26.42 39.3104244511
26.44 39.4792990023
26.46 39.5943270788
26.48 39.6551394022
26.5 39.6615106971
26.52 39.6133592658
26.54 39.5107482404
26.56 39.3538885994
26.58 39.1431441608
26.6 38.8790388488
26.62 38.562266567
26.64 38.1937039633
26.66 37.7744262491
26.68 37.3057260213
26.7 36.7891347461
26.72 36.2264462045
26.74 35.619740809
26.76 34.9714092923
26.78 34.2841739036
26.8 33.5611049507
26.82 32.8056303619
26.84 32.0215359369
26.86 31.2129541629
26.88 30.3843398931
26.9 29.5404318355
26.92 28.6861996416
26.94 27.8267773608
26.96 26.9673850695
26.98 26.1132414749
27.0 25.2694711429
27.02 24.4410105987
27.04 23.6325178224
27.06 22.8482895733
27.08 22.0921905278
27.1 21.3675974476
27.12 20.6773606045
27.14 20.02378357
27.16 19.4086213568
27.18 18.833095882
27.2 18.2979268841
27.22 17.8033758289
27.24 17.3492999889
27.26 16.9352137788
27.28 16.5603545156
27.3 16.2237500195
27.32 15.9242858045
27.34 15.6607699856
27.36 15.4319944034
27.38 15.2367908096
27.4 15.0740812457
27.42 14.9429219808
27.44 14.8425405433
27.46 14.77236551
27.48 14.7320487907
27.5 14.7214802055
27.52 14.7407941834
27.54 14.7903684362
27.56 14.8708144944
27.58 14.9829600293
27.6 15.1278229433
27.62 15.3065773043
27.64 15.520511324
27.66 15.7709777616
27.68 16.0593373653
27.7 16.3868962604
27.72 16.754838547
27.74 17.1641557635
27.76 17.6155752988
27.78 18.1094902408
27.8 18.6458934951
27.82 19.2243192449
27.84 19.8437948798
27.86 20.5028063669
27.88 21.199279624
27.9 21.9305797879
27.92 22.6935293658
27.94 23.4844451887
27.96 24.2991929291
27.98 25.1332568201
28.0 25.981821243
28.02 26.8398601122
28.04 27.7022296009
28.06 28.5637597044
28.08 29.4193404693
28.1 30.2639993436
28.12 31.0929669646
28.14 31.9017296877
28.16 32.6860681712
28.18 33.4420822699
28.2 34.1662032911
28.22 34.8551952681
28.24 35.5061472966
28.26 36.1164591601
28.28 36.683822458
28.3 37.2061992853
28.32 37.6818002339
28.34 38.1090631331
28.36 38.4866335724
28.38 38.8133478753
28.4 39.0882188601
28.42 39.3104244511
28.44 39.4792990023
28.46 39.5943270788
28.48 39.6551394022
28.5 39.6615106971
28.52 39.6133592658
28.54 39.5107482404
28.56 39.3538885994
28.58 39.1431441608
28.6 38.8790388488
28.62 38.562266567
28.64 38.1937039633
28.66 37.7744262491
28.68 37.3057260213
28.7 36.7891347461
28.72 36.2264462045
28.74 35.619740809
28.76 34.9714092924
28.78 34.2841739036
28.8 33.5611049507
28.82 32.8056303619
28.84 32.0215359369
28.86 31.212954163
28.88 30.3843398931
28.9 29.5404318355
28.92 28.6861996416
28.94 27.8267773608
28.96 26.9673850695
28.98 26.1132414749
29.0 25.2694711429
29.02 24.4410105987
29.04 23.6325178224
29.06 22.8482895733
29.08 22.0921905278
29.1 21.3675974476
29.12 20.6773606045
29.14 20.0237835701
29.16 19.4086213568
29.18 18.833095882
29.2 18.2979268842
29.22 17.8033758289
29.24 17.3492999889
29.26 16.9352137788
29.28 16.5603545156
29.3 16.2237500195
29.32 15.9242858045
29.34 15.6607699856
29.36 15.4319944034
29.38 15.2367908096
29.4 15.0740812457
29.42 14.9429219807
29.44 14.8425405433
29.46 14.77236551
29.48 14.7320487907
29.5 14.7214802055
29.52 14.7407941834
29.54 14.7903684362
29.56 14.8708144944
29.58 14.9829600293
29.6 15.1278229433
29.62 15.3065773043
29.64 15.520511324
29.66 15.7709777617
29.68 16.0593373653
29.7 16.3868962604
29.72 16.754838547
29.74 17.1641557634
29.76 17.6155752988
29.78 18.1094902408
29.8 18.6458934951
29.82 19.2243192449
29.84 19.8437948799
29.86 20.5028063669
29.88 21.199279624
29.9 21.9305797879
29.92 22.6935293657
29.94 23.4844451888
29.96 24.299192929
29.98 25.1332568202
30.0 25.981821243
30.02 26.8398601122
30.04 27.7022296009
30.06 28.5637597044
30.08 29.4193404693
30.1 30.2639993436
30.12 31.0929669646
30.14 31.9017296877
30.16 32.6860681713
30.18 33.4420822699
30.2 34.1662032911
30.22 34.8551952681
30.24 35.5061472966
30.26 36.1164591601
30.28 36.683822458
30.3 37.2061992853
30.32 37.6818002339
30.34 38.1090631331
30.36 38.4866335724
30.38 38.8133478753
30.4 39.0882188601
30.42 39.3104244511
30.44 39.4792990023
30.46 39.5943270788
30.48 39.6551394022
30.5 39.6615106971
30.52 39.6133592658
30.54 39.5107482404
30.56 39.3538885994
30.58 39.1431441608
30.6 38.8790388488
30.62 38.562266567
30.64 38.1937039633
30.66 37.774426249
30.68 37.3057260213
30.7 36.7891347461
30.72 36.2264462045
30.74 35.619740809
30.76 34.9714092923
30.78 34.2841739036
30.8 33.5611049507
30.82 32.8056303618
30.84 32.0215359369
30.86 31.212954163
30.88 30.384339893
30.9 29.5404318355
30.92 28.6861996416
30.94 27.8267773608
30.96 26.9673850696
30.98 26.1132414749
31.0 25.2694711429
31.02 24.4410105987
31.04 23.6325178224
31.06 22.8482895734
31.08 22.0921905278
31.1 21.3675974476
31.12 20.6773606046
31.14 20.0237835701
31.16 19.4086213568
31.18 18.833095882
31.2 18.2979268842
31.22 17.8033758289
31.24 17.3492999889
31.26 16.9352137788
31.28 16.5603545156
31.3 16.2237500195
31.32 15.9242858045
31.34 15.6607699856
31.36 15.4319944035
31.38 15.2367908095
31.4 15.0740812457
31.42 14.9429219807
31.44 14.8425405433
31.46 14.77236551
31.48 14.7320487907
31.5 14.7214802055
31.52 14.7407941834
31.54 14.7903684362
31.56 14.8708144944
31.58 14.9829600293
31.6 15.1278229433
31.62 15.3065773043
31.64 15.520511324
31.66 15.7709777617
31.68 16.0593373653
31.7 16.3868962604
31.72 16.754838547
31.74 17.1641557635
31.76 17.6155752988
31.78 18.1094902408
31.8 18.6458934951
31.82 19.224319245
31.84 19.8437948798
31.86 20.5028063669
31.88 21.1992796241
31.9 21.9305797879
31.92 22.6935293658
31.94 23.4844451887
31.96 24.299192929
31.98 25.1332568202
32.0 25.981821243
32.02 26.8398601122
32.04 27.7022296009
32.06 28.5637597044
32.08 29.4193404693
32.1 30.2639993436
32.12 31.0929669645
32.14 31.9017296877
32.16 32.6860681712
32.18 33.4420822699
32.2 34.1662032911
32.22 34.8551952681
32.24 35.5061472966
32.26 36.1164591601
32.28 36.683822458
32.3 37.2061992853
32.32 37.6818002339
32.34 38.1090631331
32.36 38.4866335724
32.38 38.8133478753
32.4 39.0882188601
32.42 39.3104244511
32.44 39.4792990023
32.46 39.5943270788
32.48 39.6551394022
32.5 39.6615106971
32.52 39.6133592658
32.54 39.5107482404
32.56 39.3538885994
32.58 39.1431441608
32.6 38.8790388488
32.62 38.562266567
32.64 38.1937039633
32.66 37.774426249
32.68 37.3057260213
32.7 36.7891347461
32.72 36.2264462045
32.74 35.619740809
32.76 34.9714092923
32.78 34.2841739036
32.8 33.5611049507
32.82 32.8056303618
32.84 32.0215359369
32.86 31.2129541629
32.88 30.3843398931
32.9 29.5404318355
32.92 28.6861996416
32.94 27.8267773608
32.96 26.9673850696
32.98 26.1132414749
33.0 25.2694711429
33.02 24.4410105987
33.04 23.6325178224
33.06 22.8482895733
33.08 22.0921905278
33.1 21.3675974476
33.12 20.6773606045
33.14 20.02378357
33.16 19.4086213569
33.18 18.833095882
33.2 18.2979268842
33.22 17.8033758289
33.24 17.3492999889
33.26 16.9352137788
33.28 16.5603545156
33.3 16.2237500195
33.32 15.9242858045
33.34 15.6607699856
33.36 15.4319944034
33.38 15.2367908096
33.4 15.0740812457
33.42 14.9429219807
33.44 14.8425405433
33.46 14.77236551
33.48 14.7320487907
33.5 14.7214802055
33.52 14.7407941834
33.54 14.7903684362
33.56 14.8708144944
33.58 14.9829600293
33.6 15.1278229433
33.62 15.3065773043
33.64 15.520511324
33.66 15.7709777617
33.68 16.0593373653
33.7 16.3868962605
33.72 16.754838547
33.74 17.1641557635
33.76 17.6155752988
33.78 18.1094902408
33.8 18.6458934951
33.82 19.2243192449
33.84 19.8437948798
33.86 20.5028063669
33.88 21.199279624
33.9 21.9305797879
33.92 22.6935293658
33.94 23.4844451888
33.96 24.2991929291
33.98 25.1332568202
34.0 25.981821243
34.02 26.8398601122
34.04 27.7022296009
34.06 28.5637597044
34.08 29.4193404694
34.1 30.2639993436
34.12 31.0929669645
34.14 31.9017296877
34.16 32.6860681712
34.18 33.4420822699
34.2 34.1662032911
34.22 34.8551952681
34.24 35.5061472966
34.26 36.1164591601
34.28 36.683822458
34.3 37.2061992853
34.32 37.6818002339
34.34 38.1090631331
34.36 38.4866335724
34.38 38.8133478753
34.4 39.0882188601
34.42 39.3104244511
34.44 39.4792990023
34.46 39.5943270788
34.48 39.6551394022
34.5 39.6615106971
34.52 39.6133592658
34.54 39.5107482404
34.56 39.3538885994
34.58 39.1431441608
34.6 38.8790388488
34.62 38.562266567
34.64 38.1937039633
34.66 37.774426249
34.68 37.3057260213
34.7 36.7891347461
34.72 36.2264462045
34.74 35.619740809
34.76 34.9714092924
34.78 34.2841739036
34.8 33.5611049507
34.82 32.8056303618
34.84 32.0215359369
34.86 31.212954163
34.88 30.3843398931
34.9 29.5404318355
34.92 28.6861996416
34.94 27.8267773608
34.96 26.9673850695
34.98 26.1132414749
35.0 25.2694711429
35.02 24.4410105987
35.04 23.6325178224
35.06 22.8482895733
35.08 22.0921905278
35.1 21.3675974476
35.12 20.6773606045
35.14 20.0237835701
35.16 19.4086213568
35.18 18.833095882
35.2 18.2979268842
35.22 17.8033758289
35.24 17.3492999889
35.26 16.9352137788
35.28 16.5603545156
35.3 16.2237500195
35.32 15.9242858045
35.34 15.6607699856
35.36 15.4319944035
35.38 15.2367908096
35.4 15.0740812457
35.42 14.9429219808
35.44 14.8425405433
35.46 14.77236551
35.48 14.7320487907
35.5 14.7214802055
35.52 14.7407941834
35.54 14.7903684362
35.56 14.8708144944
35.58 14.9829600293
35.6 15.1278229433
35.62 15.3065773043
35.64 15.520511324
35.66 15.7709777617
35.68 16.0593373653
35.7 16.3868962604
35.72 16.754838547
35.74 17.1641557634
35.76 17.6155752988
35.78 18.1094902408
35.8 18.6458934951
35.82 19.2243192449
35.84 19.8437948798
35.86 20.5028063669
35.88 21.199279624
35.9 21.9305797879
35.92 22.6935293657
35.94 23.4844451888
35.96 24.299192929
35.98 25.1332568202
36.0 25.981821243
36.02 26.8398601122
36.04 27.7022296009
36.06 28.5637597044
36.08 29.4193404693
36.1 30.2639993436
36.12 31.0929669645
36.14 31.9017296877
36.16 32.6860681713
36.18 33.4420822699
36.2 34.1662032911
36.22 34.8551952681
36.24 35.5061472966
36.26 36.1164591601
36.28 36.683822458
36.3 37.2061992853
36.32 37.6818002339
36.34 38.1090631331
36.36 38.4866335724
36.38 38.8133478753
36.4 39.0882188601
36.42 39.3104244511
36.44 39.4792990023
36.46 39.5943270788
36.48 39.6551394022
36.5 39.6615106971
36.52 39.6133592658
36.54 39.5107482404
36.56 39.3538885994
36.58 39.1431441608
36.6 38.8790388488
36.62 38.562266567
36.64 38.1937039633
36.66 37.774426249
36.68 37.3057260213
36.7 36.7891347461
36.72 36.2264462045
36.74 35.619740809
36.76 34.9714092924
36.78 34.2841739036
36.8 33.5611049507
36.82 32.8056303618
36.84 32.0215359369
36.86 31.212954163
36.88 30.3843398931
36.9 29.5404318355
36.92 28.6861996416
36.94 27.8267773608
36.96 26.9673850696
36.98 26.1132414749
37.0 25.2694711429
37.02 24.4410105987
37.04 23.6325178224
37.06 22.8482895734
37.08 22.0921905278
37.1 21.3675974476
37.12 20.6773606046
37.14 20.0237835701
37.16 19.4086213568
37.18 18.833095882
37.2 18.2979268842
37.22 17.8033758289
37.24 17.3492999889
37.26 16.9352137788
37.28 16.5603545156
37.3 16.2237500195
37.32 15.9242858045
37.34 15.6607699856
37.36 15.4319944035
37.38 15.2367908095
37.4 15.0740812457
37.42 14.9429219807
37.44 14.8425405434
37.46 14.77236551
37.48 14.7320487907
37.5 14.7214802055
37.52 14.7407941834
37.54 14.7903684362
37.56 14.8708144944
37.58 14.9829600293
37.6 15.1278229433
37.62 15.3065773043
37.64 15.520511324
37.66 15.7709777617
37.68 16.0593373653
37.7 16.3868962604
37.72 16.754838547
37.74 17.1641557635
37.76 17.6155752988
37.78 18.1094902408
37.8 18.6458934951
37.82 19.224319245
37.84 19.8437948798
37.86 20.5028063669
37.88 21.1992796241
37.9 21.9305797879
37.92 22.6935293658
37.94 23.4844451887
37.96 24.2991929291
37.98 25.1332568202
38.0 25.981821243
38.02 26.8398601122
38.04 27.7022296009
38.06 28.5637597044
38.08 29.4193404693
38.1 30.2639993436
38.12 31.0929669645
38.14 31.9017296877
38.16 32.6860681712
38.18 33.4420822699
38.2 34.1662032911
38.22 34.8551952681
38.24 35.5061472966
38.26 36.1164591601
38.28 36.683822458
38.3 37.2061992853
38.32 37.6818002339
38.34 38.1090631331
38.36 38.4866335724
38.38 38.8133478753
38.4 39.0882188601
38.42 39.3104244511
38.44 39.4792990023
38.46 39.5943270788
38.48 39.6551394022
38.5 39.6615106971
38.52 39.6133592658
38.54 39.5107482404
38.56 39.3538885994
38.58 39.1431441608
38.6 38.8790388488
38.62 38.562266567
38.64 38.1937039633
38.66 37.7744262491
38.68 37.3057260213
38.7 36.7891347461
38.72 36.2264462045
38.74 35.619740809
38.76 34.9714092923
38.78 34.2841739036
38.8 33.5611049507
38.82 32.8056303618
38.84 32.0215359369
38.86 31.2129541629
38.88 30.3843398931
38.9 29.5404318355
38.92 28.6861996416
38.94 27.8267773608
38.96 26.9673850695
38.98 26.1132414749
39.0 25.2694711429
39.02 24.4410105987
39.04 23.6325178224
39.06 22.8482895734
39.08 22.0921905278
39.1 21.3675974476
39.12 20.6773606045
39.14 20.02378357
39.16 19.4086213568
39.18 18.833095882
39.2 18.2979268841
39.22 17.8033758289
39.24 17.3492999889
39.26 16.9352137788
39.28 16.5603545156
39.3 16.2237500195
39.32 15.9242858045
39.34 15.6607699856
39.36 15.4319944034
39.38 15.2367908096
39.4 15.0740812457
39.42 14.9429219808
39.44 14.8425405433
39.46 14.77236551
39.48 14.7320487907
39.5 14.7214802055
39.52 14.7407941834
39.54 14.7903684362
39.56 14.8708144944
39.58 14.9829600293
39.6 15.1278229433
39.62 15.3065773043
39.64 15.520511324
39.66 15.7709777617
39.68 16.0593373653
39.7 16.3868962604
39.72 16.754838547
39.74 17.1641557635
39.76 17.6155752988
39.78 18.1094902408
39.8 18.6458934951
39.82 19.2243192449
39.84 19.8437948798
39.86 20.5028063669
39.88 21.199279624
39.9 21.9305797879
39.92 22.6935293658
39.94 23.4844451887
39.96 24.2991929291
39.98 25.1332568202
