0.0 1.5506086418
0.02 1.60603447861
0.04 1.65909393864
0.06 1.70955505982
0.08 1.75724227556
0.1 1.80203572577
0.12 1.84386857704
0.14 1.88272261908
0.16 1.91862247214
0.18 1.9516287807
0.2 1.98183078355
0.22 2.009338642
0.24 2.03427588014
0.26 2.05677224794
0.28 2.07695726256
0.3 2.09495462095
0.32 2.11087761004
0.34 2.12482557355
0.36 2.13688143066
0.38 2.14711018409
0.4 2.15555830698
0.42 2.16225386271
0.44 2.16720719024
0.46 2.17041198221
0.48 2.17184659318
0.5 2.17147543968
0.52 2.16925038984
0.54 2.16511208452
0.56 2.15899117903
0.58 2.15080953985
0.6 2.14048147014
0.62 2.12791506502
0.64 2.11301381211
0.66 2.09567855041
0.68 2.07580988275
0.7 2.05331110484
0.72 2.02809166968
0.74 2.00007115477
0.76 1.96918364521
0.78 1.93538239394
0.8 1.89864457504
0.82 1.85897591319
0.84 1.81641495223
0.86 1.7710367238
0.88 1.72295559012
0.9 1.67232706459
0.92 1.61934845652
0.94 1.56425823901
0.96 1.50733409839
0.98 1.44888968558
1.0 1.38927015093
1.02 1.32884660143
1.04 1.26800967021
1.06 1.20716243054
1.08 1.14671291863
1.1 1.08706654972
1.12 1.02861871882
1.14 0.971747870547
1.16 0.91680930083
1.18 0.864129919034
1.2 0.814004151593
1.22 0.766691112943
1.24 0.722413107469
1.26 0.681355462864
1.28 0.643667633266
1.3 0.609465454304
1.32 0.578834383667
1.34 0.551833521969
1.36 0.528500180884
1.38 0.508854748797
1.4 0.492905597595
1.42 0.480653778778
1.44 0.472097269232
1.46 0.467234549614
1.48 0.466067325864
1.5 0.468602240926
1.52 0.474851464808
1.54 0.484832097293
1.56 0.498564369013
1.58 0.516068680306
1.6 0.537361573286
1.62 0.562450790268
1.64 0.59132962686
1.66 0.623970841229
1.68 0.660320427163
1.7 0.700291595812
1.72 0.74375933422
1.74 0.790555914785
1.76 0.840467714645
1.78 0.893233663808
1.8 0.948545575508
1.82 1.00605052129
1.84 1.06535530097
1.86 1.1260329306
1.88 1.18763093808
1.9 1.2496811299
1.92 1.31171038206
1.94 1.3732519293
1.96 1.43385658309
1.98 1.49310330968
2.0 1.5506086418
2.02 1.60603447861
2.04 1.65909393864
2.06 1.70955505982
2.08 1.75724227556
2.1 1.80203572577
2.12 1.84386857704
2.14 1.88272261908
2.16 1.91862247214
2.18 1.9516287807
2.2 1.98183078355
2.22 2.009338642
2.24 2.03427588014
2.26 2.05677224794
2.28 2.07695726256
2.3 2.09495462095
2.32 2.11087761004
2.34 2.12482557355
2.36 2.13688143066
2.38 2.14711018408
2.4 2.15555830698
2.42 2.16225386271
2.44 2.16720719024
2.46 2.17041198221
2.48 2.17184659318
2.5 2.17147543968
2.52 2.16925038984
2.54 2.16511208452
2.56 2.15899117903
2.58 2.15080953985
2.6 2.14048147014
2.62 2.12791506502
2.64 2.11301381211
2.66 2.09567855041
2.68 2.07580988275
2.7 2.05331110484
2.72 2.02809166968
2.74 2.00007115477
2.76 1.96918364521
2.78 1.93538239394
2.8 1.89864457504
2.82 1.85897591319
2.84 1.81641495223
2.86 1.7710367238
2.88 1.72295559012
2.9 1.67232706459
2.92 1.61934845652
2.94 1.56425823901
2.96 1.50733409839
2.98 1.44888968558
3.0 1.38927015093
3.02 1.32884660143
3.04 1.26800967021
3.06 1.20716243054
3.08 1.14671291863
3.1 1.08706654972
3.12 1.02861871882
3.14 0.971747870547
3.16 0.91680930083
3.18 0.864129919034
3.2 0.814004151593
3.22 0.766691112941
3.24 0.72241310747
3.26 0.681355462866
3.28 0.643667633263
3.3 0.609465454308
3.32 0.578834383665
3.34 0.551833521969
3.36 0.528500180884
3.38 0.508854748793
3.4 0.492905597604
3.42 0.48065377877
3.44 0.472097269235
3.46 0.467234549611
3.48 0.466067325866
3.5 0.468602240926
3.52 0.474851464808
3.54 0.484832097293
3.56 0.498564369013
3.58 0.516068680306
3.6 0.537361573286
3.62 0.562450790268
3.64 0.591329626858
3.66 0.623970841233
3.68 0.660320427161
3.7 0.700291595811
3.72 0.743759334221
3.74 0.790555914787
3.76 0.840467714644
3.78 0.893233663808
3.8 0.948545575508
3.82 1.00605052129
3.84 1.06535530097
3.86 1.1260329306
3.88 1.18763093808
3.9 1.2496811299
3.92 1.31171038206
3.94 1.3732519293
3.96 1.43385658309
3.98 1.49310330968
4.0 1.5506086418
4.02 1.60603447861
4.04 1.65909393864
4.06 1.70955505982
4.08 1.75724227556
4.1 1.80203572577
4.12 1.84386857704
4.14 1.88272261908
4.16 1.91862247214
4.18 1.9516287807
4.2 1.98183078355
4.22 2.009338642
4.24 2.03427588014
4.26 2.05677224794
4.28 2.07695726256
4.3 2.09495462095
4.32 2.11087761004
4.34 2.12482557355
4.36 2.13688143066
4.38 2.14711018409
4.4 2.15555830698
4.42 2.16225386271
4.44 2.16720719024
4.46 2.17041198221
4.48 2.17184659318
4.5 2.17147543968
4.52 2.16925038984
4.54 2.16511208452
4.56 2.15899117903
4.58 2.15080953985
4.6 2.14048147014
4.62 2.12791506502
4.64 2.11301381211
4.66 2.09567855041
4.68 2.07580988275
4.7 2.05331110484
4.72 2.02809166968
4.74 2.00007115477
4.76 1.96918364521
4.78 1.93538239394
4.8 1.89864457504
4.82 1.85897591319
4.84 1.81641495223
4.86 1.7710367238
4.88 1.72295559012
4.9 1.67232706459
4.92 1.61934845652
4.94 1.56425823901
4.96 1.50733409839
4.98 1.44888968558
5.0 1.38927015093
5.02 1.32884660143
5.04 1.26800967021
5.06 1.20716243054
5.08 1.14671291863
5.1 1.08706654972
5.12 1.02861871882
5.14 0.971747870548
5.16 0.91680930083
5.18 0.864129919034
5.2 0.814004151593
5.22 0.766691112943
5.24 0.722413107469
5.26 0.681355462864
5.28 0.643667633265
5.3 0.609465454308
5.32 0.578834383665
5.34 0.551833521969
5.36 0.528500180884
5.38 0.508854748793
5.4 0.492905597602
5.42 0.480653778772
5.44 0.472097269236
5.46 0.467234549612
5.48 0.466067325864
5.5 0.468602240926
5.52 0.474851464808
5.54 0.484832097293
5.56 0.498564369013
5.58 0.516068680306
5.6 0.537361573286
5.62 0.562450790268
5.64 0.59132962686
5.66 0.623970841229
5.68 0.660320427163
5.7 0.700291595812
5.72 0.743759334219
5.74 0.790555914789
5.76 0.840467714644
5.78 0.893233663808
5.8 0.948545575508
5.82 1.00605052129
5.84 1.06535530097
5.86 1.1260329306
5.88 1.18763093808
5.9 1.24968112989
5.92 1.31171038206
5.94 1.3732519293
5.96 1.43385658309
5.98 1.49310330968
6.0 1.5506086418
6.02 1.60603447861
6.04 1.65909393864
6.06 1.70955505982
6.08 1.75724227556
6.1 1.80203572577
6.12 1.84386857704
6.14 1.88272261908
6.16 1.91862247214
6.18 1.9516287807
6.2 1.98183078355
6.22 2.009338642
6.24 2.03427588014
6.26 2.05677224794
6.28 2.07695726256
6.3 2.09495462095
6.32 2.11087761004
6.34 2.12482557355
6.36 2.13688143066
6.38 2.14711018408
6.4 2.15555830698
6.42 2.16225386271
6.44 2.16720719024
6.46 2.17041198221
6.48 2.17184659318
6.5 2.17147543968
6.52 2.16925038984
6.54 2.16511208452
6.56 2.15899117903
6.58 2.15080953986
6.6 2.14048147014
6.62 2.12791506502
6.64 2.11301381211
6.66 2.09567855041
6.68 2.07580988275
6.7 2.05331110484
6.72 2.02809166969
6.74 2.00007115477
6.76 1.96918364522
6.78 1.93538239393
6.8 1.89864457504
6.82 1.85897591319
6.84 1.81641495223
6.86 1.7710367238
6.88 1.72295559011
6.9 1.67232706459
6.92 1.61934845652
6.94 1.56425823901
6.96 1.50733409839
6.98 1.44888968558
7.0 1.38927015093
7.02 1.32884660143
7.04 1.26800967021
7.06 1.20716243055
7.08 1.14671291863
7.1 1.08706654971
7.12 1.02861871882
7.14 0.971747870546
7.16 0.916809300833
7.18 0.864129919033
7.2 0.814004151593
7.22 0.766691112943
7.24 0.722413107467
7.26 0.681355462867
7.28 0.643667633265
7.3 0.609465454304
7.32 0.578834383669
7.34 0.551833521966
7.36 0.528500180886
7.38 0.508854748793
7.4 0.492905597604
7.42 0.48065377877
7.44 0.472097269234
7.46 0.467234549614
7.48 0.466067325864
7.5 0.468602240924
7.52 0.474851464812
7.54 0.484832097291
7.56 0.498564369013
7.58 0.516068680306
7.6 0.537361573286
7.62 0.562450790268
7.64 0.59132962686
7.66 0.623970841229
7.68 0.660320427163
7.7 0.700291595812
7.72 0.74375933422
7.74 0.790555914785
7.76 0.840467714645
7.78 0.893233663808
7.8 0.948545575508
7.82 1.00605052129
7.84 1.06535530097
7.86 1.12603293059
7.88 1.18763093808
7.9 1.24968112989
7.92 1.31171038206
7.94 1.3732519293
7.96 1.43385658309
7.98 1.49310330968
8.0 1.5506086418
8.02 1.60603447861
8.04 1.65909393864
8.06 1.70955505982
8.08 1.75724227556
8.1 1.80203572577
8.12 1.84386857704
8.14 1.88272261908
8.16 1.91862247214
8.18 1.9516287807
8.2 1.98183078355
8.22 2.009338642
8.24 2.03427588014
8.26 2.05677224794
8.28 2.07695726256
8.3 2.09495462095
8.32 2.11087761004
8.34 2.12482557355
8.36 2.13688143066
8.38 2.14711018408
8.4 2.15555830698
8.42 2.16225386271
8.44 2.16720719024
8.46 2.17041198221
8.48 2.17184659318
8.5 2.17147543968
8.52 2.16925038984
8.54 2.16511208452
8.56 2.15899117903
8.58 2.15080953985
8.6 2.14048147014
8.62 2.12791506502
8.64 2.11301381211
8.66 2.09567855041
8.68 2.07580988275
8.7 2.05331110484
8.72 2.02809166968
8.74 2.00007115477
8.76 1.96918364521
8.78 1.93538239394
8.8 1.89864457504
8.82 1.85897591319
8.84 1.81641495223
8.86 1.7710367238
8.88 1.72295559012
8.9 1.67232706459
8.92 1.61934845652
8.94 1.56425823901
8.96 1.50733409839
8.98 1.44888968558
9.0 1.38927015093
9.02 1.32884660143
9.04 1.26800967021
9.06 1.20716243054
9.08 1.14671291863
9.1 1.08706654972
9.12 1.02861871882
9.14 0.971747870547
9.16 0.916809300832
9.18 0.864129919033
9.2 0.814004151595
9.22 0.766691112938
9.24 0.722413107473
9.26 0.681355462864
9.28 0.643667633265
9.3 0.609465454303
9.32 0.57883438367
9.34 0.551833521965
9.36 0.52850018089
9.38 0.508854748794
9.4 0.492905597595
9.42 0.480653778776
9.44 0.472097269237
9.46 0.467234549609
9.48 0.466067325866
9.5 0.468602240926
9.52 0.474851464808
9.54 0.484832097293
9.56 0.498564369013
9.58 0.516068680306
9.6 0.537361573287
9.62 0.562450790265
9.64 0.591329626862
9.66 0.62397084123
9.68 0.660320427161
9.7 0.700291595813
9.72 0.74375933422
9.74 0.790555914786
9.76 0.840467714643
9.78 0.893233663808
9.8 0.948545575512
9.82 1.00605052128
9.84 1.06535530097
9.86 1.12603293059
9.88 1.18763093808
9.9 1.24968112989
9.92 1.31171038206
9.94 1.3732519293
9.96 1.43385658309
9.98 1.49310330967
10.0 1.5506086418
10.02 1.60603447862
10.04 1.65909393863
10.06 1.70955505982
10.08 1.75724227556
10.1 1.80203572577
10.12 1.84386857704
10.14 1.88272261909
10.16 1.91862247214
10.18 1.9516287807
10.2 1.98183078355
10.22 2.009338642
10.24 2.03427588014
10.26 2.05677224794
10.28 2.07695726256
10.3 2.09495462095
10.32 2.11087761004
10.34 2.12482557355
10.36 2.13688143066
10.38 2.14711018409
10.4 2.15555830698
10.42 2.16225386271
10.44 2.16720719024
10.46 2.17041198221
10.48 2.17184659318
10.5 2.17147543968
10.52 2.16925038984
10.54 2.16511208452
10.56 2.15899117903
10.58 2.15080953985
10.6 2.14048147014
10.62 2.12791506502
10.64 2.11301381211
10.66 2.09567855041
10.68 2.07580988275
10.7 2.05331110484
10.72 2.02809166968
10.74 2.00007115477
10.76 1.96918364521
10.78 1.93538239394
10.8 1.89864457504
10.82 1.85897591319
10.84 1.81641495223
10.86 1.7710367238
10.88 1.72295559012
10.9 1.67232706459
10.92 1.61934845652
10.94 1.56425823901
10.96 1.50733409839
10.98 1.44888968558
11.0 1.38927015093
11.02 1.32884660143
11.04 1.26800967021
11.06 1.20716243055
11.08 1.14671291863
11.1 1.08706654972
11.12 1.02861871882
11.14 0.971747870548
11.16 0.916809300829
11.18 0.864129919036
11.2 0.814004151592
11.22 0.766691112943
11.24 0.722413107467
11.26 0.681355462867
11.28 0.643667633265
11.3 0.609465454304
11.32 0.578834383669
11.34 0.551833521966
11.36 0.528500180888
11.38 0.508854748788
11.4 0.492905597605
11.42 0.480653778774
11.44 0.472097269232
11.46 0.467234549614
11.48 0.466067325864
11.5 0.468602240926
11.52 0.474851464808
11.54 0.484832097289
11.56 0.498564369021
11.58 0.516068680299
11.6 0.537361573293
11.62 0.562450790263
11.64 0.591329626862
11.66 0.623970841229
11.68 0.660320427163
11.7 0.700291595812
11.72 0.74375933422
11.74 0.790555914785
11.76 0.840467714645
11.78 0.89323366381
11.8 0.948545575507
11.82 1.00605052129
11.84 1.06535530097
11.86 1.12603293059
11.88 1.18763093808
11.9 1.2496811299
11.92 1.31171038206
11.94 1.3732519293
11.96 1.43385658309
11.98 1.49310330967
12.0 1.55060864181
12.02 1.60603447861
12.04 1.65909393864
12.06 1.70955505982
12.08 1.75724227556
12.1 1.80203572577
12.12 1.84386857704
12.14 1.88272261908
12.16 1.91862247214
12.18 1.9516287807
12.2 1.98183078355
12.22 2.009338642
12.24 2.03427588014
12.26 2.05677224794
12.28 2.07695726256
12.3 2.09495462095
12.32 2.11087761004
12.34 2.12482557355
12.36 2.13688143066
12.38 2.14711018408
12.4 2.15555830698
12.42 2.16225386271
12.44 2.16720719024
12.46 2.17041198221
12.48 2.17184659318
12.5 2.17147543968
12.52 2.16925038983
12.54 2.16511208452
12.56 2.15899117903
12.58 2.15080953985
12.6 2.14048147014
12.62 2.12791506502
12.64 2.11301381211
12.66 2.09567855041
12.68 2.07580988275
12.7 2.05331110484
12.72 2.02809166969
12.74 2.00007115477
12.76 1.96918364522
12.78 1.93538239394
12.8 1.89864457504
12.82 1.85897591319
12.84 1.81641495223
12.86 1.7710367238
12.88 1.72295559011
12.9 1.67232706459
12.92 1.61934845652
12.94 1.56425823901
12.96 1.50733409839
12.98 1.44888968558
13.0 1.38927015093
13.02 1.32884660144
13.04 1.26800967021
13.06 1.20716243055
13.08 1.14671291863
13.1 1.08706654972
13.12 1.02861871882
13.14 0.971747870546
13.16 0.916809300831
13.18 0.864129919037
13.2 0.814004151593
13.22 0.766691112938
13.24 0.722413107473
13.26 0.681355462863
13.28 0.643667633266
13.3 0.609465454303
13.32 0.578834383672
13.34 0.551833521962
13.36 0.528500180889
13.38 0.508854748796
13.4 0.4929055976
13.42 0.480653778774
13.44 0.472097269234
13.46 0.467234549611
13.48 0.466067325866
13.5 0.468602240924
13.52 0.474851464812
13.54 0.484832097287
13.56 0.498564369021
13.58 0.516068680302
13.6 0.537361573289
13.62 0.56245079026
13.64 0.591329626864
13.66 0.623970841229
13.68 0.660320427163
13.7 0.700291595812
13.72 0.74375933422
13.74 0.790555914788
13.76 0.840467714638
13.78 0.893233663813
13.8 0.948545575509
13.82 1.00605052128
13.84 1.06535530097
13.86 1.1260329306
13.88 1.18763093808
13.9 1.24968112989
13.92 1.31171038206
13.94 1.3732519293
13.96 1.43385658309
13.98 1.49310330967
14.0 1.55060864181
14.02 1.60603447861
14.04 1.65909393863
14.06 1.70955505982
14.08 1.75724227556
14.1 1.80203572577
14.12 1.84386857704
14.14 1.88272261909
14.16 1.91862247214
14.18 1.9516287807
14.2 1.98183078355
14.22 2.009338642
14.24 2.03427588014
14.26 2.05677224794
14.28 2.07695726256
14.3 2.09495462095
14.32 2.11087761004
14.34 2.12482557355
14.36 2.13688143066
14.38 2.14711018408
14.4 2.15555830698
14.42 2.16225386271
14.44 2.16720719024
14.46 2.17041198221
14.48 2.17184659318
14.5 2.17147543968
14.52 2.16925038984
14.54 2.16511208452
14.56 2.15899117903
14.58 2.15080953985
14.6 2.14048147014
14.62 2.12791506502
14.64 2.11301381211
14.66 2.09567855041
14.68 2.07580988275
14.7 2.05331110485
14.72 2.02809166968
14.74 2.00007115477
14.76 1.96918364522
14.78 1.93538239393
14.8 1.89864457504
14.82 1.85897591319
14.84 1.81641495223
14.86 1.7710367238
14.88 1.72295559011
14.9 1.67232706459
14.92 1.61934845652
14.94 1.56425823901
14.96 1.50733409839
14.98 1.44888968558
15.0 1.38927015093
15.02 1.32884660143
15.04 1.26800967021
15.06 1.20716243055
15.08 1.14671291863
15.1 1.08706654971
15.12 1.02861871883
15.14 0.971747870546
15.16 0.916809300828
15.18 0.864129919035
15.2 0.814004151596
15.22 0.766691112938
15.24 0.722413107471
15.26 0.681355462864
15.28 0.643667633266
15.3 0.609465454304
15.32 0.578834383669
15.34 0.551833521963
15.36 0.528500180894
15.38 0.508854748785
15.4 0.492905597605
15.42 0.480653778774
15.44 0.472097269232
15.46 0.467234549614
15.48 0.466067325864
15.5 0.468602240924
15.52 0.474851464812
15.54 0.484832097291
15.56 0.498564369013
15.58 0.516068680303
15.6 0.537361573293
15.62 0.562450790263
15.64 0.591329626862
15.66 0.623970841229
15.68 0.660320427163
15.7 0.700291595812
15.72 0.74375933422
15.74 0.790555914785
15.76 0.840467714646
15.78 0.893233663806
15.8 0.948545575509
15.82 1.00605052129
15.84 1.06535530097
15.86 1.1260329306
15.88 1.18763093808
15.9 1.2496811299
15.92 1.31171038206
15.94 1.3732519293
15.96 1.43385658309
15.98 1.49310330968
16.0 1.55060864181
16.02 1.60603447861
16.04 1.65909393864
16.06 1.70955505982
16.08 1.75724227556
16.1 1.80203572577
16.12 1.84386857705
16.14 1.88272261908
16.16 1.91862247214
16.18 1.9516287807
16.2 1.98183078355
16.22 2.009338642
16.24 2.03427588014
16.26 2.05677224794
16.28 2.07695726256
16.3 2.09495462095
16.32 2.11087761004
16.34 2.12482557355
16.36 2.13688143066
16.38 2.14711018408
16.4 2.15555830698
16.42 2.16225386271
16.44 2.16720719024
16.46 2.17041198221
16.48 2.17184659318
16.5 2.17147543968
16.52 2.16925038983
16.54 2.16511208452
16.56 2.15899117903
16.58 2.15080953985
16.6 2.14048147014
16.62 2.12791506502
16.64 2.11301381211
16.66 2.09567855041
16.68 2.07580988275
16.7 2.05331110484
16.72 2.02809166968
16.74 2.00007115477
16.76 1.96918364522
16.78 1.93538239393
16.8 1.89864457504
16.82 1.85897591319
16.84 1.81641495223
16.86 1.7710367238
16.88 1.72295559011
16.9 1.67232706459
16.92 1.61934845652
16.94 1.56425823901
16.96 1.50733409839
16.98 1.44888968558
17.0 1.38927015093
17.02 1.32884660143
17.04 1.26800967021
17.06 1.20716243054
17.08 1.14671291863
17.1 1.08706654971
17.12 1.02861871883
17.14 0.971747870546
17.16 0.916809300828
17.18 0.864129919035
17.2 0.814004151596
17.22 0.766691112938
17.24 0.722413107471
17.26 0.681355462864
17.28 0.643667633266
17.3 0.609465454304
17.32 0.578834383669
17.34 0.551833521963
17.36 0.528500180894
17.38 0.508854748785
17.4 0.492905597605
17.42 0.480653778772
17.44 0.472097269236
17.46 0.467234549612
17.48 0.466067325864
17.5 0.468602240926
17.52 0.474851464808
17.54 0.484832097293
17.56 0.498564369013
17.58 0.516068680306
17.6 0.537361573287
17.62 0.562450790265
17.64 0.591329626862
17.66 0.623970841229
17.68 0.660320427163
17.7 0.700291595812
17.72 0.743759334219
17.74 0.790555914789
17.76 0.840467714645
17.78 0.893233663804
17.8 0.948545575513
17.82 1.00605052128
17.84 1.06535530097
17.86 1.12603293059
17.88 1.18763093809
17.9 1.2496811299
17.92 1.31171038206
17.94 1.3732519293
17.96 1.43385658309
17.98 1.49310330968
18.0 1.5506086418
18.02 1.60603447861
18.04 1.65909393864
18.06 1.70955505982
18.08 1.75724227555
18.1 1.80203572577
18.12 1.84386857704
18.14 1.88272261908
18.16 1.91862247214
18.18 1.9516287807
18.2 1.98183078355
18.22 2.00933864199
18.24 2.03427588014
18.26 2.05677224794
18.28 2.07695726256
18.3 2.09495462095
18.32 2.11087761004
18.34 2.12482557355
18.36 2.13688143066
18.38 2.14711018409
18.4 2.15555830697
18.42 2.16225386271
18.44 2.16720719024
18.46 2.17041198221
18.48 2.17184659318
18.5 2.17147543968
18.52 2.16925038984
18.54 2.16511208452
18.56 2.15899117903
18.58 2.15080953986
18.6 2.14048147014
18.62 2.12791506502
18.64 2.11301381211
18.66 2.09567855041
18.68 2.07580988275
18.7 2.05331110484
18.72 2.02809166968
18.74 2.00007115477
18.76 1.96918364521
18.78 1.93538239393
18.8 1.89864457505
18.82 1.85897591319
18.84 1.81641495223
18.86 1.7710367238
18.88 1.72295559012
18.9 1.67232706459
18.92 1.61934845652
18.94 1.56425823901
18.96 1.50733409839
18.98 1.44888968558
19.0 1.38927015093
19.02 1.32884660144
19.04 1.26800967021
19.06 1.20716243054
19.08 1.14671291863
19.1 1.08706654972
19.12 1.02861871882
19.14 0.971747870547
19.16 0.916809300831
19.18 0.864129919037
19.2 0.814004151593
19.22 0.766691112938
19.24 0.722413107473
19.26 0.681355462863
19.28 0.643667633265
19.3 0.609465454303
19.32 0.578834383674
19.34 0.551833521962
19.36 0.528500180887
19.38 0.5088547488
19.4 0.492905597592
19.42 0.480653778778
19.44 0.472097269234
19.46 0.467234549611
19.48 0.466067325866
19.5 0.468602240924
19.52 0.474851464812
19.54 0.484832097288
19.56 0.49856436902
19.58 0.516068680304
19.6 0.537361573284
19.62 0.562450790267
19.64 0.591329626862
19.66 0.62397084123
19.68 0.660320427159
19.7 0.700291595816
19.72 0.74375933422
19.74 0.790555914786
19.76 0.840467714639
19.78 0.893233663813
19.8 0.948545575509
19.82 1.00605052128
19.84 1.06535530097
19.86 1.12603293059
19.88 1.18763093808
19.9 1.24968112989
19.92 1.31171038206
19.94 1.3732519293
19.96 1.43385658309
19.98 1.49310330967
20.0 1.55060864181
20.02 1.60603447861
20.04 1.65909393863
20.06 1.70955505982
20.08 1.75724227556
20.1 1.80203572577
20.12 1.84386857704
20.14 1.88272261909
20.16 1.91862247214
20.18 1.9516287807
20.2 1.98183078355
20.22 2.009338642
20.24 2.03427588014
20.26 2.05677224794
20.28 2.07695726256
20.3 2.09495462095
20.32 2.11087761004
20.34 2.12482557355
20.36 2.13688143066
20.38 2.14711018409
20.4 2.15555830697
20.42 2.16225386271
20.44 2.16720719024
20.46 2.17041198221
20.48 2.17184659318
20.5 2.17147543968
20.52 2.16925038984
20.54 2.16511208452
20.56 2.15899117903
20.58 2.15080953985
20.6 2.14048147014
20.62 2.12791506502
20.64 2.11301381212
20.66 2.09567855041
20.68 2.07580988275
20.7 2.05331110484
20.72 2.02809166968
20.74 2.00007115477
20.76 1.96918364522
20.78 1.93538239393
20.8 1.89864457504
20.82 1.85897591319
20.84 1.81641495223
20.86 1.7710367238
20.88 1.72295559012
20.9 1.67232706459
20.92 1.61934845652
20.94 1.56425823901
20.96 1.50733409839
20.98 1.44888968558
21.0 1.38927015094
21.02 1.32884660143
21.04 1.26800967022
21.06 1.20716243054
21.08 1.14671291864
21.1 1.08706654971
21.12 1.02861871883
21.14 0.971747870546
21.16 0.91680930083
21.18 0.864129919032
21.2 0.814004151598
21.22 0.766691112938
21.24 0.722413107471
21.26 0.681355462864
21.28 0.643667633265
21.3 0.609465454308
21.32 0.578834383665
21.34 0.551833521969
21.36 0.52850018089
21.38 0.508854748782
21.4 0.492905597608
21.42 0.480653778772
21.44 0.472097269236
21.46 0.467234549612
21.48 0.466067325864
21.5 0.468602240924
21.52 0.474851464812
21.54 0.484832097291
21.56 0.498564369013
21.58 0.516068680306
21.6 0.537361573287
21.62 0.562450790265
21.64 0.591329626862
21.66 0.623970841229
21.68 0.660320427161
21.7 0.700291595818
21.72 0.743759334212
21.74 0.790555914792
21.76 0.840467714641
21.78 0.893233663811
21.8 0.948545575503
21.82 1.00605052129
21.84 1.06535530097
21.86 1.1260329306
21.88 1.18763093808
21.9 1.2496811299
21.92 1.31171038205
21.94 1.3732519293
21.96 1.43385658309
21.98 1.49310330968
22.0 1.5506086418
22.02 1.60603447861
22.04 1.65909393864
22.06 1.70955505982
22.08 1.75724227556
22.1 1.80203572577
22.12 1.84386857704
22.14 1.88272261909
22.16 1.91862247213
22.18 1.9516287807
22.2 1.98183078355
22.22 2.009338642
22.24 2.03427588013
22.26 2.05677224795
22.28 2.07695726256
22.3 2.09495462095
22.32 2.11087761004
22.34 2.12482557355
22.36 2.13688143066
22.38 2.14711018408
22.4 2.15555830698
22.42 2.16225386271
22.44 2.16720719024
22.46 2.17041198221
22.48 2.17184659318
22.5 2.17147543968
22.52 2.16925038984
22.54 2.16511208452
22.56 2.15899117903
22.58 2.15080953985
22.6 2.14048147014
22.62 2.12791506502
22.64 2.11301381212
22.66 2.09567855041
22.68 2.07580988276
22.7 2.05331110484
22.72 2.02809166969
22.74 2.00007115477
22.76 1.96918364522
22.78 1.93538239393
22.8 1.89864457505
22.82 1.85897591319
22.84 1.81641495223
22.86 1.7710367238
22.88 1.72295559012
22.9 1.67232706459
22.92 1.61934845652
22.94 1.56425823901
22.96 1.50733409839
22.98 1.44888968558
23.0 1.38927015093
23.02 1.32884660143
23.04 1.26800967022
23.06 1.20716243054
23.08 1.14671291863
23.1 1.08706654971
23.12 1.02861871883
23.14 0.971747870538
23.16 0.916809300834
23.18 0.86412991903
23.2 0.814004151603
23.22 0.766691112933
23.24 0.722413107473
23.26 0.681355462863
23.28 0.643667633266
23.3 0.6094654543
23.32 0.578834383677
23.34 0.551833521959
23.36 0.528500180894
23.38 0.508854748782
23.4 0.492905597611
23.42 0.480653778771
23.44 0.472097269232
23.46 0.467234549614
23.48 0.466067325866
23.5 0.468602240921
23.52 0.474851464813
23.54 0.484832097288
23.56 0.498564369014
23.58 0.516068680314
23.6 0.537361573279
23.62 0.562450790267
23.64 0.591329626862
23.66 0.62397084123
23.68 0.660320427161
23.7 0.700291595812
23.72 0.743759334219
23.74 0.790555914792
23.76 0.840467714638
23.78 0.893233663809
23.8 0.948545575509
23.82 1.00605052129
23.84 1.06535530097
23.86 1.12603293059
23.88 1.18763093808
23.9 1.2496811299
23.92 1.31171038205
23.94 1.37325192931
23.96 1.43385658309
23.98 1.49310330968
24.0 1.5506086418
24.02 1.60603447862
24.04 1.65909393863
24.06 1.70955505982
24.08 1.75724227556
24.1 1.80203572577
24.12 1.84386857704
24.14 1.88272261908
24.16 1.91862247214
24.18 1.9516287807
24.2 1.98183078355
24.22 2.00933864199
24.24 2.03427588014
24.26 2.05677224794
24.28 2.07695726256
24.3 2.09495462095
24.32 2.11087761004
24.34 2.12482557355
24.36 2.13688143066
24.38 2.14711018409
24.4 2.15555830697
24.42 2.16225386271
24.44 2.16720719024
24.46 2.17041198221
24.48 2.17184659318
24.5 2.17147543968
24.52 2.16925038984
24.54 2.16511208452
24.56 2.15899117903
24.58 2.15080953985
24.6 2.14048147014
24.62 2.12791506502
24.64 2.11301381212
24.66 2.09567855041
24.68 2.07580988275
24.7 2.05331110484
24.72 2.02809166968
24.74 2.00007115477
24.76 1.96918364522
24.78 1.93538239393
24.8 1.89864457504
24.82 1.85897591319
24.84 1.81641495223
24.86 1.7710367238
24.88 1.72295559012
24.9 1.67232706459
24.92 1.61934845652
24.94 1.56425823901
24.96 1.50733409839
24.98 1.44888968558
25.0 1.38927015093
25.02 1.32884660143
25.04 1.26800967021
25.06 1.20716243054
25.08 1.14671291863
25.1 1.08706654972
25.12 1.02861871882
25.14 0.971747870546
25.16 0.91680930083
25.18 0.86412991903
25.2 0.814004151602
25.22 0.766691112935
25.24 0.722413107473
25.26 0.681355462863
25.28 0.643667633265
25.3 0.609465454307
25.32 0.578834383667
25.34 0.551833521968
25.36 0.528500180881
25.38 0.508854748799
25.4 0.4929055976
25.42 0.480653778772
25.44 0.472097269237
25.46 0.467234549609
25.48 0.466067325866
25.5 0.468602240926
25.52 0.474851464808
25.54 0.484832097293
25.56 0.498564369013
25.58 0.516068680306
25.6 0.537361573287
25.62 0.562450790265
25.64 0.591329626862
25.66 0.623970841229
25.68 0.660320427161
25.7 0.700291595818
25.72 0.743759334215
25.74 0.790555914787
25.76 0.840467714644
25.78 0.893233663808
25.8 0.948545575514
25.82 1.00605052128
25.84 1.06535530097
25.86 1.12603293059
25.88 1.18763093809
25.9 1.24968112989
25.92 1.31171038206
25.94 1.3732519293
25.96 1.4338565831
25.98 1.49310330967
26.0 1.5506086418
26.02 1.60603447861
26.04 1.65909393864
26.06 1.70955505982
26.08 1.75724227556
26.1 1.80203572578
26.12 1.84386857704
26.14 1.88272261909
26.16 1.91862247214
26.18 1.9516287807
26.2 1.98183078356
26.22 2.00933864199
26.24 2.03427588014
26.26 2.05677224794
26.28 2.07695726256
26.3 2.09495462095
26.32 2.11087761004
26.34 2.12482557355
26.36 2.13688143066
26.38 2.14711018408
26.4 2.15555830698
26.42 2.16225386271
26.44 2.16720719024
26.46 2.17041198221
26.48 2.17184659318
26.5 2.17147543968
26.52 2.16925038983
26.54 2.16511208452
26.56 2.15899117903
26.58 2.15080953985
26.6 2.14048147014
26.62 2.12791506502
26.64 2.11301381211
26.66 2.09567855042
26.68 2.07580988275
26.7 2.05331110484
26.72 2.02809166968
26.74 2.00007115477
26.76 1.96918364521
26.78 1.93538239394
26.8 1.89864457504
26.82 1.8589759132
26.84 1.81641495223
26.86 1.7710367238
26.88 1.72295559012
26.9 1.67232706459
26.92 1.61934845652
26.94 1.56425823902
26.96 1.50733409838
26.98 1.44888968558
27.0 1.38927015094
27.02 1.32884660143
27.04 1.26800967022
27.06 1.20716243054
27.08 1.14671291862
27.1 1.08706654973
27.12 1.02861871882
27.14 0.971747870543
27.16 0.916809300834
27.18 0.864129919034
27.2 0.814004151591
27.22 0.766691112947
27.24 0.722413107461
27.26 0.681355462871
27.28 0.643667633262
27.3 0.609465454303
27.32 0.578834383674
27.34 0.551833521962
27.36 0.528500180887
27.38 0.5088547488
27.4 0.492905597592
27.42 0.480653778778
27.44 0.472097269234
27.46 0.467234549611
27.48 0.466067325866
27.5 0.468602240924
27.52 0.474851464812
27.54 0.484832097288
27.56 0.498564369014
27.58 0.516068680314
27.6 0.537361573279
27.62 0.562450790267
27.64 0.591329626864
27.66 0.623970841224
27.68 0.660320427166
27.7 0.700291595811
27.72 0.743759334219
27.74 0.790555914792
27.76 0.840467714637
27.78 0.893233663811
27.8 0.948545575512
27.82 1.00605052128
27.84 1.06535530097
27.86 1.1260329306
27.88 1.18763093808
27.9 1.2496811299
27.92 1.31171038206
27.94 1.3732519293
27.96 1.43385658311
27.98 1.49310330966
28.0 1.55060864181
28.02 1.60603447862
28.04 1.65909393863
28.06 1.70955505982
28.08 1.75724227556
28.1 1.80203572576
28.12 1.84386857705
28.14 1.88272261908
28.16 1.91862247214
28.18 1.9516287807
28.2 1.98183078355
28.22 2.00933864199
28.24 2.03427588014
28.26 2.05677224794
28.28 2.07695726256
28.3 2.09495462095
28.32 2.11087761004
28.34 2.12482557355
28.36 2.13688143066
28.38 2.14711018408
28.4 2.15555830698
28.42 2.16225386271
28.44 2.16720719024
28.46 2.17041198221
28.48 2.17184659318
28.5 2.17147543968
28.52 2.16925038983
28.54 2.16511208453
28.56 2.15899117903
28.58 2.15080953985
28.6 2.14048147014
28.62 2.12791506502
28.64 2.11301381212
28.66 2.09567855041
28.68 2.07580988274
28.7 2.05331110485
28.72 2.02809166968
28.74 2.00007115477
28.76 1.96918364522
28.78 1.93538239393
28.8 1.89864457504
28.82 1.8589759132
28.84 1.81641495222
28.86 1.7710367238
28.88 1.72295559012
28.9 1.67232706458
28.92 1.61934845652
28.94 1.56425823901
28.96 1.50733409839
28.98 1.44888968559
29.0 1.38927015093
29.02 1.32884660143
29.04 1.26800967022
29.06 1.20716243054
29.08 1.14671291863
29.1 1.08706654972
29.12 1.02861871881
29.14 0.971747870551
29.16 0.91680930083
29.18 0.86412991903
29.2 0.814004151602
29.22 0.766691112935
29.24 0.722413107472
29.26 0.681355462866
29.28 0.643667633263
29.3 0.609465454307
29.32 0.578834383667
29.34 0.551833521968
29.36 0.528500180881
29.38 0.508854748799
29.4 0.492905597599
29.42 0.480653778772
29.44 0.472097269236
29.46 0.467234549612
29.48 0.466067325864
29.5 0.468602240924
29.52 0.474851464812
29.54 0.484832097287
29.56 0.498564369021
29.58 0.516068680302
29.6 0.537361573287
29.62 0.562450790265
29.64 0.591329626862
29.66 0.623970841229
29.68 0.660320427165
29.7 0.700291595808
29.72 0.743759334224
29.74 0.790555914784
29.76 0.840467714644
29.78 0.893233663811
29.8 0.948545575507
29.82 1.00605052128
29.84 1.06535530098
29.86 1.12603293059
29.88 1.18763093808
29.9 1.2496811299
29.92 1.31171038205
29.94 1.37325192931
29.96 1.43385658309
29.98 1.49310330967
30.0 1.55060864181
30.02 1.60603447861
30.04 1.65909393864
30.06 1.70955505982
30.08 1.75724227555
30.1 1.80203572577
30.12 1.84386857705
30.14 1.88272261907
30.16 1.91862247214
30.18 1.95162878069
30.2 1.98183078355
30.22 2.009338642
30.24 2.03427588014
30.26 2.05677224794
30.28 2.07695726256
30.3 2.09495462095
30.32 2.11087761004
30.34 2.12482557355
30.36 2.13688143066
30.38 2.14711018409
30.4 2.15555830697
30.42 2.16225386271
30.44 2.16720719024
30.46 2.17041198221
30.48 2.17184659318
30.5 2.17147543968
30.52 2.16925038984
30.54 2.16511208452
30.56 2.15899117903
30.58 2.15080953985
30.6 2.14048147014
30.62 2.12791506502
30.64 2.11301381211
30.66 2.09567855041
30.68 2.07580988275
30.7 2.05331110485
30.72 2.02809166968
30.74 2.00007115477
30.76 1.96918364521
30.78 1.93538239393
30.8 1.89864457505
30.82 1.85897591319
30.84 1.81641495223
30.86 1.7710367238
30.88 1.72295559011
30.9 1.67232706459
30.92 1.61934845652
30.94 1.56425823901
30.96 1.50733409839
30.98 1.44888968558
31.0 1.38927015092
31.02 1.32884660143
31.04 1.26800967021
31.06 1.20716243055
31.08 1.14671291863
31.1 1.08706654971
31.12 1.02861871883
31.14 0.97174787055
31.16 0.916809300825
31.18 0.864129919037
31.2 0.814004151594
31.22 0.766691112938
31.24 0.722413107473
31.26 0.681355462859
31.28 0.643667633272
31.3 0.609465454303
31.32 0.578834383667
31.34 0.551833521965
31.36 0.52850018089
31.38 0.508854748787
31.4 0.492905597608
31.42 0.480653778769
31.44 0.472097269237
31.46 0.467234549609
31.48 0.466067325866
31.5 0.468602240924
31.52 0.474851464812
31.54 0.484832097291
31.56 0.498564369013
31.58 0.516068680306
31.6 0.537361573287
31.62 0.562450790265
31.64 0.591329626862
31.66 0.62397084123
31.68 0.660320427161
31.7 0.700291595816
31.72 0.743759334212
31.74 0.790555914791
31.76 0.840467714646
31.78 0.893233663807
31.8 0.948545575507
31.82 1.00605052129
31.84 1.06535530097
31.86 1.12603293059
31.88 1.18763093809
31.9 1.24968112989
31.92 1.31171038206
31.94 1.3732519293
31.96 1.43385658309
31.98 1.49310330968
32.0 1.5506086418
32.02 1.60603447862
32.04 1.65909393864
32.06 1.70955505982
32.08 1.75724227556
32.1 1.80203572577
32.12 1.84386857704
32.14 1.88272261909
32.16 1.91862247213
32.18 1.9516287807
32.2 1.98183078356
32.22 2.00933864199
32.24 2.03427588014
32.26 2.05677224794
32.28 2.07695726256
32.3 2.09495462095
32.32 2.11087761005
32.34 2.12482557355
32.36 2.13688143066
32.38 2.14711018409
32.4 2.15555830697
32.42 2.16225386271
32.44 2.16720719024
32.46 2.17041198221
32.48 2.17184659318
32.5 2.17147543968
32.52 2.16925038984
32.54 2.16511208452
32.56 2.15899117903
32.58 2.15080953985
32.6 2.14048147014
32.62 2.12791506502
32.64 2.11301381211
32.66 2.09567855041
32.68 2.07580988275
32.7 2.05331110484
32.72 2.02809166969
32.74 2.00007115477
32.76 1.96918364521
32.78 1.93538239394
32.8 1.89864457504
32.82 1.8589759132
32.84 1.81641495223
32.86 1.7710367238
32.88 1.72295559013
32.9 1.67232706458
32.92 1.61934845652
32.94 1.56425823901
32.96 1.50733409839
32.98 1.44888968558
33.0 1.38927015093
33.02 1.32884660143
33.04 1.26800967022
33.06 1.20716243054
33.08 1.14671291862
33.1 1.08706654972
33.12 1.02861871882
33.14 0.971747870542
33.16 0.916809300838
33.18 0.864129919032
33.2 0.814004151592
33.22 0.766691112939
33.24 0.722413107473
33.26 0.681355462863
33.28 0.643667633265
33.3 0.609465454303
33.32 0.578834383674
33.34 0.551833521965
33.36 0.528500180881
33.38 0.508854748799
33.4 0.492905597602
33.42 0.480653778768
33.44 0.472097269238
33.46 0.467234549612
33.48 0.466067325864
33.5 0.468602240926
33.52 0.474851464808
33.54 0.484832097293
33.56 0.498564369013
33.58 0.516068680306
33.6 0.537361573286
33.62 0.562450790264
33.64 0.591329626864
33.66 0.623970841229
33.68 0.660320427159
33.7 0.700291595819
33.72 0.743759334213
33.74 0.79055591479
33.76 0.840467714639
33.78 0.89323366381
33.8 0.948545575514
33.82 1.00605052128
33.84 1.06535530097
33.86 1.1260329306
33.88 1.18763093808
33.9 1.2496811299
33.92 1.31171038206
33.94 1.3732519293
33.96 1.4338565831
33.98 1.49310330967
34.0 1.55060864181
34.02 1.60603447861
34.04 1.65909393863
34.06 1.70955505982
34.08 1.75724227556
34.1 1.80203572577
34.12 1.84386857704
34.14 1.88272261909
34.16 1.91862247213
34.18 1.95162878071
34.2 1.98183078354
34.22 2.009338642
34.24 2.03427588014
34.26 2.05677224794
34.28 2.07695726256
34.3 2.09495462096
34.32 2.11087761004
34.34 2.12482557355
34.36 2.13688143066
34.38 2.14711018408
34.4 2.15555830698
34.42 2.16225386271
34.44 2.16720719024
34.46 2.17041198221
34.48 2.17184659318
34.5 2.17147543968
34.52 2.16925038983
34.54 2.16511208453
34.56 2.15899117903
34.58 2.15080953985
34.6 2.14048147014
34.62 2.12791506502
34.64 2.11301381212
34.66 2.09567855041
34.68 2.07580988275
34.7 2.05331110485
34.72 2.02809166968
34.74 2.00007115477
34.76 1.96918364522
34.78 1.93538239393
34.8 1.89864457504
34.82 1.8589759132
34.84 1.81641495223
34.86 1.7710367238
34.88 1.72295559012
34.9 1.67232706458
34.92 1.61934845653
34.94 1.56425823901
34.96 1.50733409838
34.98 1.44888968558
35.0 1.38927015093
35.02 1.32884660143
35.04 1.26800967022
35.06 1.20716243054
35.08 1.14671291863
35.1 1.08706654972
35.12 1.02861871882
35.14 0.971747870552
35.16 0.91680930083
35.18 0.86412991903
35.2 0.814004151603
35.22 0.766691112937
35.24 0.722413107467
35.26 0.681355462867
35.28 0.643667633263
35.3 0.609465454304
35.32 0.578834383676
35.34 0.551833521958
35.36 0.528500180892
35.38 0.508854748794
35.4 0.492905597595
35.42 0.480653778778
35.44 0.472097269234
35.46 0.467234549611
35.48 0.466067325867
35.5 0.468602240921
35.52 0.474851464813
35.54 0.484832097291
35.56 0.498564369013
35.58 0.516068680307
35.6 0.537361573284
35.62 0.562450790267
35.64 0.591329626862
35.66 0.623970841229
35.68 0.660320427163
35.7 0.700291595811
35.72 0.743759334222
35.74 0.790555914785
35.76 0.840467714638
35.78 0.893233663816
35.8 0.948545575505
35.82 1.00605052129
35.84 1.06535530097
35.86 1.12603293059
35.88 1.18763093809
35.9 1.2496811299
35.92 1.31171038205
35.94 1.37325192931
35.96 1.43385658309
35.98 1.49310330968
36.0 1.55060864181
36.02 1.60603447861
36.04 1.65909393863
36.06 1.70955505983
36.08 1.75724227555
36.1 1.80203572577
36.12 1.84386857705
36.14 1.88272261908
36.16 1.91862247214
36.18 1.95162878069
36.2 1.98183078355
36.22 2.009338642
36.24 2.03427588014
36.26 2.05677224794
36.28 2.07695726256
36.3 2.09495462095
36.32 2.11087761004
36.34 2.12482557355
36.36 2.13688143066
36.38 2.14711018409
36.4 2.15555830697
36.42 2.16225386271
36.44 2.16720719024
36.46 2.17041198221
36.48 2.17184659318
36.5 2.17147543968
36.52 2.16925038984
36.54 2.16511208452
36.56 2.15899117903
36.58 2.15080953985
36.6 2.14048147014
36.62 2.12791506502
36.64 2.11301381212
36.66 2.09567855041
36.68 2.07580988275
36.7 2.05331110484
36.72 2.02809166968
36.74 2.00007115477
36.76 1.96918364522
36.78 1.93538239393
36.8 1.89864457505
36.82 1.85897591319
36.84 1.81641495223
36.86 1.7710367238
36.88 1.72295559011
36.9 1.67232706459
36.92 1.61934845653
36.94 1.564258239
36.96 1.50733409839
36.98 1.44888968558
37.0 1.38927015093
37.02 1.32884660143
37.04 1.26800967021
37.06 1.20716243054
37.08 1.14671291863
37.1 1.08706654971
37.12 1.02861871883
37.14 0.971747870545
37.16 0.916809300828
37.18 0.864129919038
37.2 0.814004151597
37.22 0.766691112935
37.24 0.722413107473
37.26 0.681355462863
37.28 0.643667633266
37.3 0.609465454303
37.32 0.57883438367
37.34 0.551833521965
37.36 0.528500180892
37.38 0.508854748785
37.4 0.492905597607
37.42 0.480653778768
37.44 0.472097269239
37.46 0.467234549609
37.48 0.466067325866
37.5 0.468602240926
37.52 0.474851464808
37.54 0.484832097293
37.56 0.498564369013
37.58 0.516068680306
37.6 0.53736157329
37.62 0.56245079026
37.64 0.591329626864
37.66 0.62397084123
37.68 0.660320427161
37.7 0.700291595817
37.72 0.743759334215
37.74 0.790555914788
37.76 0.840467714646
37.78 0.893233663808
37.8 0.948545575504
37.82 1.00605052129
37.84 1.06535530097
37.86 1.12603293059
37.88 1.18763093809
37.9 1.24968112989
37.92 1.31171038206
37.94 1.37325192929
37.96 1.4338565831
37.98 1.49310330968
38.0 1.5506086418
38.02 1.60603447861
38.04 1.65909393864
38.06 1.70955505982
38.08 1.75724227555
38.1 1.80203572578
38.12 1.84386857704
38.14 1.88272261909
38.16 1.91862247213
38.18 1.9516287807
38.2 1.98183078356
38.22 2.00933864199
38.24 2.03427588014
38.26 2.05677224794
38.28 2.07695726256
38.3 2.09495462095
38.32 2.11087761004
38.34 2.12482557355
38.36 2.13688143066
38.38 2.14711018408
38.4 2.15555830698
38.42 2.16225386271
38.44 2.16720719024
38.46 2.17041198221
38.48 2.17184659318
38.5 2.17147543968
38.52 2.16925038984
38.54 2.16511208452
38.56 2.15899117903
38.58 2.15080953985
38.6 2.14048147014
38.62 2.12791506502
38.64 2.11301381211
38.66 2.09567855042
38.68 2.07580988275
38.7 2.05331110484
38.72 2.02809166969
38.74 2.00007115477
38.76 1.96918364521
38.78 1.93538239394
38.8 1.89864457505
38.82 1.85897591318
38.84 1.81641495223
38.86 1.77103672379
38.88 1.72295559012
38.9 1.67232706459
38.92 1.61934845652
38.94 1.56425823902
38.96 1.50733409838
38.98 1.44888968558
39.0 1.38927015094
39.02 1.32884660143
39.04 1.26800967021
39.06 1.20716243055
39.08 1.14671291862
39.1 1.08706654972
39.12 1.02861871882
39.14 0.971747870542
39.16 0.916809300834
39.18 0.864129919034
39.2 0.814004151591
39.22 0.766691112943
39.24 0.722413107471
39.26 0.681355462863
39.28 0.643667633265
39.3 0.609465454303
39.32 0.57883438367
39.34 0.551833521965
39.36 0.528500180887
39.38 0.5088547488
39.4 0.492905597592
39.42 0.480653778778
39.44 0.472097269234
39.46 0.467234549611
39.48 0.466067325866
39.5 0.468602240924
39.52 0.474851464812
39.54 0.484832097291
39.56 0.498564369008
39.58 0.516068680317
39.6 0.537361573279
39.62 0.562450790267
39.64 0.591329626864
39.66 0.623970841225
39.68 0.660320427162
39.7 0.700291595816
39.72 0.743759334219
39.74 0.790555914788
39.76 0.84046771464
39.78 0.89323366381
39.8 0.948545575513
39.82 1.00605052128
39.84 1.06535530097
39.86 1.1260329306
39.88 1.18763093808
39.9 1.2496811299
39.92 1.31171038206
39.94 1.3732519293
39.96 1.4338565831
39.98 1.49310330967
