0.0 0.119568523988
0.02 0.147190815574
0.04 0.173211643592
0.06 0.197516347132
0.08 0.220024992656
0.1 0.240692294732
0.12 0.259506425744
0.14 0.276486831895
0.16 0.291681211377
0.18 0.305161835323
0.2 0.317021403157
0.22 0.327368622835
0.24 0.336323695095
0.26 0.344013861792
0.28 0.35056915398
0.3 0.356118448091
0.32 0.360785910171
0.34 0.364687880506
0.36 0.367930225353
0.38 0.370606160056
0.4 0.37279452935
0.42 0.374558516718
0.44 0.375944745679
0.46 0.37698273183
0.48 0.377684645221
0.5 0.378045347618
0.52 0.378042677591
0.54 0.377637967096
0.56 0.376776784867
0.58 0.375389913262
0.6 0.373394574587
0.62 0.370695929277
0.64 0.36718887044
0.66 0.362760136621
0.68 0.35729075676
0.7 0.350658828514
0.72 0.342742613798
0.74 0.333423914677
0.76 0.322591669822
0.78 0.310145688385
0.8 0.296000415941
0.82 0.280088608292
0.84 0.262364774922
0.86 0.242808246766
0.88 0.221425723801
0.9 0.198253167888
0.92 0.173356925375
0.94 0.146833992013
0.96 0.118811368427
0.98 0.0894444958395
1.0 0.0589148065693
1.02 0.0274264688056
1.04 -0.00479755275006
1.06 -0.0375199629986
1.08 -0.0704939449713
1.1 -0.10346811081
1.12 -0.13619139192
1.14 -0.168417674129
1.16 -0.199910004701
1.18 -0.230444228262
1.2 -0.259811946307
1.22 -0.287822735897
1.24 -0.314305605026
1.26 -0.339109701372
1.28 -0.362104325895
1.3 -0.383178330971
1.32 -0.402239003928
1.34 -0.419210550738
1.36 -0.434032301648
1.38 -0.446656761562
1.4 -0.457047624326
1.42 -0.465177862169
1.44 -0.471027991338
1.46 -0.474584601903
1.48 -0.47583922595
1.5 -0.474787602551
1.52 -0.471429381439
1.54 -0.465768289737
1.56 -0.45781276694
1.58 -0.447577053321
1.6 -0.43508269563
1.62 -0.42036041122
1.64 -0.403452228928
1.66 -0.384413801928
1.68 -0.36331676625
1.7 -0.340250999712
1.72 -0.31532662207
1.74 -0.288675570005
1.76 -0.260452582396
1.78 -0.230835444465
1.8 -0.200024364472
1.82 -0.16824039474
1.84 -0.135722858245
1.86 -0.1027258007
1.88 -0.0695135519027
1.9 -0.0363555435736
1.92 -0.00352058870976
1.94 0.0287291270656
1.96 0.0601440626818
1.98 0.0904930593829
2.0 0.119568523988
2.02 0.147190815574
2.04 0.173211643592
2.06 0.197516347132
2.08 0.220024992656
2.1 0.240692294732
2.12 0.259506425744
2.14 0.276486831895
2.16 0.291681211377
2.18 0.305161835323
2.2 0.317021403157
2.22 0.327368622835
2.24 0.336323695095
2.26 0.344013861792
2.28 0.350569153981
2.3 0.356118448091
2.32 0.360785910171
2.34 0.364687880506
2.36 0.367930225353
2.38 0.370606160056
2.4 0.37279452935
2.42 0.374558516718
2.44 0.375944745679
2.46 0.37698273183
2.48 0.377684645221
2.5 0.378045347618
2.52 0.378042677591
2.54 0.377637967096
2.56 0.376776784867
2.58 0.375389913262
2.6 0.373394574587
2.62 0.370695929277
2.64 0.36718887044
2.66 0.362760136621
2.68 0.357290756761
2.7 0.350658828514
2.72 0.342742613798
2.74 0.333423914677
2.76 0.322591669822
2.78 0.310145688386
2.8 0.29600041594
2.82 0.280088608292
2.84 0.262364774922
2.86 0.242808246766
2.88 0.221425723802
2.9 0.198253167888
2.92 0.173356925375
2.94 0.146833992012
2.96 0.118811368427
2.98 0.0894444958401
3.0 0.0589148065693
3.02 0.0274264688054
3.04 -0.00479755275006
3.06 -0.0375199629986
3.08 -0.0704939449713
3.1 -0.10346811081
3.12 -0.13619139192
3.14 -0.168417674129
3.16 -0.199910004701
3.18 -0.230444228262
3.2 -0.259811946307
3.22 -0.287822735897
3.24 -0.314305605025
3.26 -0.339109701372
3.28 -0.362104325896
3.3 -0.38317833097
3.32 -0.402239003929
3.34 -0.419210550738
3.36 -0.434032301648
3.38 -0.446656761563
3.4 -0.457047624323
3.42 -0.465177862172
3.44 -0.471027991337
3.46 -0.474584601904
3.48 -0.47583922595
3.5 -0.474787602551
3.52 -0.471429381439
3.54 -0.465768289737
3.56 -0.45781276694
3.58 -0.447577053321
3.6 -0.43508269563
3.62 -0.42036041122
3.64 -0.403452228929
3.66 -0.384413801927
3.68 -0.363316766251
3.7 -0.340250999713
3.72 -0.31532662207
3.74 -0.288675570004
3.76 -0.260452582397
3.78 -0.230835444465
3.8 -0.200024364472
3.82 -0.16824039474
3.84 -0.135722858245
3.86 -0.1027258007
3.88 -0.0695135519027
3.9 -0.0363555435733
3.92 -0.0035205887105
3.94 0.028729127066
3.96 0.0601440626818
3.98 0.0904930593831
4.0 0.119568523988
4.02 0.147190815574
4.04 0.173211643592
4.06 0.197516347132
4.08 0.220024992656
4.1 0.240692294731
4.12 0.259506425744
4.14 0.276486831895
4.16 0.291681211377
4.18 0.305161835323
4.2 0.317021403157
4.22 0.327368622835
4.24 0.336323695095
4.26 0.344013861792
4.28 0.35056915398
4.3 0.356118448091
4.32 0.360785910171
4.34 0.364687880506
4.36 0.367930225353
4.38 0.370606160056
4.4 0.37279452935
4.42 0.374558516718
4.44 0.375944745679
4.46 0.37698273183
4.48 0.377684645221
4.5 0.378045347618
4.52 0.378042677591
4.54 0.377637967096
4.56 0.376776784867
4.58 0.375389913262
4.6 0.373394574588
4.62 0.370695929277
4.64 0.36718887044
4.66 0.362760136621
4.68 0.35729075676
4.7 0.350658828514
4.72 0.342742613798
4.74 0.333423914677
4.76 0.322591669822
4.78 0.310145688385
4.8 0.296000415941
4.82 0.280088608292
4.84 0.262364774922
4.86 0.242808246766
4.88 0.221425723801
4.9 0.198253167889
4.92 0.173356925374
4.94 0.146833992013
4.96 0.118811368427
4.98 0.0894444958399
5.0 0.058914806569
5.02 0.0274264688056
5.04 -0.00479755275006
5.06 -0.0375199629986
5.08 -0.0704939449709
5.1 -0.103468110811
5.12 -0.13619139192
5.14 -0.168417674129
5.16 -0.199910004701
5.18 -0.230444228262
5.2 -0.259811946307
5.22 -0.287822735897
5.24 -0.314305605026
5.26 -0.339109701372
5.28 -0.362104325896
5.3 -0.38317833097
5.32 -0.402239003929
5.34 -0.419210550738
5.36 -0.434032301648
5.38 -0.446656761563
5.4 -0.457047624324
5.42 -0.465177862171
5.44 -0.471027991336
5.46 -0.474584601904
5.48 -0.47583922595
5.5 -0.474787602551
5.52 -0.471429381439
5.54 -0.465768289737
5.56 -0.45781276694
5.58 -0.447577053321
5.6 -0.43508269563
5.62 -0.42036041122
5.64 -0.403452228928
5.66 -0.384413801928
5.68 -0.36331676625
5.7 -0.340250999712
5.72 -0.315326622071
5.74 -0.288675570003
5.76 -0.260452582397
5.78 -0.230835444465
5.8 -0.200024364472
5.82 -0.16824039474
5.84 -0.135722858245
5.86 -0.1027258007
5.88 -0.0695135519021
5.9 -0.0363555435748
5.92 -0.00352058870917
5.94 0.0287291270656
5.96 0.0601440626818
5.98 0.0904930593831
6.0 0.119568523988
6.02 0.147190815574
6.04 0.173211643592
6.06 0.197516347132
6.08 0.220024992656
6.1 0.240692294731
6.12 0.259506425744
6.14 0.276486831895
6.16 0.291681211377
6.18 0.305161835323
6.2 0.317021403157
6.22 0.327368622836
6.24 0.336323695095
6.26 0.344013861792
6.28 0.350569153981
6.3 0.356118448091
6.32 0.360785910171
6.34 0.364687880506
6.36 0.367930225353
6.38 0.370606160056
6.4 0.37279452935
6.42 0.374558516718
6.44 0.375944745679
6.46 0.37698273183
6.48 0.377684645221
6.5 0.378045347618
6.52 0.378042677591
6.54 0.377637967096
6.56 0.376776784867
6.58 0.375389913263
6.6 0.373394574587
6.62 0.370695929277
6.64 0.36718887044
6.66 0.36276013662
6.68 0.357290756761
6.7 0.350658828513
6.72 0.342742613799
6.74 0.333423914676
6.76 0.322591669823
6.78 0.310145688385
6.8 0.296000415941
6.82 0.280088608292
6.84 0.262364774921
6.86 0.242808246766
6.88 0.221425723801
6.9 0.198253167889
6.92 0.173356925374
6.94 0.146833992013
6.96 0.118811368426
6.98 0.0894444958408
7.0 0.0589148065684
7.02 0.0274264688067
7.04 -0.00479755275106
7.06 -0.0375199629984
7.08 -0.0704939449709
7.1 -0.103468110811
7.12 -0.136191391919
7.14 -0.168417674129
7.16 -0.199910004699
7.18 -0.230444228263
7.2 -0.259811946307
7.22 -0.287822735897
7.24 -0.314305605026
7.26 -0.339109701371
7.28 -0.362104325896
7.3 -0.383178330971
7.32 -0.402239003928
7.34 -0.419210550739
7.36 -0.434032301648
7.38 -0.446656761563
7.4 -0.457047624323
7.42 -0.465177862172
7.44 -0.471027991337
7.46 -0.474584601903
7.48 -0.47583922595
7.5 -0.474787602551
7.52 -0.471429381437
7.54 -0.465768289738
7.56 -0.45781276694
7.58 -0.447577053321
7.6 -0.43508269563
7.62 -0.42036041122
7.64 -0.403452228928
7.66 -0.384413801928
7.68 -0.36331676625
7.7 -0.340250999712
7.72 -0.31532662207
7.74 -0.288675570005
7.76 -0.260452582396
7.78 -0.230835444465
7.8 -0.200024364472
7.82 -0.16824039474
7.84 -0.135722858245
7.86 -0.1027258007
7.88 -0.0695135519017
7.9 -0.0363555435748
7.92 -0.00352058870917
7.94 0.0287291270656
7.96 0.0601440626818
7.98 0.0904930593831
8.0 0.119568523988
8.02 0.147190815574
8.04 0.173211643592
8.06 0.197516347133
8.08 0.220024992655
8.1 0.240692294732
8.12 0.259506425744
8.14 0.276486831895
8.16 0.291681211377
8.18 0.305161835323
8.2 0.317021403157
8.22 0.327368622836
8.24 0.336323695095
8.26 0.344013861792
8.28 0.350569153981
8.3 0.356118448091
8.32 0.360785910171
8.34 0.364687880506
8.36 0.367930225353
8.38 0.370606160056
8.4 0.37279452935
8.42 0.374558516718
8.44 0.375944745679
8.46 0.376982731831
8.48 0.377684645221
8.5 0.378045347618
8.52 0.378042677591
8.54 0.377637967096
8.56 0.376776784867
8.58 0.375389913262
8.6 0.373394574587
8.62 0.370695929277
8.64 0.36718887044
8.66 0.362760136621
8.68 0.35729075676
8.7 0.350658828514
8.72 0.342742613798
8.74 0.333423914676
8.76 0.322591669822
8.78 0.310145688386
8.8 0.296000415941
8.82 0.280088608291
8.84 0.262364774923
8.86 0.242808246764
8.88 0.221425723803
8.9 0.198253167887
8.92 0.173356925375
8.94 0.146833992013
8.96 0.118811368426
8.98 0.0894444958406
9.0 0.0589148065676
9.02 0.0274264688074
9.04 -0.00479755275114
9.06 -0.0375199629987
9.08 -0.0704939449715
9.1 -0.103468110809
9.12 -0.13619139192
9.14 -0.168417674129
9.16 -0.1999100047
9.18 -0.230444228263
9.2 -0.259811946307
9.22 -0.287822735899
9.24 -0.314305605024
9.26 -0.339109701372
9.28 -0.362104325896
9.3 -0.383178330971
9.32 -0.402239003927
9.34 -0.41921055074
9.36 -0.434032301646
9.38 -0.446656761563
9.4 -0.457047624326
9.42 -0.46517786217
9.44 -0.471027991336
9.46 -0.474584601905
9.48 -0.47583922595
9.5 -0.474787602551
9.52 -0.471429381439
9.54 -0.465768289737
9.56 -0.45781276694
9.58 -0.447577053321
9.6 -0.43508269563
9.62 -0.420360411221
9.64 -0.403452228928
9.66 -0.384413801928
9.68 -0.363316766251
9.7 -0.340250999712
9.72 -0.31532662207
9.74 -0.288675570004
9.76 -0.260452582398
9.78 -0.230835444465
9.8 -0.200024364471
9.82 -0.168240394741
9.84 -0.135722858244
9.86 -0.102725800701
9.88 -0.069513551902
9.9 -0.0363555435744
9.92 -0.00352058870961
9.94 0.028729127066
9.96 0.0601440626817
9.98 0.0904930593828
10.0 0.119568523987
10.02 0.147190815575
10.04 0.173211643591
10.06 0.197516347133
10.08 0.220024992655
10.1 0.240692294732
10.12 0.259506425743
10.14 0.276486831896
10.16 0.291681211376
10.18 0.305161835324
10.2 0.317021403156
10.22 0.327368622836
10.24 0.336323695095
10.26 0.344013861793
10.28 0.35056915398
10.3 0.356118448091
10.32 0.360785910171
10.34 0.364687880506
10.36 0.367930225353
10.38 0.370606160056
10.4 0.37279452935
10.42 0.374558516718
10.44 0.37594474568
10.46 0.37698273183
10.48 0.377684645221
10.5 0.378045347617
10.52 0.378042677592
10.54 0.377637967096
10.56 0.376776784867
10.58 0.375389913262
10.6 0.373394574587
10.62 0.370695929277
10.64 0.36718887044
10.66 0.362760136621
10.68 0.35729075676
10.7 0.350658828515
10.72 0.342742613798
10.74 0.333423914677
10.76 0.322591669822
10.78 0.310145688386
10.8 0.29600041594
10.82 0.280088608293
10.84 0.262364774922
10.86 0.242808246765
10.88 0.221425723801
10.9 0.198253167888
10.92 0.173356925375
10.94 0.146833992012
10.96 0.118811368428
10.98 0.089444495839
11.0 0.0589148065694
11.02 0.0274264688056
11.04 -0.00479755275013
11.06 -0.0375199629985
11.08 -0.0704939449716
11.1 -0.10346811081
11.12 -0.13619139192
11.14 -0.168417674129
11.16 -0.199910004701
11.18 -0.230444228261
11.2 -0.259811946308
11.22 -0.287822735897
11.24 -0.314305605026
11.26 -0.339109701371
11.28 -0.362104325896
11.3 -0.383178330971
11.32 -0.402239003928
11.34 -0.419210550739
11.36 -0.434032301647
11.38 -0.446656761566
11.4 -0.457047624322
11.42 -0.46517786217
11.44 -0.471027991338
11.46 -0.474584601903
11.48 -0.47583922595
11.5 -0.474787602551
11.52 -0.471429381439
11.54 -0.465768289739
11.56 -0.457812766937
11.58 -0.447577053323
11.6 -0.435082695627
11.62 -0.420360411223
11.64 -0.403452228928
11.66 -0.384413801928
11.68 -0.36331676625
11.7 -0.340250999712
11.72 -0.31532662207
11.74 -0.288675570005
11.76 -0.260452582397
11.78 -0.230835444464
11.8 -0.200024364473
11.82 -0.168240394739
11.84 -0.135722858246
11.86 -0.1027258007
11.88 -0.0695135519023
11.9 -0.0363555435731
11.92 -0.00352058871123
11.94 0.0287291270664
11.96 0.0601440626817
11.98 0.0904930593826
12.0 0.119568523989
12.02 0.147190815573
12.04 0.173211643592
12.06 0.197516347132
12.08 0.220024992657
12.1 0.240692294731
12.12 0.259506425745
12.14 0.276486831894
12.16 0.291681211377
12.18 0.305161835324
12.2 0.317021403156
12.22 0.327368622836
12.24 0.336323695095
12.26 0.344013861793
12.28 0.35056915398
12.3 0.356118448091
12.32 0.360785910171
12.34 0.364687880507
12.36 0.367930225353
12.38 0.370606160055
12.4 0.37279452935
12.42 0.374558516718
12.44 0.37594474568
12.46 0.37698273183
12.48 0.377684645221
12.5 0.378045347618
12.52 0.378042677591
12.54 0.377637967096
12.56 0.376776784868
12.58 0.375389913262
12.6 0.373394574587
12.62 0.370695929277
12.64 0.36718887044
12.66 0.36276013662
12.68 0.357290756761
12.7 0.350658828514
12.72 0.342742613798
12.74 0.333423914676
12.76 0.322591669823
12.78 0.310145688385
12.8 0.29600041594
12.82 0.280088608293
12.84 0.262364774921
12.86 0.242808246767
12.88 0.2214257238
12.9 0.198253167889
12.92 0.173356925374
12.94 0.146833992013
12.96 0.118811368427
12.98 0.0894444958397
13.0 0.058914806568
13.02 0.0274264688088
13.04 -0.00479755275304
13.06 -0.0375199629981
13.08 -0.0704939449715
13.1 -0.103468110808
13.12 -0.136191391921
13.14 -0.168417674129
13.16 -0.1999100047
13.18 -0.230444228261
13.2 -0.259811946308
13.22 -0.287822735899
13.24 -0.314305605024
13.26 -0.339109701373
13.28 -0.362104325895
13.3 -0.383178330972
13.32 -0.402239003927
13.34 -0.419210550741
13.36 -0.434032301647
13.38 -0.446656761562
13.4 -0.457047624325
13.42 -0.46517786217
13.44 -0.471027991337
13.46 -0.474584601904
13.48 -0.47583922595
13.5 -0.474787602551
13.52 -0.471429381437
13.54 -0.46576828974
13.56 -0.457812766937
13.58 -0.447577053322
13.6 -0.435082695629
13.62 -0.420360411224
13.64 -0.403452228926
13.66 -0.384413801928
13.68 -0.36331676625
13.7 -0.340250999712
13.72 -0.31532662207
13.74 -0.288675570003
13.76 -0.260452582399
13.78 -0.230835444463
13.8 -0.200024364472
13.82 -0.168240394741
13.84 -0.135722858245
13.86 -0.102725800699
13.88 -0.0695135519023
13.9 -0.0363555435749
13.92 -0.00352058870909
13.94 0.0287291270664
13.96 0.0601440626812
13.98 0.0904930593817
14.0 0.119568523989
14.02 0.147190815574
14.04 0.173211643591
14.06 0.197516347133
14.08 0.220024992656
14.1 0.240692294732
14.12 0.259506425742
14.14 0.276486831896
14.16 0.291681211377
14.18 0.305161835323
14.2 0.317021403157
14.22 0.327368622836
14.24 0.336323695095
14.26 0.344013861792
14.28 0.350569153981
14.3 0.356118448091
14.32 0.360785910171
14.34 0.364687880506
14.36 0.367930225353
14.38 0.370606160056
14.4 0.37279452935
14.42 0.374558516718
14.44 0.37594474568
14.46 0.37698273183
14.48 0.377684645221
14.5 0.378045347617
14.52 0.378042677591
14.54 0.377637967096
14.56 0.376776784868
14.58 0.375389913262
14.6 0.373394574587
14.62 0.370695929278
14.64 0.367188870439
14.66 0.362760136621
14.68 0.35729075676
14.7 0.350658828515
14.72 0.342742613797
14.74 0.333423914676
14.76 0.322591669823
14.78 0.310145688385
14.8 0.29600041594
14.82 0.280088608292
14.84 0.262364774922
14.86 0.242808246766
14.88 0.2214257238
14.9 0.19825316789
14.92 0.173356925374
14.94 0.146833992012
14.96 0.118811368427
14.98 0.0894444958404
15.0 0.0589148065687
15.02 0.0274264688056
15.04 -0.00479755275047
15.06 -0.0375199629983
15.08 -0.0704939449709
15.1 -0.103468110811
15.12 -0.136191391918
15.14 -0.168417674129
15.16 -0.199910004701
15.18 -0.230444228262
15.2 -0.259811946306
15.22 -0.287822735899
15.24 -0.314305605025
15.26 -0.339109701372
15.28 -0.362104325895
15.3 -0.383178330971
15.32 -0.402239003928
15.34 -0.41921055074
15.36 -0.434032301645
15.38 -0.446656761567
15.4 -0.457047624322
15.42 -0.46517786217
15.44 -0.471027991338
15.46 -0.474584601903
15.48 -0.47583922595
15.5 -0.474787602551
15.52 -0.471429381437
15.54 -0.465768289738
15.56 -0.45781276694
15.58 -0.447577053322
15.6 -0.435082695627
15.62 -0.420360411223
15.64 -0.403452228928
15.66 -0.384413801928
15.68 -0.36331676625
15.7 -0.340250999712
15.72 -0.31532662207
15.74 -0.288675570005
15.76 -0.260452582396
15.78 -0.230835444466
15.8 -0.200024364472
15.82 -0.16824039474
15.84 -0.135722858245
15.86 -0.102725800699
15.88 -0.069513551903
15.9 -0.0363555435726
15.92 -0.0035205887116
15.94 0.0287291270673
15.96 0.0601440626803
15.98 0.0904930593835
16.0 0.119568523989
16.02 0.147190815573
16.04 0.173211643593
16.06 0.197516347132
16.08 0.220024992656
16.1 0.240692294731
16.12 0.259506425745
16.14 0.276486831894
16.16 0.291681211377
16.18 0.305161835323
16.2 0.317021403157
16.22 0.327368622835
16.24 0.336323695095
16.26 0.344013861793
16.28 0.35056915398
16.3 0.356118448091
16.32 0.360785910171
16.34 0.364687880507
16.36 0.367930225353
16.38 0.370606160056
16.4 0.37279452935
16.42 0.374558516718
16.44 0.37594474568
16.46 0.37698273183
16.48 0.377684645221
16.5 0.378045347618
16.52 0.378042677591
16.54 0.377637967096
16.56 0.376776784868
16.58 0.375389913262
16.6 0.373394574587
16.62 0.370695929277
16.64 0.36718887044
16.66 0.362760136621
16.68 0.357290756761
16.7 0.350658828514
16.72 0.342742613797
16.74 0.333423914676
16.76 0.322591669823
16.78 0.310145688385
16.8 0.29600041594
16.82 0.280088608292
16.84 0.262364774921
16.86 0.242808246766
16.88 0.221425723801
16.9 0.19825316789
16.92 0.173356925374
16.94 0.146833992012
16.96 0.118811368427
16.98 0.0894444958402
17.0 0.0589148065687
17.02 0.0274264688056
17.04 -0.00479755275013
17.06 -0.0375199629988
17.08 -0.0704939449709
17.1 -0.103468110811
17.12 -0.136191391918
17.14 -0.168417674129
17.16 -0.199910004701
17.18 -0.230444228262
17.2 -0.259811946306
17.22 -0.287822735899
17.24 -0.314305605025
17.26 -0.339109701372
17.28 -0.362104325895
17.3 -0.383178330971
17.32 -0.402239003928
17.34 -0.41921055074
17.36 -0.434032301645
17.38 -0.446656761567
17.4 -0.457047624322
17.42 -0.465177862171
17.44 -0.471027991336
17.46 -0.474584601904
17.48 -0.47583922595
17.5 -0.474787602551
17.52 -0.471429381439
17.54 -0.465768289737
17.56 -0.45781276694
17.58 -0.447577053321
17.6 -0.43508269563
17.62 -0.420360411221
17.64 -0.403452228928
17.66 -0.384413801928
17.68 -0.36331676625
17.7 -0.340250999712
17.72 -0.315326622071
17.74 -0.288675570003
17.76 -0.260452582397
17.78 -0.230835444466
17.8 -0.20002436447
17.82 -0.16824039474
17.84 -0.135722858244
17.86 -0.102725800702
17.88 -0.0695135519011
17.9 -0.0363555435731
17.92 -0.0035205887116
17.94 0.0287291270666
17.96 0.0601440626819
17.98 0.0904930593832
18.0 0.119568523987
18.02 0.147190815574
18.04 0.173211643592
18.06 0.197516347133
18.08 0.220024992654
18.1 0.240692294733
18.12 0.259506425744
18.14 0.276486831894
18.16 0.291681211378
18.18 0.305161835323
18.2 0.317021403157
18.22 0.327368622834
18.24 0.336323695096
18.26 0.344013861793
18.28 0.35056915398
18.3 0.356118448091
18.32 0.360785910171
18.34 0.364687880506
18.36 0.367930225353
18.38 0.370606160056
18.4 0.37279452935
18.42 0.374558516718
18.44 0.375944745679
18.46 0.376982731831
18.48 0.377684645221
18.5 0.378045347618
18.52 0.378042677591
18.54 0.377637967096
18.56 0.376776784867
18.58 0.375389913263
18.6 0.373394574587
18.62 0.370695929277
18.64 0.36718887044
18.66 0.362760136622
18.68 0.357290756759
18.7 0.350658828514
18.72 0.342742613798
18.74 0.333423914678
18.76 0.322591669821
18.78 0.310145688385
18.8 0.296000415942
18.82 0.28008860829
18.84 0.262364774922
18.86 0.242808246766
18.88 0.221425723803
18.9 0.198253167888
18.92 0.173356925374
18.94 0.146833992013
18.96 0.118811368428
18.98 0.0894444958386
19.0 0.0589148065681
19.02 0.0274264688086
19.04 -0.00479755275266
19.06 -0.0375199629986
19.08 -0.0704939449708
19.1 -0.103468110809
19.12 -0.136191391922
19.14 -0.168417674129
19.16 -0.1999100047
19.18 -0.230444228261
19.2 -0.259811946308
19.22 -0.287822735899
19.24 -0.314305605024
19.26 -0.339109701373
19.28 -0.362104325896
19.3 -0.383178330971
19.32 -0.402239003926
19.34 -0.419210550741
19.36 -0.434032301647
19.38 -0.446656761561
19.4 -0.457047624328
19.42 -0.465177862169
19.44 -0.471027991337
19.46 -0.474584601904
19.48 -0.47583922595
19.5 -0.474787602551
19.52 -0.471429381437
19.54 -0.465768289739
19.56 -0.457812766938
19.58 -0.447577053321
19.6 -0.435082695631
19.62 -0.420360411221
19.64 -0.403452228928
19.66 -0.384413801928
19.68 -0.363316766252
19.7 -0.340250999711
19.72 -0.315326622071
19.74 -0.288675570004
19.76 -0.260452582399
19.78 -0.230835444463
19.8 -0.200024364472
19.82 -0.168240394741
19.84 -0.135722858244
19.86 -0.1027258007
19.88 -0.0695135519023
19.9 -0.0363555435749
19.92 -0.00352058870909
19.94 0.0287291270664
19.96 0.0601440626816
19.98 0.0904930593811
20.0 0.119568523989
20.02 0.147190815574
20.04 0.173211643591
20.06 0.197516347133
20.08 0.220024992656
20.1 0.240692294732
20.12 0.259506425742
20.14 0.276486831897
20.16 0.291681211377
20.18 0.305161835323
20.2 0.317021403156
20.22 0.327368622836
20.24 0.336323695095
20.26 0.344013861791
20.28 0.350569153981
20.3 0.356118448091
20.32 0.360785910171
20.34 0.364687880506
20.36 0.367930225353
20.38 0.370606160056
20.4 0.37279452935
20.42 0.374558516718
20.44 0.375944745679
20.46 0.37698273183
20.48 0.377684645221
20.5 0.378045347618
20.52 0.378042677591
20.54 0.377637967096
20.56 0.376776784867
20.58 0.375389913263
20.6 0.373394574587
20.62 0.370695929276
20.64 0.367188870441
20.66 0.362760136619
20.68 0.357290756761
20.7 0.350658828514
20.72 0.342742613798
20.74 0.333423914675
20.76 0.322591669824
20.78 0.310145688385
20.8 0.296000415941
20.82 0.28008860829
20.84 0.262364774923
20.86 0.242808246766
20.88 0.221425723801
20.9 0.198253167888
20.92 0.173356925375
20.94 0.146833992013
20.96 0.118811368427
20.98 0.0894444958384
21.0 0.058914806571
21.02 0.0274264688042
21.04 -0.0047975527492
21.06 -0.0375199630016
21.08 -0.0704939449661
21.1 -0.103468110815
21.12 -0.136191391918
21.14 -0.168417674129
21.16 -0.1999100047
21.18 -0.230444228263
21.2 -0.259811946305
21.22 -0.287822735899
21.24 -0.314305605025
21.26 -0.339109701372
21.28 -0.362104325896
21.3 -0.38317833097
21.32 -0.402239003929
21.34 -0.419210550738
21.36 -0.434032301646
21.38 -0.446656761568
21.4 -0.457047624321
21.42 -0.465177862171
21.44 -0.471027991336
21.46 -0.474584601904
21.48 -0.47583922595
21.5 -0.474787602551
21.52 -0.471429381437
21.54 -0.465768289738
21.56 -0.45781276694
21.58 -0.447577053321
21.6 -0.43508269563
21.62 -0.420360411221
21.64 -0.403452228928
21.66 -0.384413801928
21.68 -0.363316766251
21.7 -0.34025099971
21.72 -0.315326622074
21.74 -0.288675570002
21.76 -0.260452582398
21.78 -0.230835444463
21.8 -0.200024364474
21.82 -0.168240394738
21.84 -0.135722858246
21.86 -0.102725800699
21.88 -0.0695135519052
21.9 -0.0363555435708
21.92 -0.00352058871194
21.94 0.0287291270663
21.96 0.0601440626814
21.98 0.0904930593848
22.0 0.119568523986
22.02 0.147190815574
22.04 0.173211643592
22.06 0.197516347133
22.08 0.220024992655
22.1 0.240692294731
22.12 0.259506425744
22.14 0.276486831896
22.16 0.291681211375
22.18 0.305161835325
22.2 0.317021403156
22.22 0.327368622836
22.24 0.336323695094
22.26 0.344013861794
22.28 0.350569153979
22.3 0.356118448092
22.32 0.36078591017
22.34 0.364687880508
22.36 0.367930225353
22.38 0.370606160055
22.4 0.37279452935
22.42 0.374558516718
22.44 0.375944745679
22.46 0.37698273183
22.48 0.377684645221
22.5 0.378045347617
22.52 0.378042677591
22.54 0.377637967096
22.56 0.376776784867
22.58 0.375389913261
22.6 0.373394574589
22.62 0.370695929276
22.64 0.36718887044
22.66 0.36276013662
22.68 0.357290756762
22.7 0.350658828512
22.72 0.342742613799
22.74 0.333423914676
22.76 0.322591669825
22.78 0.310145688383
22.8 0.296000415942
22.82 0.280088608292
22.84 0.262364774922
22.86 0.242808246764
22.88 0.221425723802
22.9 0.198253167889
22.92 0.173356925374
22.94 0.146833992011
22.96 0.118811368429
22.98 0.0894444958391
23.0 0.0589148065691
23.02 0.0274264688045
23.04 -0.00479755274753
23.06 -0.0375199630018
23.08 -0.0704939449691
23.1 -0.103468110812
23.12 -0.136191391916
23.14 -0.168417674132
23.16 -0.199910004699
23.18 -0.230444228264
23.2 -0.259811946304
23.22 -0.2878227359
23.24 -0.314305605024
23.26 -0.339109701373
23.28 -0.362104325895
23.3 -0.383178330973
23.32 -0.402239003924
23.34 -0.419210550742
23.36 -0.434032301645
23.38 -0.446656761568
23.4 -0.45704762432
23.42 -0.465177862171
23.44 -0.471027991338
23.46 -0.474584601903
23.48 -0.47583922595
23.5 -0.474787602553
23.52 -0.471429381436
23.54 -0.465768289739
23.56 -0.45781276694
23.58 -0.447577053317
23.6 -0.435082695633
23.62 -0.420360411221
23.64 -0.403452228928
23.66 -0.384413801928
23.68 -0.363316766251
23.7 -0.340250999712
23.72 -0.315326622071
23.74 -0.288675570002
23.76 -0.260452582399
23.78 -0.230835444464
23.8 -0.200024364472
23.82 -0.168240394739
23.84 -0.135722858245
23.86 -0.102725800701
23.88 -0.0695135519019
23.9 -0.0363555435722
23.92 -0.00352058871338
23.94 0.0287291270698
23.96 0.0601440626793
23.98 0.0904930593834
24.0 0.119568523988
24.02 0.147190815575
24.04 0.173211643591
24.06 0.197516347133
24.08 0.220024992656
24.1 0.240692294733
24.12 0.259506425743
24.14 0.276486831895
24.16 0.291681211377
24.18 0.305161835324
24.2 0.317021403156
24.22 0.327368622835
24.24 0.336323695096
24.26 0.344013861793
24.28 0.350569153979
24.3 0.356118448091
24.32 0.360785910171
24.34 0.364687880507
24.36 0.367930225352
24.38 0.370606160056
24.4 0.37279452935
24.42 0.374558516718
24.44 0.375944745679
24.46 0.37698273183
24.48 0.377684645221
24.5 0.378045347618
24.52 0.378042677591
24.54 0.377637967096
24.56 0.376776784867
24.58 0.375389913263
24.6 0.373394574587
24.62 0.370695929276
24.64 0.367188870441
24.66 0.36276013662
24.68 0.35729075676
24.7 0.350658828514
24.72 0.342742613798
24.74 0.333423914676
24.76 0.322591669824
24.78 0.310145688385
24.8 0.296000415941
24.82 0.280088608291
24.84 0.262364774922
24.86 0.242808246766
24.88 0.221425723801
24.9 0.198253167888
24.92 0.173356925375
24.94 0.146833992013
24.96 0.118811368427
24.98 0.0894444958384
25.0 0.0589148065698
25.02 0.0274264688067
25.04 -0.00479755275043
25.06 -0.0375199629998
25.08 -0.0704939449716
25.1 -0.103468110809
25.12 -0.136191391919
25.14 -0.168417674129
25.16 -0.1999100047
25.18 -0.230444228264
25.2 -0.259811946304
25.22 -0.2878227359
25.24 -0.314305605024
25.26 -0.339109701373
25.28 -0.362104325896
25.3 -0.38317833097
25.32 -0.402239003928
25.34 -0.419210550739
25.36 -0.434032301649
25.38 -0.446656761561
25.4 -0.457047624325
25.42 -0.465177862171
25.44 -0.471027991336
25.46 -0.474584601905
25.48 -0.47583922595
25.5 -0.474787602551
25.52 -0.471429381439
25.54 -0.465768289737
25.56 -0.45781276694
25.58 -0.447577053321
25.6 -0.43508269563
25.62 -0.420360411221
25.64 -0.403452228928
25.66 -0.384413801928
25.68 -0.363316766251
25.7 -0.34025099971
25.72 -0.315326622073
25.74 -0.288675570004
25.76 -0.260452582397
25.78 -0.230835444465
25.8 -0.20002436447
25.82 -0.168240394742
25.84 -0.135722858244
25.86 -0.1027258007
25.88 -0.0695135519012
25.9 -0.0363555435749
25.92 -0.00352058871072
25.94 0.0287291270668
25.96 0.0601440626832
25.98 0.0904930593809
26.0 0.119568523988
26.02 0.147190815574
26.04 0.173211643594
26.06 0.197516347131
26.08 0.220024992655
26.1 0.240692294734
26.12 0.259506425743
26.14 0.276486831896
26.16 0.291681211376
26.18 0.305161835323
26.2 0.317021403159
26.22 0.327368622833
26.24 0.336323695096
26.26 0.344013861793
26.28 0.350569153979
26.3 0.356118448091
26.32 0.360785910171
26.34 0.364687880506
26.36 0.367930225353
26.38 0.370606160055
26.4 0.37279452935
26.42 0.374558516718
26.44 0.375944745679
26.46 0.37698273183
26.48 0.377684645221
26.5 0.378045347618
26.52 0.378042677591
26.54 0.377637967096
26.56 0.376776784867
26.58 0.375389913262
26.6 0.373394574588
26.62 0.370695929277
26.64 0.367188870439
26.66 0.362760136623
26.68 0.357290756759
26.7 0.350658828514
26.72 0.342742613798
26.74 0.333423914677
26.76 0.322591669821
26.78 0.310145688386
26.8 0.29600041594
26.82 0.280088608294
26.84 0.262364774921
26.86 0.242808246765
26.88 0.221425723802
26.9 0.198253167889
26.92 0.173356925373
26.94 0.146833992016
26.96 0.118811368425
26.98 0.0894444958381
27.0 0.0589148065705
27.02 0.0274264688045
27.04 -0.00479755274861
27.06 -0.0375199629996
27.08 -0.070493944972
27.1 -0.103468110807
27.12 -0.136191391922
27.14 -0.168417674131
27.16 -0.199910004699
27.18 -0.230444228262
27.2 -0.259811946308
27.22 -0.287822735895
27.24 -0.314305605029
27.26 -0.339109701369
27.28 -0.362104325897
27.3 -0.383178330971
27.32 -0.402239003926
27.34 -0.419210550741
27.36 -0.434032301647
27.38 -0.446656761561
27.4 -0.457047624328
27.42 -0.465177862169
27.44 -0.471027991337
27.46 -0.474584601904
27.48 -0.47583922595
27.5 -0.474787602551
27.52 -0.471429381437
27.54 -0.465768289739
27.56 -0.45781276694
27.58 -0.447577053317
27.6 -0.435082695633
27.62 -0.420360411221
27.64 -0.403452228926
27.66 -0.38441380193
27.68 -0.363316766249
27.7 -0.340250999713
27.72 -0.315326622071
27.74 -0.288675570002
27.76 -0.2604525824
27.78 -0.230835444463
27.8 -0.200024364471
27.82 -0.168240394743
27.84 -0.135722858244
27.86 -0.102725800699
27.88 -0.0695135519032
27.9 -0.036355543573
27.92 -0.00352058871101
27.94 0.0287291270642
27.96 0.0601440626866
27.98 0.0904930593777
28.0 0.11956852399
28.02 0.147190815576
28.04 0.17321164359
28.06 0.197516347133
28.08 0.220024992657
28.1 0.240692294729
28.12 0.259506425746
28.14 0.276486831893
28.16 0.291681211377
28.18 0.305161835324
28.2 0.317021403157
28.22 0.327368622835
28.24 0.336323695096
28.26 0.344013861791
28.28 0.350569153981
28.3 0.356118448091
28.32 0.360785910171
28.34 0.364687880506
28.36 0.367930225353
28.38 0.370606160056
28.4 0.37279452935
28.42 0.374558516718
28.44 0.375944745679
28.46 0.37698273183
28.48 0.377684645221
28.5 0.378045347618
28.52 0.378042677591
28.54 0.377637967097
28.56 0.376776784867
28.58 0.375389913262
28.6 0.373394574588
28.62 0.370695929276
28.64 0.367188870441
28.66 0.362760136622
28.68 0.357290756758
28.7 0.350658828517
28.72 0.342742613797
28.74 0.333423914676
28.76 0.322591669824
28.78 0.310145688385
28.8 0.29600041594
28.82 0.280088608294
28.84 0.26236477492
28.86 0.242808246767
28.88 0.221425723801
28.9 0.198253167887
28.92 0.173356925376
28.94 0.146833992012
28.96 0.118811368426
28.98 0.0894444958426
29.0 0.0589148065671
29.02 0.0274264688055
29.04 -0.00479755274957
29.06 -0.0375199630009
29.08 -0.0704939449683
29.1 -0.103468110809
29.12 -0.136191391923
29.14 -0.168417674128
29.16 -0.1999100047
29.18 -0.230444228264
29.2 -0.259811946304
29.22 -0.2878227359
29.24 -0.314305605024
29.26 -0.339109701372
29.28 -0.362104325896
29.3 -0.38317833097
29.32 -0.402239003928
29.34 -0.419210550739
29.36 -0.434032301649
29.38 -0.446656761561
29.4 -0.457047624325
29.42 -0.465177862171
29.44 -0.471027991336
29.46 -0.474584601904
29.48 -0.47583922595
29.5 -0.474787602551
29.52 -0.471429381437
29.54 -0.46576828974
29.56 -0.457812766937
29.58 -0.447577053322
29.6 -0.43508269563
29.62 -0.420360411221
29.64 -0.403452228928
29.66 -0.384413801928
29.68 -0.363316766249
29.7 -0.340250999714
29.72 -0.315326622069
29.74 -0.288675570005
29.76 -0.260452582397
29.78 -0.230835444463
29.8 -0.200024364472
29.82 -0.168240394742
29.84 -0.135722858241
29.86 -0.102725800702
29.88 -0.0695135519027
29.9 -0.036355543572
29.92 -0.00352058871216
29.94 0.0287291270686
29.96 0.0601440626795
29.98 0.0904930593811
30.0 0.119568523992
30.02 0.147190815572
30.04 0.173211643593
30.06 0.197516347134
30.08 0.220024992654
30.1 0.24069229473
30.12 0.259506425748
30.14 0.276486831891
30.16 0.291681211379
30.18 0.305161835322
30.2 0.317021403158
30.22 0.327368622836
30.24 0.336323695094
30.26 0.344013861791
30.28 0.350569153982
30.3 0.35611844809
30.32 0.360785910171
30.34 0.364687880507
30.36 0.367930225352
30.38 0.370606160056
30.4 0.372794529349
30.42 0.374558516718
30.44 0.37594474568
30.46 0.37698273183
30.48 0.377684645221
30.5 0.378045347617
30.52 0.378042677591
30.54 0.377637967096
30.56 0.376776784867
30.58 0.375389913262
30.6 0.373394574587
30.62 0.370695929277
30.64 0.36718887044
30.66 0.36276013662
30.68 0.357290756761
30.7 0.350658828515
30.72 0.342742613796
30.74 0.333423914677
30.76 0.322591669822
30.78 0.310145688384
30.8 0.296000415942
30.82 0.28008860829
30.84 0.262364774923
30.86 0.242808246767
30.88 0.221425723798
30.9 0.198253167891
30.92 0.173356925374
30.94 0.146833992011
30.96 0.118811368428
30.98 0.0894444958408
31.0 0.0589148065662
31.02 0.0274264688072
31.04 -0.00479755275151
31.06 -0.0375199629976
31.08 -0.0704939449705
31.1 -0.103468110812
31.12 -0.136191391918
31.14 -0.168417674128
31.16 -0.199910004702
31.18 -0.230444228261
31.2 -0.259811946307
31.22 -0.287822735899
31.24 -0.314305605024
31.26 -0.339109701374
31.28 -0.362104325893
31.3 -0.383178330972
31.32 -0.402239003928
31.34 -0.41921055074
31.36 -0.434032301646
31.38 -0.446656761566
31.4 -0.457047624321
31.42 -0.465177862172
31.44 -0.471027991336
31.46 -0.474584601905
31.48 -0.47583922595
31.5 -0.474787602551
31.52 -0.471429381437
31.54 -0.465768289738
31.56 -0.45781276694
31.58 -0.447577053321
31.6 -0.43508269563
31.62 -0.420360411221
31.64 -0.403452228928
31.66 -0.384413801928
31.68 -0.363316766251
31.7 -0.340250999711
31.72 -0.315326622074
31.74 -0.288675570002
31.76 -0.260452582396
31.78 -0.230835444465
31.8 -0.200024364472
31.82 -0.168240394738
31.84 -0.135722858246
31.86 -0.102725800702
31.88 -0.069513551899
31.9 -0.0363555435755
31.92 -0.0035205887085
31.94 0.0287291270645
31.96 0.0601440626814
31.98 0.0904930593848
32.0 0.119568523985
32.02 0.147190815576
32.04 0.173211643593
32.06 0.197516347132
32.08 0.220024992656
32.1 0.240692294733
32.12 0.259506425743
32.14 0.276486831896
32.16 0.291681211375
32.18 0.305161835324
32.2 0.317021403159
32.22 0.327368622833
32.24 0.336323695096
32.26 0.344013861793
32.28 0.350569153979
32.3 0.35611844809
32.32 0.360785910172
32.34 0.364687880506
32.36 0.367930225353
32.38 0.370606160056
32.4 0.37279452935
32.42 0.374558516718
32.44 0.375944745679
32.46 0.37698273183
32.48 0.377684645221
32.5 0.378045347618
32.52 0.378042677591
32.54 0.377637967096
32.56 0.376776784867
32.58 0.375389913262
32.6 0.373394574589
32.62 0.370695929276
32.64 0.36718887044
32.66 0.362760136621
32.68 0.35729075676
32.7 0.350658828513
32.72 0.342742613801
32.74 0.333423914675
32.76 0.322591669822
32.78 0.310145688386
32.8 0.29600041594
32.82 0.280088608293
32.84 0.262364774922
32.86 0.242808246764
32.88 0.221425723805
32.9 0.198253167887
32.92 0.173356925373
32.94 0.146833992014
32.96 0.118811368427
32.98 0.089444495839
33.0 0.0589148065694
33.02 0.0274264688045
33.04 -0.00479755274641
33.06 -0.0375199630012
33.08 -0.070493944972
33.1 -0.103468110809
33.12 -0.136191391919
33.14 -0.168417674131
33.16 -0.199910004697
33.18 -0.230444228263
33.2 -0.259811946308
33.22 -0.287822735898
33.24 -0.314305605024
33.26 -0.339109701373
33.28 -0.362104325896
33.3 -0.383178330971
33.32 -0.402239003926
33.34 -0.41921055074
33.36 -0.43403230165
33.38 -0.446656761561
33.4 -0.457047624324
33.42 -0.465177862173
33.44 -0.471027991336
33.46 -0.474584601904
33.48 -0.47583922595
33.5 -0.474787602551
33.52 -0.471429381439
33.54 -0.465768289737
33.56 -0.45781276694
33.58 -0.44757705332
33.6 -0.43508269563
33.62 -0.420360411222
33.64 -0.403452228926
33.66 -0.384413801928
33.68 -0.363316766252
33.7 -0.34025099971
33.72 -0.315326622073
33.74 -0.288675570003
33.76 -0.260452582399
33.78 -0.230835444464
33.8 -0.20002436447
33.82 -0.168240394742
33.84 -0.135722858245
33.86 -0.102725800699
33.88 -0.0695135519046
33.9 -0.0363555435733
33.92 -0.00352058870872
33.94 0.0287291270655
33.96 0.0601440626828
33.98 0.0904930593811
34.0 0.119568523988
34.02 0.147190815575
34.04 0.17321164359
34.06 0.197516347134
34.08 0.220024992657
34.1 0.24069229473
34.12 0.259506425744
34.14 0.276486831896
34.16 0.291681211375
34.18 0.305161835326
34.2 0.317021403154
34.22 0.327368622836
34.24 0.336323695096
34.26 0.344013861791
34.28 0.35056915398
34.3 0.356118448092
34.32 0.360785910169
34.34 0.364687880507
34.36 0.367930225353
34.38 0.370606160055
34.4 0.37279452935
34.42 0.374558516718
34.44 0.375944745679
34.46 0.37698273183
34.48 0.377684645221
34.5 0.378045347618
34.52 0.378042677591
34.54 0.377637967097
34.56 0.376776784867
34.58 0.375389913262
34.6 0.373394574588
34.62 0.370695929276
34.64 0.36718887044
34.66 0.362760136621
34.68 0.35729075676
34.7 0.350658828515
34.72 0.342742613798
34.74 0.333423914676
34.76 0.322591669824
34.78 0.310145688384
34.8 0.29600041594
34.82 0.280088608293
34.84 0.262364774921
34.86 0.242808246767
34.88 0.221425723803
34.9 0.198253167884
34.92 0.173356925379
34.94 0.146833992011
34.96 0.118811368425
34.98 0.0894444958406
35.0 0.0589148065693
35.02 0.0274264688051
35.04 -0.00479755274815
35.06 -0.0375199630012
35.08 -0.0704939449698
35.1 -0.10346811081
35.12 -0.136191391922
35.14 -0.168417674127
35.16 -0.199910004701
35.18 -0.230444228264
35.2 -0.259811946304
35.22 -0.287822735899
35.24 -0.314305605026
35.26 -0.339109701371
35.28 -0.362104325897
35.3 -0.383178330971
35.32 -0.402239003925
35.34 -0.419210550743
35.36 -0.434032301645
35.38 -0.446656761563
35.4 -0.457047624326
35.42 -0.465177862169
35.44 -0.471027991337
35.46 -0.474584601904
35.48 -0.475839225949
35.5 -0.474787602553
35.52 -0.471429381436
35.54 -0.465768289738
35.56 -0.45781276694
35.58 -0.44757705332
35.6 -0.435082695631
35.62 -0.420360411221
35.64 -0.403452228928
35.66 -0.384413801928
35.68 -0.36331676625
35.7 -0.340250999713
35.72 -0.31532662207
35.74 -0.288675570004
35.76 -0.260452582399
35.78 -0.230835444461
35.8 -0.200024364473
35.82 -0.16824039474
35.84 -0.135722858244
35.86 -0.102725800702
35.88 -0.0695135519016
35.9 -0.0363555435726
35.92 -0.0035205887132
35.94 0.028729127069
35.96 0.06014406268
35.98 0.0904930593835
36.0 0.119568523989
36.02 0.147190815572
36.04 0.17321164359
36.06 0.197516347136
36.08 0.220024992654
36.1 0.240692294732
36.12 0.259506425745
36.14 0.276486831894
36.16 0.291681211378
36.18 0.305161835322
36.2 0.317021403157
36.22 0.327368622837
36.24 0.336323695094
36.26 0.344013861792
36.28 0.350569153981
36.3 0.35611844809
36.32 0.360785910171
36.34 0.364687880508
36.36 0.367930225351
36.38 0.370606160057
36.4 0.372794529349
36.42 0.374558516719
36.44 0.375944745679
36.46 0.37698273183
36.48 0.377684645221
36.5 0.378045347617
36.52 0.378042677592
36.54 0.377637967096
36.56 0.376776784867
36.58 0.375389913262
36.6 0.373394574587
36.62 0.370695929278
36.64 0.36718887044
36.66 0.362760136619
36.68 0.357290756761
36.7 0.350658828514
36.72 0.342742613797
36.74 0.333423914677
36.76 0.322591669824
36.78 0.310145688383
36.8 0.296000415942
36.82 0.280088608291
36.84 0.262364774923
36.86 0.242808246766
36.88 0.2214257238
36.9 0.19825316789
36.92 0.173356925376
36.94 0.146833992009
36.96 0.118811368428
36.98 0.0894444958401
37.0 0.0589148065673
37.02 0.0274264688072
37.04 -0.00479755275096
37.06 -0.0375199629989
37.08 -0.0704939449683
37.1 -0.103468110813
37.12 -0.136191391918
37.14 -0.16841767413
37.16 -0.199910004701
37.18 -0.230444228261
37.2 -0.259811946306
37.22 -0.2878227359
37.24 -0.314305605024
37.26 -0.339109701373
37.28 -0.362104325895
37.3 -0.383178330972
37.32 -0.402239003927
37.34 -0.41921055074
37.36 -0.434032301645
37.38 -0.446656761567
37.4 -0.457047624322
37.42 -0.465177862173
37.44 -0.471027991335
37.46 -0.474584601905
37.48 -0.47583922595
37.5 -0.474787602551
37.52 -0.471429381439
37.54 -0.465768289737
37.56 -0.45781276694
37.58 -0.447577053321
37.6 -0.435082695628
37.62 -0.420360411224
37.64 -0.403452228926
37.66 -0.384413801928
37.68 -0.363316766251
37.7 -0.340250999711
37.72 -0.315326622073
37.74 -0.288675570003
37.76 -0.260452582396
37.78 -0.230835444465
37.8 -0.200024364474
37.82 -0.168240394737
37.84 -0.135722858246
37.86 -0.1027258007
37.88 -0.0695135519009
37.9 -0.0363555435755
37.92 -0.00352058870872
37.94 0.0287291270631
37.96 0.0601440626832
37.98 0.0904930593846
38.0 0.119568523986
38.02 0.147190815574
38.04 0.173211643594
38.06 0.197516347131
38.08 0.220024992654
38.1 0.240692294734
38.12 0.259506425742
38.14 0.276486831896
38.16 0.291681211376
38.18 0.305161835323
38.2 0.317021403159
38.22 0.327368622833
38.24 0.336323695096
38.26 0.344013861793
38.28 0.350569153979
38.3 0.356118448091
38.32 0.360785910171
38.34 0.364687880506
38.36 0.367930225353
38.38 0.370606160055
38.4 0.37279452935
38.42 0.374558516718
38.44 0.375944745679
38.46 0.37698273183
38.48 0.377684645221
38.5 0.378045347618
38.52 0.378042677592
38.54 0.377637967096
38.56 0.376776784867
38.58 0.375389913262
38.6 0.373394574587
38.62 0.370695929277
38.64 0.367188870439
38.66 0.362760136622
38.68 0.357290756759
38.7 0.350658828513
38.72 0.342742613799
38.74 0.333423914677
38.76 0.322591669821
38.78 0.310145688386
38.8 0.296000415943
38.82 0.280088608289
38.84 0.262364774924
38.86 0.242808246764
38.88 0.221425723803
38.9 0.198253167889
38.92 0.173356925373
38.94 0.146833992016
38.96 0.118811368425
38.98 0.0894444958383
39.0 0.0589148065704
39.02 0.0274264688065
39.04 -0.00479755275226
39.06 -0.0375199629972
39.08 -0.0704939449726
39.1 -0.103468110807
39.12 -0.136191391921
39.14 -0.168417674131
39.16 -0.199910004699
39.18 -0.230444228262
39.2 -0.259811946308
39.22 -0.287822735897
39.24 -0.314305605025
39.26 -0.339109701373
39.28 -0.362104325896
39.3 -0.383178330971
39.32 -0.402239003927
39.34 -0.41921055074
39.36 -0.434032301647
39.38 -0.446656761561
39.4 -0.457047624328
39.42 -0.465177862169
39.44 -0.471027991337
39.46 -0.474584601904
39.48 -0.47583922595
39.5 -0.474787602551
39.52 -0.471429381437
39.54 -0.465768289738
39.56 -0.457812766942
39.58 -0.447577053316
39.6 -0.435082695633
39.62 -0.420360411221
39.64 -0.403452228926
39.66 -0.38441380193
39.68 -0.363316766251
39.7 -0.340250999711
39.72 -0.315326622071
39.74 -0.288675570003
39.76 -0.260452582399
39.78 -0.230835444464
39.8 -0.20002436447
39.82 -0.168240394743
39.84 -0.135722858243
39.86 -0.102725800699
39.88 -0.0695135519032
39.9 -0.0363555435742
39.92 -0.00352058870872
39.94 0.028729127065
39.96 0.0601440626828
39.98 0.0904930593803
