0.0 0.253375459564
0.02 0.401324048833
0.04 0.544969689391
0.06 0.683581727637
0.08 0.816541234282
0.1 0.943344950565
0.12 1.06360482107
0.14 1.17704347191
0.16 1.2834861745
0.18 1.38284996628
0.2 1.47513067774
0.22 1.56038864275
0.24 1.63873385039
0.26 1.71031123839
0.28 1.77528673841
0.3 1.83383457006
0.32 1.88612615188
0.34 1.93232086295
0.36 1.97255875548
0.38 2.00695519552
0.4 2.03559730362
0.42 2.05854198479
0.44 2.07581528405
0.46 2.08741278157
0.48 2.093300751
0.5 2.09341784257
0.52 2.08767711471
0.54 2.07596831586
0.56 2.05816040245
0.58 2.03410436008
0.6 2.0036364624
0.62 1.96658214755
0.64 1.92276070876
0.66 1.87199098085
0.68 1.81409815691
0.7 1.74892179292
0.72 1.67632495862
0.74 1.59620437853
0.76 1.50850128835
0.78 1.41321261967
0.8 1.31040203087
0.82 1.20021023421
0.84 1.0828640355
0.86 0.958683509231
0.88 0.828086779751
0.9 0.691591966664
0.92 0.549815974899
0.94 0.403469959486
0.96 0.253351461276
0.98 0.100333382134
1.0 -0.0546498653589
1.02 -0.210618548224
1.04 -0.366565533304
1.06 -0.521475235787
1.08 -0.674342840348
1.1 -0.824193026796
1.12 -0.970097460113
1.14 -1.11119037098
1.16 -1.24668165423
1.18 -1.37586703943
1.2 -1.49813503476
1.22 -1.61297050056
1.24 -1.71995486461
1.26 -1.81876313729
1.28 -1.90915801601
1.3 -1.99098147628
1.32 -2.06414433193
1.34 -2.12861430578
1.36 -2.1844031862
1.38 -2.23155365564
1.4 -2.27012636899
1.42 -2.30018783112
1.44 -2.32179958263
1.46 -2.33500914522
1.48 -2.33984311422
1.5 -2.33630270713
1.52 -2.32436199257
1.54 -2.30396893084
1.56 -2.27504925564
1.58 -2.23751312046
1.6 -2.19126432175
1.62 -2.13621179557
1.64 -2.07228297115
1.66 -1.99943845252
1.68 -1.9176873981
1.7 -1.82710287918
1.72 -1.72783643447
1.74 -1.62013100342
1.76 -1.5043314271
1.78 -1.38089175972
1.8 -1.25037874
1.82 -1.11347093307
1.84 -0.970953264506
1.86 -0.823706919155
1.88 -0.672694853147
1.9 -0.518943443678
1.92 -0.363521058587
1.94 -0.207514536537
1.96 -0.0520047135116
1.98 0.101957806127
2.0 0.253375459564
2.02 0.401324048833
2.04 0.544969689391
2.06 0.683581727637
2.08 0.816541234282
2.1 0.943344950565
2.12 1.06360482107
2.14 1.17704347191
2.16 1.2834861745
2.18 1.38284996628
2.2 1.47513067774
2.22 1.56038864276
2.24 1.63873385039
2.26 1.71031123838
2.28 1.77528673841
2.3 1.83383457006
2.32 1.88612615188
2.34 1.93232086295
2.36 1.97255875548
2.38 2.00695519551
2.4 2.03559730362
2.42 2.05854198479
2.44 2.07581528405
2.46 2.08741278157
2.48 2.093300751
2.5 2.09341784257
2.52 2.08767711471
2.54 2.07596831586
2.56 2.05816040245
2.58 2.03410436008
2.6 2.0036364624
2.62 1.96658214755
2.64 1.92276070876
2.66 1.87199098085
2.68 1.81409815692
2.7 1.74892179292
2.72 1.67632495862
2.74 1.59620437853
2.76 1.50850128835
2.78 1.41321261967
2.8 1.31040203087
2.82 1.20021023421
2.84 1.0828640355
2.86 0.95868350923
2.88 0.828086779754
2.9 0.691591966663
2.92 0.549815974901
2.94 0.403469959483
2.96 0.253351461276
2.98 0.100333382137
3.0 -0.0546498653589
3.02 -0.210618548225
3.04 -0.366565533304
3.06 -0.521475235787
3.08 -0.674342840348
3.1 -0.824193026796
3.12 -0.970097460113
3.14 -1.11119037098
3.16 -1.24668165423
3.18 -1.37586703943
3.2 -1.49813503476
3.22 -1.61297050056
3.24 -1.7199548646
3.26 -1.81876313729
3.28 -1.90915801602
3.3 -1.99098147628
3.32 -2.06414433193
3.34 -2.12861430578
3.36 -2.1844031862
3.38 -2.23155365565
3.4 -2.27012636897
3.42 -2.30018783113
3.44 -2.32179958262
3.46 -2.33500914523
3.48 -2.33984311422
3.5 -2.33630270713
3.52 -2.32436199257
3.54 -2.30396893084
3.56 -2.27504925564
3.58 -2.23751312046
3.6 -2.19126432175
3.62 -2.13621179557
3.64 -2.07228297115
3.66 -1.99943845252
3.68 -1.9176873981
3.7 -1.82710287919
3.72 -1.72783643447
3.74 -1.62013100342
3.76 -1.50433142711
3.78 -1.38089175972
3.8 -1.25037874
3.82 -1.11347093307
3.84 -0.970953264506
3.86 -0.823706919155
3.88 -0.672694853147
3.9 -0.518943443676
3.92 -0.363521058591
3.94 -0.207514536535
3.96 -0.0520047135116
3.98 0.101957806128
4.0 0.253375459562
4.02 0.401324048834
4.04 0.544969689391
4.06 0.683581727637
4.08 0.816541234284
4.1 0.943344950562
4.12 1.06360482107
4.14 1.17704347191
4.16 1.2834861745
4.18 1.38284996628
4.2 1.47513067774
4.22 1.56038864276
4.24 1.63873385039
4.26 1.71031123839
4.28 1.77528673841
4.3 1.83383457006
4.32 1.88612615188
4.34 1.93232086296
4.36 1.97255875548
4.38 2.00695519552
4.4 2.03559730362
4.42 2.05854198479
4.44 2.07581528405
4.46 2.08741278157
4.48 2.093300751
4.5 2.09341784257
4.52 2.08767711471
4.54 2.07596831586
4.56 2.05816040245
4.58 2.03410436008
4.6 2.0036364624
4.62 1.96658214755
4.64 1.92276070876
4.66 1.87199098085
4.68 1.81409815692
4.7 1.74892179292
4.72 1.67632495862
4.74 1.59620437853
4.76 1.50850128835
4.78 1.41321261967
4.8 1.31040203087
4.82 1.20021023421
4.84 1.0828640355
4.86 0.95868350923
4.88 0.828086779753
4.9 0.691591966666
4.92 0.549815974896
4.94 0.403469959487
4.96 0.253351461276
4.98 0.100333382136
5.0 -0.0546498653607
5.02 -0.210618548224
5.04 -0.366565533304
5.06 -0.521475235787
5.08 -0.674342840346
5.1 -0.824193026797
5.12 -0.970097460115
5.14 -1.11119037097
5.16 -1.24668165423
5.18 -1.37586703943
5.2 -1.49813503476
5.22 -1.61297050056
5.24 -1.71995486461
5.26 -1.81876313729
5.28 -1.90915801602
5.3 -1.99098147628
5.32 -2.06414433193
5.34 -2.12861430578
5.36 -2.1844031862
5.38 -2.23155365565
5.4 -2.27012636897
5.42 -2.30018783113
5.44 -2.32179958262
5.46 -2.33500914523
5.48 -2.33984311422
5.5 -2.33630270713
5.52 -2.32436199257
5.54 -2.30396893084
5.56 -2.27504925564
5.58 -2.23751312046
5.6 -2.19126432175
5.62 -2.13621179557
5.64 -2.07228297115
5.66 -1.99943845252
5.68 -1.9176873981
5.7 -1.82710287918
5.72 -1.72783643448
5.74 -1.62013100341
5.76 -1.50433142711
5.78 -1.38089175972
5.8 -1.25037874
5.82 -1.11347093307
5.84 -0.970953264506
5.86 -0.823706919155
5.88 -0.672694853144
5.9 -0.518943443683
5.92 -0.363521058585
5.94 -0.207514536537
5.96 -0.0520047135116
5.98 0.101957806128
6.0 0.253375459562
6.02 0.401324048835
6.04 0.544969689388
6.06 0.683581727637
6.08 0.816541234285
6.1 0.943344950564
6.12 1.06360482107
6.14 1.17704347191
6.16 1.2834861745
6.18 1.38284996628
6.2 1.47513067774
6.22 1.56038864276
6.24 1.63873385039
6.26 1.71031123838
6.28 1.77528673841
6.3 1.83383457006
6.32 1.88612615188
6.34 1.93232086295
6.36 1.97255875548
6.38 2.00695519551
6.4 2.03559730362
6.42 2.05854198479
6.44 2.07581528404
6.46 2.08741278157
6.48 2.093300751
6.5 2.09341784257
6.52 2.08767711471
6.54 2.07596831586
6.56 2.05816040245
6.58 2.03410436008
6.6 2.0036364624
6.62 1.96658214755
6.64 1.92276070876
6.66 1.87199098085
6.68 1.81409815692
6.7 1.74892179292
6.72 1.67632495862
6.74 1.59620437853
6.76 1.50850128835
6.78 1.41321261967
6.8 1.31040203087
6.82 1.20021023421
6.84 1.0828640355
6.86 0.958683509232
6.88 0.828086779749
6.9 0.691591966667
6.92 0.549815974899
6.94 0.403469959485
6.96 0.253351461273
6.98 0.100333382141
7.0 -0.0546498653634
7.02 -0.210618548218
7.04 -0.366565533308
7.06 -0.521475235786
7.08 -0.674342840346
7.1 -0.824193026799
7.12 -0.970097460111
7.14 -1.11119037098
7.16 -1.24668165423
7.18 -1.37586703943
7.2 -1.49813503476
7.22 -1.61297050056
7.24 -1.71995486461
7.26 -1.81876313729
7.28 -1.90915801602
7.3 -1.99098147628
7.32 -2.06414433193
7.34 -2.12861430579
7.36 -2.1844031862
7.38 -2.23155365565
7.4 -2.27012636897
7.42 -2.30018783113
7.44 -2.32179958263
7.46 -2.33500914522
7.48 -2.33984311422
7.5 -2.33630270714
7.52 -2.32436199257
7.54 -2.30396893084
7.56 -2.27504925564
7.58 -2.23751312046
7.6 -2.19126432175
7.62 -2.13621179557
7.64 -2.07228297115
7.66 -1.99943845252
7.68 -1.9176873981
7.7 -1.82710287918
7.72 -1.72783643447
7.74 -1.62013100342
7.76 -1.5043314271
7.78 -1.38089175972
7.8 -1.25037874
7.82 -1.11347093307
7.84 -0.970953264504
7.86 -0.823706919158
7.88 -0.672694853143
7.9 -0.518943443683
7.92 -0.363521058585
7.94 -0.207514536537
7.96 -0.0520047135116
7.98 0.101957806128
8.0 0.253375459562
8.02 0.401324048835
8.04 0.544969689388
8.06 0.68358172764
8.08 0.816541234279
8.1 0.943344950567
8.12 1.06360482107
8.14 1.17704347191
8.16 1.2834861745
8.18 1.38284996628
8.2 1.47513067774
8.22 1.56038864276
8.24 1.63873385039
8.26 1.71031123838
8.28 1.77528673841
8.3 1.83383457006
8.32 1.88612615188
8.34 1.93232086295
8.36 1.97255875548
8.38 2.00695519551
8.4 2.03559730362
8.42 2.05854198479
8.44 2.07581528404
8.46 2.08741278157
8.48 2.093300751
8.5 2.09341784257
8.52 2.08767711471
8.54 2.07596831586
8.56 2.05816040245
8.58 2.03410436008
8.6 2.0036364624
8.62 1.96658214755
8.64 1.92276070876
8.66 1.87199098085
8.68 1.81409815691
8.7 1.74892179293
8.72 1.67632495862
8.74 1.59620437853
8.76 1.50850128835
8.78 1.41321261967
8.8 1.31040203087
8.82 1.20021023421
8.84 1.08286403551
8.86 0.958683509223
8.88 0.828086779759
8.9 0.69159196666
8.92 0.549815974901
8.94 0.403469959485
8.96 0.253351461274
8.98 0.10033338214
9.0 -0.054649865367
9.02 -0.210618548215
9.04 -0.366565533309
9.06 -0.521475235787
9.08 -0.674342840349
9.1 -0.824193026792
9.12 -0.970097460116
9.14 -1.11119037098
9.16 -1.24668165423
9.18 -1.37586703943
9.2 -1.49813503475
9.22 -1.61297050057
9.24 -1.7199548646
9.26 -1.81876313729
9.28 -1.90915801602
9.3 -1.99098147628
9.32 -2.06414433192
9.34 -2.12861430579
9.36 -2.18440318619
9.38 -2.23155365565
9.4 -2.27012636899
9.42 -2.30018783112
9.44 -2.32179958262
9.46 -2.33500914523
9.48 -2.33984311422
9.5 -2.33630270713
9.52 -2.32436199257
9.54 -2.30396893084
9.56 -2.27504925564
9.58 -2.23751312046
9.6 -2.19126432174
9.62 -2.13621179558
9.64 -2.07228297114
9.66 -1.99943845252
9.68 -1.9176873981
9.7 -1.82710287918
9.72 -1.72783643447
9.74 -1.62013100342
9.76 -1.50433142711
9.78 -1.38089175972
9.8 -1.25037873999
9.82 -1.11347093308
9.84 -0.970953264498
9.86 -0.82370691916
9.88 -0.672694853143
9.9 -0.518943443681
9.92 -0.363521058586
9.94 -0.207514536535
9.96 -0.0520047135115
9.98 0.101957806126
10.0 0.25337545956
10.02 0.40132404884
10.04 0.544969689385
10.06 0.683581727641
10.08 0.816541234278
10.1 0.943344950569
10.12 1.06360482106
10.14 1.17704347191
10.16 1.28348617449
10.18 1.38284996629
10.2 1.47513067774
10.22 1.56038864276
10.24 1.63873385039
10.26 1.71031123839
10.28 1.77528673841
10.3 1.83383457006
10.32 1.88612615188
10.34 1.93232086296
10.36 1.97255875548
10.38 2.00695519551
10.4 2.03559730362
10.42 2.05854198479
10.44 2.07581528405
10.46 2.08741278157
10.48 2.093300751
10.5 2.09341784257
10.52 2.08767711471
10.54 2.07596831586
10.56 2.05816040246
10.58 2.03410436008
10.6 2.0036364624
10.62 1.96658214755
10.64 1.92276070876
10.66 1.87199098085
10.68 1.81409815691
10.7 1.74892179293
10.72 1.67632495862
10.74 1.59620437853
10.76 1.50850128835
10.78 1.41321261967
10.8 1.31040203086
10.82 1.20021023422
10.84 1.0828640355
10.86 0.958683509227
10.88 0.828086779753
10.9 0.691591966664
10.92 0.549815974902
10.94 0.40346995948
10.96 0.253351461281
10.98 0.100333382131
11.0 -0.0546498653578
11.02 -0.210618548224
11.04 -0.366565533304
11.06 -0.521475235786
11.08 -0.67434284035
11.1 -0.824193026793
11.12 -0.970097460117
11.14 -1.11119037097
11.16 -1.24668165423
11.18 -1.37586703942
11.2 -1.49813503476
11.22 -1.61297050056
11.24 -1.71995486461
11.26 -1.81876313729
11.28 -1.90915801602
11.3 -1.99098147628
11.32 -2.06414433193
11.34 -2.12861430579
11.36 -2.18440318619
11.38 -2.23155365566
11.4 -2.27012636897
11.42 -2.30018783113
11.44 -2.32179958263
11.46 -2.33500914522
11.48 -2.33984311422
11.5 -2.33630270713
11.52 -2.32436199257
11.54 -2.30396893085
11.56 -2.27504925563
11.58 -2.23751312047
11.6 -2.19126432173
11.62 -2.13621179558
11.64 -2.07228297114
11.66 -1.99943845252
11.68 -1.9176873981
11.7 -1.82710287918
11.72 -1.72783643447
11.74 -1.62013100342
11.76 -1.5043314271
11.78 -1.38089175972
11.8 -1.25037874
11.82 -1.11347093307
11.84 -0.970953264506
11.86 -0.823706919155
11.88 -0.672694853145
11.9 -0.518943443675
11.92 -0.363521058594
11.94 -0.207514536533
11.96 -0.0520047135115
11.98 0.101957806125
12.0 0.253375459567
12.02 0.401324048832
12.04 0.544969689389
12.06 0.683581727636
12.08 0.816541234287
12.1 0.94334495056
12.12 1.06360482107
12.14 1.1770434719
12.16 1.2834861745
12.18 1.38284996628
12.2 1.47513067774
12.22 1.56038864276
12.24 1.63873385039
12.26 1.71031123839
12.28 1.77528673841
12.3 1.83383457006
12.32 1.88612615188
12.34 1.93232086296
12.36 1.97255875548
12.38 2.00695519551
12.4 2.03559730362
12.42 2.05854198479
12.44 2.07581528405
12.46 2.08741278157
12.48 2.093300751
12.5 2.09341784257
12.52 2.08767711471
12.54 2.07596831586
12.56 2.05816040246
12.58 2.03410436008
12.6 2.0036364624
12.62 1.96658214755
12.64 1.92276070876
12.66 1.87199098085
12.68 1.81409815692
12.7 1.74892179292
12.72 1.67632495862
12.74 1.59620437853
12.76 1.50850128835
12.78 1.41321261967
12.8 1.31040203086
12.82 1.20021023422
12.84 1.0828640355
12.86 0.958683509234
12.88 0.828086779747
12.9 0.691591966669
12.92 0.549815974898
12.94 0.403469959484
12.96 0.253351461277
12.98 0.100333382135
13.0 -0.0546498653651
13.02 -0.210618548208
13.04 -0.366565533318
13.06 -0.521475235785
13.08 -0.674342840349
13.1 -0.824193026787
13.12 -0.970097460121
13.14 -1.11119037098
13.16 -1.24668165423
13.18 -1.37586703942
13.2 -1.49813503476
13.22 -1.61297050057
13.24 -1.7199548646
13.26 -1.8187631373
13.28 -1.90915801601
13.3 -1.99098147629
13.32 -2.06414433192
13.34 -2.12861430579
13.36 -2.18440318619
13.38 -2.23155365564
13.4 -2.27012636898
13.42 -2.30018783113
13.44 -2.32179958263
13.46 -2.33500914523
13.48 -2.33984311422
13.5 -2.33630270714
13.52 -2.32436199257
13.54 -2.30396893085
13.56 -2.27504925563
13.58 -2.23751312047
13.6 -2.19126432174
13.62 -2.13621179559
13.64 -2.07228297114
13.66 -1.99943845252
13.68 -1.9176873981
13.7 -1.82710287918
13.72 -1.72783643447
13.74 -1.62013100342
13.76 -1.50433142712
13.78 -1.38089175971
13.8 -1.25037874
13.82 -1.11347093308
13.84 -0.970953264502
13.86 -0.823706919154
13.88 -0.672694853145
13.9 -0.518943443684
13.92 -0.363521058584
13.94 -0.207514536533
13.96 -0.0520047135142
13.98 0.101957806121
14.0 0.253375459571
14.02 0.401324048834
14.04 0.544969689384
14.06 0.68358172764
14.08 0.816541234284
14.1 0.943344950566
14.12 1.06360482106
14.14 1.17704347191
14.16 1.2834861745
14.18 1.38284996628
14.2 1.47513067774
14.22 1.56038864276
14.24 1.63873385039
14.26 1.71031123838
14.28 1.77528673842
14.3 1.83383457006
14.32 1.88612615188
14.34 1.93232086295
14.36 1.97255875548
14.38 2.00695519551
14.4 2.03559730362
14.42 2.05854198479
14.44 2.07581528405
14.46 2.08741278157
14.48 2.093300751
14.5 2.09341784257
14.52 2.08767711471
14.54 2.07596831586
14.56 2.05816040246
14.58 2.03410436008
14.6 2.0036364624
14.62 1.96658214755
14.64 1.92276070875
14.66 1.87199098085
14.68 1.81409815691
14.7 1.74892179293
14.72 1.67632495861
14.74 1.59620437853
14.76 1.50850128835
14.78 1.41321261967
14.8 1.31040203087
14.82 1.20021023421
14.84 1.0828640355
14.86 0.958683509232
14.88 0.828086779747
14.9 0.691591966672
14.92 0.549815974897
14.94 0.403469959481
14.96 0.253351461277
14.98 0.100333382139
15.0 -0.0546498653615
15.02 -0.210618548224
15.04 -0.366565533306
15.06 -0.521475235785
15.08 -0.674342840346
15.1 -0.824193026801
15.12 -0.970097460107
15.14 -1.11119037098
15.16 -1.24668165424
15.18 -1.37586703943
15.2 -1.49813503475
15.22 -1.61297050057
15.24 -1.7199548646
15.26 -1.81876313729
15.28 -1.90915801601
15.3 -1.99098147628
15.32 -2.06414433193
15.34 -2.12861430579
15.36 -2.18440318618
15.38 -2.23155365566
15.4 -2.27012636897
15.42 -2.30018783113
15.44 -2.32179958263
15.46 -2.33500914522
15.48 -2.33984311422
15.5 -2.33630270714
15.52 -2.32436199257
15.54 -2.30396893084
15.56 -2.27504925564
15.58 -2.23751312046
15.6 -2.19126432173
15.62 -2.13621179558
15.64 -2.07228297114
15.66 -1.99943845252
15.68 -1.9176873981
15.7 -1.82710287918
15.72 -1.72783643447
15.74 -1.62013100342
15.76 -1.5043314271
15.78 -1.38089175972
15.8 -1.25037874
15.82 -1.11347093307
15.84 -0.970953264506
15.86 -0.823706919154
15.88 -0.672694853149
15.9 -0.518943443673
15.92 -0.363521058596
15.94 -0.207514536529
15.96 -0.0520047135187
15.98 0.10195780613
16.0 0.253375459567
16.02 0.40132404883
16.04 0.544969689392
16.06 0.683581727636
16.08 0.816541234284
16.1 0.943344950561
16.12 1.06360482107
16.14 1.1770434719
16.16 1.2834861745
16.18 1.38284996628
16.2 1.47513067774
16.22 1.56038864276
16.24 1.63873385039
16.26 1.71031123839
16.28 1.77528673841
16.3 1.83383457006
16.32 1.88612615188
16.34 1.93232086296
16.36 1.97255875548
16.38 2.00695519551
16.4 2.03559730362
16.42 2.05854198479
16.44 2.07581528405
16.46 2.08741278157
16.48 2.093300751
16.5 2.09341784257
16.52 2.08767711471
16.54 2.07596831586
16.56 2.05816040246
16.58 2.03410436008
16.6 2.0036364624
16.62 1.96658214755
16.64 1.92276070876
16.66 1.87199098085
16.68 1.81409815692
16.7 1.74892179293
16.72 1.67632495862
16.74 1.59620437853
16.76 1.50850128835
16.78 1.41321261967
16.8 1.31040203087
16.82 1.20021023422
16.84 1.0828640355
16.86 0.958683509233
16.88 0.828086779749
16.9 0.69159196667
16.92 0.549815974896
16.94 0.403469959482
16.96 0.253351461278
16.98 0.100333382138
17.0 -0.0546498653615
17.02 -0.210618548224
17.04 -0.366565533304
17.06 -0.521475235788
17.08 -0.674342840346
17.1 -0.8241930268
17.12 -0.970097460107
17.14 -1.11119037098
17.16 -1.24668165424
17.18 -1.37586703943
17.2 -1.49813503475
17.22 -1.61297050057
17.24 -1.7199548646
17.26 -1.81876313729
17.28 -1.90915801601
17.3 -1.99098147628
17.32 -2.06414433193
17.34 -2.12861430579
17.36 -2.18440318618
17.38 -2.23155365566
17.4 -2.27012636897
17.42 -2.30018783113
17.44 -2.32179958262
17.46 -2.33500914523
17.48 -2.33984311422
17.5 -2.33630270713
17.52 -2.32436199257
17.54 -2.30396893084
17.56 -2.27504925564
17.58 -2.23751312046
17.6 -2.19126432174
17.62 -2.13621179558
17.64 -2.07228297114
17.66 -1.99943845252
17.68 -1.9176873981
17.7 -1.82710287918
17.72 -1.72783643448
17.74 -1.62013100341
17.76 -1.5043314271
17.78 -1.38089175973
17.8 -1.25037873999
17.82 -1.11347093308
17.84 -0.970953264501
17.86 -0.823706919165
17.88 -0.672694853139
17.9 -0.518943443675
17.92 -0.363521058596
17.94 -0.207514536533
17.96 -0.0520047135105
17.98 0.101957806128
18.0 0.253375459558
18.02 0.401324048837
18.04 0.54496968939
18.06 0.68358172764
18.08 0.816541234273
18.1 0.943344950572
18.12 1.06360482107
18.14 1.1770434719
18.16 1.2834861745
18.18 1.38284996628
18.2 1.47513067774
18.22 1.56038864275
18.24 1.6387338504
18.26 1.71031123839
18.28 1.77528673841
18.3 1.83383457006
18.32 1.88612615188
18.34 1.93232086296
18.36 1.97255875548
18.38 2.00695519552
18.4 2.03559730362
18.42 2.05854198479
18.44 2.07581528404
18.46 2.08741278157
18.48 2.093300751
18.5 2.09341784257
18.52 2.08767711471
18.54 2.07596831586
18.56 2.05816040245
18.58 2.03410436008
18.6 2.0036364624
18.62 1.96658214755
18.64 1.92276070875
18.66 1.87199098086
18.68 1.81409815691
18.7 1.74892179293
18.72 1.67632495862
18.74 1.59620437854
18.76 1.50850128834
18.78 1.41321261967
18.8 1.31040203088
18.82 1.20021023421
18.84 1.0828640355
18.86 0.958683509229
18.88 0.82808677976
18.9 0.691591966661
18.92 0.549815974896
18.94 0.403469959484
18.96 0.253351461284
18.98 0.10033338213
19.0 -0.0546498653642
19.02 -0.210618548209
19.04 -0.366565533317
19.06 -0.521475235787
19.08 -0.674342840346
19.1 -0.824193026789
19.12 -0.970097460122
19.14 -1.11119037098
19.16 -1.24668165423
19.18 -1.37586703942
19.2 -1.49813503476
19.22 -1.61297050057
19.24 -1.7199548646
19.26 -1.8187631373
19.28 -1.90915801602
19.3 -1.99098147628
19.32 -2.06414433192
19.34 -2.12861430579
19.36 -2.18440318619
19.38 -2.23155365563
19.4 -2.27012636899
19.42 -2.30018783112
19.44 -2.32179958263
19.46 -2.33500914523
19.48 -2.33984311422
19.5 -2.33630270714
19.52 -2.32436199257
19.54 -2.30396893085
19.56 -2.27504925563
19.58 -2.23751312046
19.6 -2.19126432175
19.62 -2.13621179558
19.64 -2.07228297114
19.66 -1.99943845252
19.68 -1.91768739811
19.7 -1.82710287918
19.72 -1.72783643447
19.74 -1.62013100342
19.76 -1.50433142711
19.78 -1.38089175971
19.8 -1.25037874
19.82 -1.11347093308
19.84 -0.970953264498
19.86 -0.823706919155
19.88 -0.672694853145
19.9 -0.518943443684
19.92 -0.363521058584
19.94 -0.207514536533
19.96 -0.0520047135124
19.98 0.101957806118
20.0 0.253375459571
20.02 0.401324048835
20.04 0.544969689383
20.06 0.683581727643
20.08 0.816541234283
20.1 0.943344950565
20.12 1.06360482106
20.14 1.17704347192
20.16 1.2834861745
20.18 1.38284996628
20.2 1.47513067774
20.22 1.56038864276
20.24 1.63873385039
20.26 1.71031123838
20.28 1.77528673842
20.3 1.83383457006
20.32 1.88612615188
20.34 1.93232086295
20.36 1.97255875548
20.38 2.00695519552
20.4 2.03559730362
20.42 2.05854198479
20.44 2.07581528405
20.46 2.08741278157
20.48 2.093300751
20.5 2.09341784257
20.52 2.08767711471
20.54 2.07596831586
20.56 2.05816040246
20.58 2.03410436008
20.6 2.0036364624
20.62 1.96658214755
20.64 1.92276070876
20.66 1.87199098084
20.68 1.81409815692
20.7 1.74892179293
20.72 1.67632495862
20.74 1.59620437853
20.76 1.50850128836
20.78 1.41321261966
20.8 1.31040203087
20.82 1.20021023421
20.84 1.0828640355
20.86 0.95868350923
20.88 0.828086779752
20.9 0.691591966661
20.92 0.549815974904
20.94 0.403469959483
20.96 0.253351461278
20.98 0.100333382129
21.0 -0.0546498653496
21.02 -0.210618548231
21.04 -0.3665655333
21.06 -0.521475235801
21.08 -0.674342840323
21.1 -0.824193026817
21.12 -0.970097460102
21.14 -1.11119037098
21.16 -1.24668165423
21.18 -1.37586703943
21.2 -1.49813503475
21.22 -1.61297050057
21.24 -1.7199548646
21.26 -1.81876313729
21.28 -1.90915801602
21.3 -1.99098147628
21.32 -2.06414433193
21.34 -2.12861430578
21.36 -2.18440318619
21.38 -2.23155365567
21.4 -2.27012636896
21.42 -2.30018783113
21.44 -2.32179958262
21.46 -2.33500914523
21.48 -2.33984311422
21.5 -2.33630270714
21.52 -2.32436199257
21.54 -2.30396893084
21.56 -2.27504925564
21.58 -2.23751312046
21.6 -2.19126432174
21.62 -2.13621179558
21.64 -2.07228297114
21.66 -1.99943845252
21.68 -1.9176873981
21.7 -1.82710287917
21.72 -1.72783643449
21.74 -1.62013100341
21.76 -1.50433142711
21.78 -1.38089175971
21.8 -1.25037874001
21.82 -1.11347093306
21.84 -0.970953264506
21.86 -0.823706919152
21.88 -0.67269485316
21.9 -0.518943443664
21.92 -0.363521058598
21.94 -0.207514536533
21.96 -0.0520047135134
21.98 0.101957806136
22.0 0.253375459556
22.02 0.401324048834
22.04 0.54496968939
22.06 0.683581727643
22.08 0.816541234277
22.1 0.943344950563
22.12 1.06360482107
22.14 1.17704347191
22.16 1.28348617449
22.18 1.38284996629
22.2 1.47513067774
22.22 1.56038864276
22.24 1.63873385038
22.26 1.71031123839
22.28 1.77528673841
22.3 1.83383457006
22.32 1.88612615187
22.34 1.93232086296
22.36 1.97255875548
22.38 2.00695519551
22.4 2.03559730362
22.42 2.05854198479
22.44 2.07581528404
22.46 2.08741278157
22.48 2.093300751
22.5 2.09341784257
22.52 2.08767711471
22.54 2.07596831586
22.56 2.05816040245
22.58 2.03410436008
22.6 2.00363646241
22.62 1.96658214754
22.64 1.92276070876
22.66 1.87199098085
22.68 1.81409815692
22.7 1.74892179292
22.72 1.67632495862
22.74 1.59620437853
22.76 1.50850128836
22.78 1.41321261965
22.8 1.31040203087
22.82 1.20021023421
22.84 1.0828640355
22.86 0.958683509222
22.88 0.828086779758
22.9 0.691591966668
22.92 0.549815974896
22.94 0.403469959477
22.96 0.253351461287
22.98 0.100333382133
23.0 -0.0546498653597
23.02 -0.210618548229
23.04 -0.366565533291
23.06 -0.521475235802
23.08 -0.674342840338
23.1 -0.824193026806
23.12 -0.970097460095
23.14 -1.11119037099
23.16 -1.24668165422
23.18 -1.37586703944
23.2 -1.49813503474
23.22 -1.61297050058
23.24 -1.7199548646
23.26 -1.8187631373
23.28 -1.90915801601
23.3 -1.99098147629
23.32 -2.06414433191
23.34 -2.1286143058
23.36 -2.18440318618
23.38 -2.23155365567
23.4 -2.27012636896
23.42 -2.30018783113
23.44 -2.32179958263
23.46 -2.33500914522
23.48 -2.33984311422
23.5 -2.33630270714
23.52 -2.32436199256
23.54 -2.30396893085
23.56 -2.27504925564
23.58 -2.23751312044
23.6 -2.19126432176
23.62 -2.13621179558
23.64 -2.07228297114
23.66 -1.99943845252
23.68 -1.9176873981
23.7 -1.82710287918
23.72 -1.72783643447
23.74 -1.62013100341
23.76 -1.50433142712
23.78 -1.38089175972
23.8 -1.25037874
23.82 -1.11347093307
23.84 -0.970953264504
23.86 -0.823706919163
23.88 -0.672694853144
23.9 -0.518943443671
23.92 -0.363521058605
23.94 -0.207514536516
23.96 -0.0520047135231
23.98 0.101957806129
24.0 0.253375459562
24.02 0.401324048842
24.04 0.544969689381
24.06 0.683581727638
24.08 0.816541234283
24.1 0.94334495057
24.12 1.06360482106
24.14 1.1770434719
24.16 1.2834861745
24.18 1.38284996629
24.2 1.47513067774
24.22 1.56038864275
24.24 1.63873385039
24.26 1.71031123839
24.28 1.77528673841
24.3 1.83383457006
24.32 1.88612615188
24.34 1.93232086296
24.36 1.97255875547
24.38 2.00695519552
24.4 2.03559730362
24.42 2.05854198479
24.44 2.07581528405
24.46 2.08741278157
24.48 2.093300751
24.5 2.09341784257
24.52 2.08767711471
24.54 2.07596831586
24.56 2.05816040246
24.58 2.03410436008
24.6 2.0036364624
24.62 1.96658214755
24.64 1.92276070876
24.66 1.87199098085
24.68 1.81409815691
24.7 1.74892179293
24.72 1.67632495862
24.74 1.59620437853
24.76 1.50850128836
24.78 1.41321261967
24.8 1.31040203087
24.82 1.20021023421
24.84 1.0828640355
24.86 0.958683509231
24.88 0.828086779752
24.9 0.691591966661
24.92 0.549815974904
24.94 0.403469959483
24.96 0.253351461278
24.98 0.100333382129
25.0 -0.054649865356
25.02 -0.210618548218
25.04 -0.366565533306
25.06 -0.521475235792
25.08 -0.67434284035
25.1 -0.82419302679
25.12 -0.970097460111
25.14 -1.11119037098
25.16 -1.24668165423
25.18 -1.37586703944
25.2 -1.49813503474
25.22 -1.61297050058
25.24 -1.7199548646
25.26 -1.8187631373
25.28 -1.90915801602
25.3 -1.99098147628
25.32 -2.06414433193
25.34 -2.12861430578
25.36 -2.1844031862
25.38 -2.23155365564
25.4 -2.27012636898
25.42 -2.30018783113
25.44 -2.32179958262
25.46 -2.33500914523
25.48 -2.33984311422
25.5 -2.33630270713
25.52 -2.32436199257
25.54 -2.30396893084
25.56 -2.27504925564
25.58 -2.23751312046
25.6 -2.19126432174
25.62 -2.13621179558
25.64 -2.07228297114
25.66 -1.99943845252
25.68 -1.9176873981
25.7 -1.82710287917
25.72 -1.72783643448
25.74 -1.62013100342
25.76 -1.50433142711
25.78 -1.38089175972
25.8 -1.25037873999
25.82 -1.11347093309
25.84 -0.970953264498
25.86 -0.823706919158
25.88 -0.67269485314
25.9 -0.518943443684
25.92 -0.363521058592
25.94 -0.207514536532
25.96 -0.0520047135043
25.98 0.101957806117
26.0 0.253375459564
26.02 0.401324048835
26.04 0.544969689397
26.06 0.683581727629
26.08 0.816541234277
26.1 0.943344950576
26.12 1.06360482106
26.14 1.17704347191
26.16 1.28348617449
26.18 1.38284996628
26.2 1.47513067775
26.22 1.56038864274
26.24 1.6387338504
26.26 1.71031123839
26.28 1.77528673841
26.3 1.83383457006
26.32 1.88612615188
26.34 1.93232086295
26.36 1.97255875548
26.38 2.00695519551
26.4 2.03559730362
26.42 2.05854198479
26.44 2.07581528404
26.46 2.08741278157
26.48 2.093300751
26.5 2.09341784257
26.52 2.08767711471
26.54 2.07596831586
26.56 2.05816040245
26.58 2.03410436008
26.6 2.0036364624
26.62 1.96658214755
26.64 1.92276070875
26.66 1.87199098086
26.68 1.81409815691
26.7 1.74892179292
26.72 1.67632495862
26.74 1.59620437853
26.76 1.50850128834
26.78 1.41321261967
26.8 1.31040203086
26.82 1.20021023422
26.84 1.08286403549
26.86 0.958683509223
26.88 0.828086779758
26.9 0.691591966666
26.92 0.549815974891
26.94 0.4034699595
26.96 0.253351461269
26.98 0.100333382127
27.0 -0.0546498653524
27.02 -0.210618548229
27.04 -0.366565533297
27.06 -0.521475235792
27.08 -0.674342840352
27.1 -0.82419302678
27.12 -0.970097460122
27.14 -1.11119037099
27.16 -1.24668165422
27.18 -1.37586703943
27.2 -1.49813503476
27.22 -1.61297050055
27.24 -1.71995486462
27.26 -1.81876313728
27.28 -1.90915801602
27.3 -1.99098147628
27.32 -2.06414433192
27.34 -2.12861430579
27.36 -2.18440318619
27.38 -2.23155365563
27.4 -2.27012636899
27.42 -2.30018783112
27.44 -2.32179958263
27.46 -2.33500914523
27.48 -2.33984311422
27.5 -2.33630270714
27.52 -2.32436199257
27.54 -2.30396893085
27.56 -2.27504925564
27.58 -2.23751312044
27.6 -2.19126432176
27.62 -2.13621179558
27.64 -2.07228297114
27.66 -1.99943845253
27.68 -1.91768739809
27.7 -1.82710287918
27.72 -1.72783643447
27.74 -1.62013100341
27.76 -1.50433142712
27.78 -1.38089175971
27.8 -1.25037873999
27.82 -1.11347093309
27.84 -0.970953264498
27.86 -0.82370691915
27.88 -0.67269485315
27.9 -0.518943443674
27.92 -0.363521058594
27.94 -0.207514536544
27.96 -0.0520047134872
27.98 0.101957806101
28.0 0.253375459572
28.02 0.401324048844
28.04 0.544969689378
28.06 0.683581727641
28.08 0.816541234288
28.1 0.943344950552
28.12 1.06360482108
28.14 1.1770434719
28.16 1.2834861745
28.18 1.38284996629
28.2 1.47513067774
28.22 1.56038864275
28.24 1.6387338504
28.26 1.71031123838
28.28 1.77528673842
28.3 1.83383457006
28.32 1.88612615188
28.34 1.93232086295
28.36 1.97255875548
28.38 2.00695519551
28.4 2.03559730362
28.42 2.05854198479
28.44 2.07581528405
28.46 2.08741278157
28.48 2.093300751
28.5 2.09341784257
28.52 2.08767711471
28.54 2.07596831587
28.56 2.05816040245
28.58 2.03410436008
28.6 2.0036364624
28.62 1.96658214755
28.64 1.92276070876
28.66 1.87199098086
28.68 1.8140981569
28.7 1.74892179294
28.72 1.67632495861
28.74 1.59620437853
28.76 1.50850128836
28.78 1.41321261967
28.8 1.31040203086
28.82 1.20021023422
28.84 1.08286403549
28.86 0.958683509236
28.88 0.828086779752
28.9 0.691591966659
28.92 0.549815974908
28.94 0.403469959482
28.96 0.253351461271
28.98 0.10033338215
29.0 -0.0546498653697
29.02 -0.210618548225
29.04 -0.366565533301
29.06 -0.521475235798
29.08 -0.674342840334
29.1 -0.824193026791
29.12 -0.970097460127
29.14 -1.11119037097
29.16 -1.24668165423
29.18 -1.37586703944
29.2 -1.49813503474
29.22 -1.61297050058
29.24 -1.7199548646
29.26 -1.81876313729
29.28 -1.90915801602
29.3 -1.99098147628
29.32 -2.06414433193
29.34 -2.12861430578
29.36 -2.1844031862
29.38 -2.23155365564
29.4 -2.27012636898
29.42 -2.30018783113
29.44 -2.32179958262
29.46 -2.33500914523
29.48 -2.33984311422
29.5 -2.33630270714
29.52 -2.32436199257
29.54 -2.30396893085
29.56 -2.27504925563
29.58 -2.23751312047
29.6 -2.19126432174
29.62 -2.13621179558
29.64 -2.07228297114
29.66 -1.99943845252
29.68 -1.9176873981
29.7 -1.82710287919
29.72 -1.72783643447
29.74 -1.62013100342
29.76 -1.50433142711
29.78 -1.38089175971
29.8 -1.25037874
29.82 -1.11347093309
29.84 -0.970953264484
29.86 -0.823706919165
29.88 -0.672694853147
29.9 -0.51894344367
29.92 -0.363521058599
29.94 -0.207514536523
29.96 -0.0520047135223
29.98 0.101957806118
30.0 0.253375459582
30.02 0.401324048823
30.04 0.544969689391
30.06 0.683581727644
30.08 0.816541234275
30.1 0.943344950558
30.12 1.06360482109
30.14 1.17704347189
30.16 1.28348617451
30.18 1.38284996627
30.2 1.47513067774
30.22 1.56038864276
30.24 1.63873385039
30.26 1.71031123838
30.28 1.77528673842
30.3 1.83383457006
30.32 1.88612615188
30.34 1.93232086296
30.36 1.97255875548
30.38 2.00695519552
30.4 2.03559730361
30.42 2.05854198479
30.44 2.07581528405
30.46 2.08741278157
30.48 2.093300751
30.5 2.09341784257
30.52 2.08767711471
30.54 2.07596831586
30.56 2.05816040245
30.58 2.03410436008
30.6 2.0036364624
30.62 1.96658214755
30.64 1.92276070876
30.66 1.87199098085
30.68 1.81409815692
30.7 1.74892179293
30.72 1.67632495861
30.74 1.59620437854
30.76 1.50850128835
30.78 1.41321261966
30.8 1.31040203087
30.82 1.2002102342
30.84 1.08286403551
30.86 0.958683509237
30.88 0.828086779735
30.9 0.691591966676
30.92 0.549815974899
30.94 0.403469959476
30.96 0.253351461286
30.98 0.100333382141
31.0 -0.0546498653744
31.02 -0.210618548215
31.04 -0.366565533311
31.06 -0.521475235782
31.08 -0.674342840345
31.1 -0.824193026806
31.12 -0.970097460104
31.14 -1.11119037097
31.16 -1.24668165424
31.18 -1.37586703942
31.2 -1.49813503476
31.22 -1.61297050057
31.24 -1.7199548646
31.26 -1.8187631373
31.28 -1.909158016
31.3 -1.99098147629
31.32 -2.06414433193
31.34 -2.12861430579
31.36 -2.18440318619
31.38 -2.23155365566
31.4 -2.27012636896
31.42 -2.30018783114
31.44 -2.32179958262
31.46 -2.33500914523
31.48 -2.33984311422
31.5 -2.33630270714
31.52 -2.32436199257
31.54 -2.30396893084
31.56 -2.27504925564
31.58 -2.23751312046
31.6 -2.19126432174
31.62 -2.13621179558
31.64 -2.07228297114
31.66 -1.99943845252
31.68 -1.9176873981
31.7 -1.82710287918
31.72 -1.72783643449
31.74 -1.62013100341
31.76 -1.5043314271
31.78 -1.38089175972
31.8 -1.25037874
31.82 -1.11347093307
31.84 -0.970953264509
31.86 -0.823706919166
31.88 -0.672694853129
31.9 -0.518943443687
31.92 -0.363521058581
31.94 -0.207514536542
31.96 -0.0520047135134
31.98 0.101957806136
32.0 0.253375459547
32.02 0.401324048843
32.04 0.544969689394
32.06 0.683581727633
32.08 0.816541234281
32.1 0.943344950571
32.12 1.06360482106
32.14 1.17704347191
32.16 1.28348617449
32.18 1.38284996629
32.2 1.47513067775
32.22 1.56038864275
32.24 1.63873385039
32.26 1.71031123839
32.28 1.77528673841
32.3 1.83383457006
32.32 1.88612615188
32.34 1.93232086295
32.36 1.97255875548
32.38 2.00695519551
32.4 2.03559730362
32.42 2.05854198479
32.44 2.07581528404
32.46 2.08741278157
32.48 2.093300751
32.5 2.09341784257
32.52 2.08767711471
32.54 2.07596831586
32.56 2.05816040246
32.58 2.03410436008
32.6 2.00363646241
32.62 1.96658214754
32.64 1.92276070875
32.66 1.87199098085
32.68 1.81409815692
32.7 1.74892179292
32.72 1.67632495863
32.74 1.59620437852
32.76 1.50850128835
32.78 1.41321261967
32.8 1.31040203086
32.82 1.20021023422
32.84 1.0828640355
32.86 0.958683509221
32.88 0.82808677977
32.9 0.691591966657
32.92 0.549815974893
32.94 0.403469959488
32.96 0.253351461278
32.98 0.100333382131
33.0 -0.0546498653578
33.02 -0.210618548229
33.04 -0.366565533286
33.06 -0.5214752358
33.08 -0.674342840352
33.1 -0.82419302679
33.12 -0.970097460111
33.14 -1.11119037099
33.16 -1.24668165422
33.18 -1.37586703943
33.2 -1.49813503476
33.22 -1.61297050057
33.24 -1.7199548646
33.26 -1.8187631373
33.28 -1.90915801602
33.3 -1.99098147628
33.32 -2.06414433192
33.34 -2.12861430579
33.36 -2.18440318621
33.38 -2.23155365564
33.4 -2.27012636897
33.42 -2.30018783114
33.44 -2.32179958262
33.46 -2.33500914523
33.48 -2.33984311422
33.5 -2.33630270713
33.52 -2.32436199257
33.54 -2.30396893084
33.56 -2.27504925564
33.58 -2.23751312046
33.6 -2.19126432174
33.62 -2.13621179558
33.64 -2.07228297114
33.66 -1.99943845252
33.68 -1.91768739811
33.7 -1.82710287917
33.72 -1.72783643449
33.74 -1.62013100341
33.76 -1.50433142711
33.78 -1.38089175972
33.8 -1.25037873999
33.82 -1.11347093308
33.84 -0.970953264502
33.86 -0.82370691915
33.88 -0.672694853157
33.9 -0.518943443676
33.92 -0.363521058582
33.94 -0.207514536538
33.96 -0.0520047135061
33.98 0.101957806118
34.0 0.253375459566
34.02 0.401324048838
34.04 0.544969689376
34.06 0.683581727645
34.08 0.81654123429
34.1 0.943344950555
34.12 1.06360482107
34.14 1.17704347191
34.16 1.28348617449
34.18 1.3828499663
34.2 1.47513067772
34.22 1.56038864276
34.24 1.6387338504
34.26 1.71031123838
34.28 1.77528673841
34.3 1.83383457007
34.32 1.88612615187
34.34 1.93232086296
34.36 1.97255875548
34.38 2.00695519551
34.4 2.03559730362
34.42 2.05854198479
34.44 2.07581528405
34.46 2.08741278157
34.48 2.093300751
34.5 2.09341784257
34.52 2.0876771147
34.54 2.07596831587
34.56 2.05816040245
34.58 2.03410436008
34.6 2.00363646241
34.62 1.96658214754
34.64 1.92276070876
34.66 1.87199098085
34.68 1.81409815691
34.7 1.74892179293
34.72 1.67632495862
34.74 1.59620437853
34.76 1.50850128836
34.78 1.41321261966
34.8 1.31040203086
34.82 1.20021023422
34.84 1.08286403549
34.86 0.958683509235
34.88 0.828086779761
34.9 0.691591966643
34.92 0.549815974922
34.94 0.403469959477
34.96 0.253351461269
34.98 0.10033338214
35.0 -0.0546498653588
35.02 -0.210618548226
35.04 -0.366565533294
35.06 -0.5214752358
35.08 -0.674342840341
35.1 -0.824193026794
35.12 -0.970097460124
35.14 -1.11119037097
35.16 -1.24668165423
35.18 -1.37586703944
35.2 -1.49813503474
35.22 -1.61297050057
35.24 -1.71995486461
35.26 -1.81876313729
35.28 -1.90915801602
35.3 -1.99098147628
35.32 -2.06414433191
35.34 -2.1286143058
35.36 -2.18440318619
35.38 -2.23155365565
35.4 -2.27012636899
35.42 -2.30018783112
35.44 -2.32179958263
35.46 -2.33500914523
35.48 -2.33984311421
35.5 -2.33630270714
35.52 -2.32436199256
35.54 -2.30396893084
35.56 -2.27504925564
35.58 -2.23751312046
35.6 -2.19126432175
35.62 -2.13621179558
35.64 -2.07228297114
35.66 -1.99943845252
35.68 -1.9176873981
35.7 -1.82710287918
35.72 -1.72783643447
35.74 -1.62013100342
35.76 -1.50433142712
35.78 -1.3808917597
35.8 -1.25037874001
35.82 -1.11347093307
35.84 -0.970953264497
35.86 -0.823706919166
35.88 -0.672694853142
35.9 -0.518943443672
35.92 -0.363521058604
35.94 -0.20751453652
35.96 -0.0520047135206
35.98 0.10195780613
36.0 0.25337545957
36.02 0.401324048824
36.04 0.544969689381
36.06 0.683581727655
36.08 0.816541234274
36.1 0.943344950565
36.12 1.06360482107
36.14 1.1770434719
36.16 1.2834861745
36.18 1.38284996627
36.2 1.47513067774
36.22 1.56038864276
36.24 1.63873385039
36.26 1.71031123838
36.28 1.77528673842
36.3 1.83383457005
36.32 1.88612615188
36.34 1.93232086296
36.36 1.97255875547
36.38 2.00695519552
36.4 2.03559730361
36.42 2.05854198479
36.44 2.07581528404
36.46 2.08741278157
36.48 2.093300751
36.5 2.09341784257
36.52 2.08767711471
36.54 2.07596831586
36.56 2.05816040245
36.58 2.03410436008
36.6 2.0036364624
36.62 1.96658214755
36.64 1.92276070876
36.66 1.87199098084
36.68 1.81409815692
36.7 1.74892179292
36.72 1.67632495862
36.74 1.59620437853
36.76 1.50850128836
36.78 1.41321261965
36.8 1.31040203087
36.82 1.20021023421
36.84 1.08286403551
36.86 0.958683509232
36.88 0.828086779744
36.9 0.691591966672
36.92 0.549815974908
36.94 0.403469959466
36.96 0.253351461286
36.98 0.100333382137
37.0 -0.0546498653688
37.02 -0.210618548215
37.04 -0.366565533309
37.06 -0.521475235788
37.08 -0.674342840334
37.1 -0.824193026812
37.12 -0.970097460105
37.14 -1.11119037098
37.16 -1.24668165424
37.18 -1.37586703942
37.2 -1.49813503475
37.22 -1.61297050058
37.24 -1.7199548646
37.26 -1.8187631373
37.28 -1.90915801601
37.3 -1.99098147629
37.32 -2.06414433192
37.34 -2.12861430579
37.36 -2.18440318618
37.38 -2.23155365566
37.4 -2.27012636896
37.42 -2.30018783114
37.44 -2.32179958262
37.46 -2.33500914523
37.48 -2.33984311422
37.5 -2.33630270713
37.52 -2.32436199257
37.54 -2.30396893084
37.56 -2.27504925564
37.58 -2.23751312046
37.6 -2.19126432174
37.62 -2.13621179559
37.64 -2.07228297114
37.66 -1.99943845252
37.68 -1.9176873981
37.7 -1.82710287918
37.72 -1.72783643448
37.74 -1.62013100342
37.76 -1.5043314271
37.78 -1.38089175972
37.8 -1.25037874001
37.82 -1.11347093306
37.84 -0.970953264508
37.86 -0.823706919156
37.88 -0.672694853138
37.9 -0.518943443687
37.92 -0.363521058582
37.94 -0.20751453655
37.96 -0.0520047135043
37.98 0.101957806135
38.0 0.253375459556
38.02 0.401324048833
38.04 0.544969689397
38.06 0.683581727632
38.08 0.816541234274
38.1 0.943344950579
38.12 1.06360482106
38.14 1.17704347191
38.16 1.28348617449
38.18 1.38284996628
38.2 1.47513067775
38.22 1.56038864274
38.24 1.6387338504
38.26 1.71031123839
38.28 1.77528673841
38.3 1.83383457006
38.32 1.88612615188
38.34 1.93232086295
38.36 1.97255875548
38.38 2.00695519551
38.4 2.03559730362
38.42 2.05854198479
38.44 2.07581528404
38.46 2.08741278157
38.48 2.093300751
38.5 2.09341784257
38.52 2.08767711471
38.54 2.07596831586
38.56 2.05816040245
38.58 2.03410436008
38.6 2.0036364624
38.62 1.96658214755
38.64 1.92276070875
38.66 1.87199098086
38.68 1.81409815691
38.7 1.74892179292
38.72 1.67632495863
38.74 1.59620437853
38.76 1.50850128834
38.78 1.41321261967
38.8 1.31040203088
38.82 1.2002102342
38.84 1.08286403551
38.86 0.95868350922
38.88 0.82808677976
38.9 0.691591966667
38.92 0.54981597489
38.94 0.4034699595
38.96 0.253351461268
38.98 0.100333382128
39.0 -0.0546498653533
39.02 -0.210618548219
39.04 -0.366565533315
39.06 -0.52147523578
39.08 -0.674342840354
39.1 -0.824193026782
39.12 -0.970097460118
39.14 -1.11119037099
39.16 -1.24668165422
39.18 -1.37586703943
39.2 -1.49813503476
39.22 -1.61297050056
39.24 -1.7199548646
39.26 -1.8187631373
39.28 -1.90915801602
39.3 -1.99098147628
39.32 -2.06414433192
39.34 -2.12861430579
39.36 -2.18440318619
39.38 -2.23155365563
39.4 -2.27012636899
39.42 -2.30018783112
39.44 -2.32179958263
39.46 -2.33500914523
39.48 -2.33984311422
39.5 -2.33630270714
39.52 -2.32436199257
39.54 -2.30396893084
39.56 -2.27504925565
39.58 -2.23751312044
39.6 -2.19126432176
39.62 -2.13621179558
39.64 -2.07228297114
39.66 -1.99943845253
39.68 -1.9176873981
39.7 -1.82710287918
39.72 -1.72783643447
39.74 -1.62013100342
39.76 -1.50433142711
39.78 -1.38089175972
39.8 -1.25037873999
39.82 -1.11347093309
39.84 -0.970953264496
39.86 -0.82370691915
39.88 -0.67269485315
39.9 -0.51894344368
39.92 -0.363521058582
39.94 -0.207514536541
39.96 -0.0520047135061
39.98 0.101957806113
