0.0 10.7199451283
0.02 10.7443243636
0.04 10.771644678
0.06 10.8017372404
0.08 10.8344056844
0.1 10.8694257907
0.12 10.906544159
0.14 10.9454761244
0.16 10.9859032712
0.18 11.0274709809
0.2 11.0697864801
0.22 11.1124178635
0.24 11.1548945218
0.26 11.1967093375
0.28 11.2373229034
0.3 11.2761698939
0.32 11.3126675751
0.34 11.3462262921
0.36 11.3762616254
0.38 11.4022077825
0.4 11.4235316816
0.42 11.439747118
0.44 11.4504283724
0.46 11.4552226346
0.48 11.4538606769
0.5 11.4461653104
0.52 11.4320572899
0.54 11.4115584898
0.56 11.384792331
0.58 11.3519815997
0.6 11.3134439293
0.62 11.269585321
0.64 11.2208921383
0.66 11.1679220269
0.68 11.1112941799
0.7 11.0516793019
0.72 10.9897895241
0.74 10.9263684107
0.76 10.8621810796
0.78 10.7980043609
0.8 10.7346168447
0.82 10.6727886414
0.84 10.6132706945
0.86 10.5567835524
0.88 10.5040056162
0.9 10.4555610195
0.92 10.4120074466
0.94 10.3738243359
0.96 10.341402025
0.98 10.3150324467
1.0 10.2949019758
1.02 10.2810869462
1.04 10.273552214
1.06 10.2721529491
1.08 10.2766396229
1.1 10.2866659452
1.12 10.3017993182
1.14 10.3215332395
1.16 10.3453010141
1.18 10.3724901246
1.2 10.4024566648
1.22 10.4345393349
1.24 10.4680726235
1.26 10.502398935
1.28 10.5368795436
1.3 10.5709043599
1.32 10.6039005637
1.34 10.6353401983
1.36 10.6647468271
1.38 10.6917013362
1.4 10.7158469296
1.42 10.7368933235
1.44 10.7546200988
1.46 10.7688791396
1.48 10.7795960575
1.5 10.7867704966
1.52 10.7904752203
1.54 10.7908539035
1.56 10.7881175896
1.58 10.7825398115
1.6 10.7744504263
1.62 10.7642282603
1.64 10.7522927064
1.66 10.739094461
1.68 10.7251056221
1.7 10.7108094031
1.72 10.6966897399
1.74 10.6832210866
1.76 10.670858702
1.78 10.6600297276
1.8 10.6511253373
1.82 10.6444942123
1.84 10.6404375366
1.86 10.639205644
1.88 10.6409963576
1.9 10.6459549642
1.92 10.6541756617
1.94 10.6657042183
1.96 10.6805414978
1.98 10.6986474482
2.0 10.7199451283
2.02 10.7443243636
2.04 10.771644678
2.06 10.8017372404
2.08 10.8344056844
2.1 10.8694257907
2.12 10.906544159
2.14 10.9454761244
2.16 10.9859032712
2.18 11.0274709809
2.2 11.0697864801
2.22 11.1124178635
2.24 11.1548945217
2.26 11.1967093375
2.28 11.2373229034
2.3 11.2761698939
2.32 11.3126675751
2.34 11.3462262921
2.36 11.3762616254
2.38 11.4022077825
2.4 11.4235316816
2.42 11.439747118
2.44 11.4504283724
2.46 11.4552226346
2.48 11.4538606769
2.5 11.4461653104
2.52 11.4320572899
2.54 11.4115584898
2.56 11.384792331
2.58 11.3519815997
2.6 11.3134439293
2.62 11.269585321
2.64 11.2208921383
2.66 11.1679220269
2.68 11.1112941799
2.7 11.0516793019
2.72 10.9897895241
2.74 10.9263684107
2.76 10.8621810796
2.78 10.7980043609
2.8 10.7346168447
2.82 10.6727886414
2.84 10.6132706945
2.86 10.5567835524
2.88 10.5040056162
2.9 10.4555610195
2.92 10.4120074466
2.94 10.3738243359
2.96 10.341402025
2.98 10.3150324467
3.0 10.2949019758
3.02 10.2810869462
3.04 10.273552214
3.06 10.2721529491
3.08 10.2766396229
3.1 10.2866659452
3.12 10.3017993182
3.14 10.3215332395
3.16 10.3453010141
3.18 10.3724901246
3.2 10.4024566648
3.22 10.4345393349
3.24 10.4680726235
3.26 10.502398935
3.28 10.5368795436
3.3 10.5709043599
3.32 10.6039005637
3.34 10.6353401983
3.36 10.6647468271
3.38 10.6917013362
3.4 10.7158469296
3.42 10.7368933235
3.44 10.7546200988
3.46 10.7688791395
3.48 10.7795960575
3.5 10.7867704966
3.52 10.7904752203
3.54 10.7908539035
3.56 10.7881175896
3.58 10.7825398115
3.6 10.7744504263
3.62 10.7642282603
3.64 10.7522927064
3.66 10.739094461
3.68 10.7251056221
3.7 10.7108094031
3.72 10.6966897399
3.74 10.6832210866
3.76 10.670858702
3.78 10.6600297276
3.8 10.6511253373
3.82 10.6444942123
3.84 10.6404375366
3.86 10.639205644
3.88 10.6409963576
3.9 10.6459549642
3.92 10.6541756617
3.94 10.6657042183
3.96 10.6805414978
3.98 10.6986474482
4.0 10.7199451283
4.02 10.7443243636
4.04 10.771644678
4.06 10.8017372404
4.08 10.8344056844
4.1 10.8694257906
4.12 10.906544159
4.14 10.9454761244
4.16 10.9859032712
4.18 11.0274709809
4.2 11.0697864801
4.22 11.1124178635
4.24 11.1548945218
4.26 11.1967093375
4.28 11.2373229034
4.3 11.2761698939
4.32 11.3126675751
4.34 11.3462262921
4.36 11.3762616254
4.38 11.4022077825
4.4 11.4235316816
4.42 11.439747118
4.44 11.4504283724
4.46 11.4552226346
4.48 11.4538606769
4.5 11.4461653104
4.52 11.4320572899
4.54 11.4115584898
4.56 11.384792331
4.58 11.3519815997
4.6 11.3134439293
4.62 11.269585321
4.64 11.2208921383
4.66 11.1679220269
4.68 11.1112941799
4.7 11.0516793019
4.72 10.9897895241
4.74 10.9263684107
4.76 10.8621810796
4.78 10.7980043609
4.8 10.7346168447
4.82 10.6727886414
4.84 10.6132706945
4.86 10.5567835524
4.88 10.5040056162
4.9 10.4555610195
4.92 10.4120074466
4.94 10.3738243359
4.96 10.341402025
4.98 10.3150324467
5.0 10.2949019758
5.02 10.2810869462
5.04 10.273552214
5.06 10.2721529491
5.08 10.2766396229
5.1 10.2866659452
5.12 10.3017993182
5.14 10.3215332395
5.16 10.3453010141
5.18 10.3724901246
5.2 10.4024566648
5.22 10.4345393349
5.24 10.4680726235
5.26 10.502398935
5.28 10.5368795436
5.3 10.5709043599
5.32 10.6039005637
5.34 10.6353401983
5.36 10.6647468271
5.38 10.6917013362
5.4 10.7158469296
5.42 10.7368933235
5.44 10.7546200988
5.46 10.7688791395
5.48 10.7795960575
5.5 10.7867704966
5.52 10.7904752203
5.54 10.7908539035
5.56 10.7881175896
5.58 10.7825398115
5.6 10.7744504263
5.62 10.7642282603
5.64 10.7522927064
5.66 10.739094461
5.68 10.7251056221
5.7 10.7108094031
5.72 10.6966897399
5.74 10.6832210866
5.76 10.670858702
5.78 10.6600297276
5.8 10.6511253373
5.82 10.6444942123
5.84 10.6404375366
5.86 10.639205644
5.88 10.6409963576
5.9 10.6459549642
5.92 10.6541756617
5.94 10.6657042183
5.96 10.6805414978
5.98 10.6986474482
6.0 10.7199451283
6.02 10.7443243636
6.04 10.771644678
6.06 10.8017372404
6.08 10.8344056844
6.1 10.8694257907
6.12 10.906544159
6.14 10.9454761244
6.16 10.9859032712
6.18 11.0274709809
6.2 11.0697864801
6.22 11.1124178635
6.24 11.1548945217
6.26 11.1967093375
6.28 11.2373229034
6.3 11.2761698939
6.32 11.3126675751
6.34 11.3462262921
6.36 11.3762616254
6.38 11.4022077825
6.4 11.4235316816
6.42 11.439747118
6.44 11.4504283724
6.46 11.4552226346
6.48 11.4538606769
6.5 11.4461653104
6.52 11.4320572899
6.54 11.4115584898
6.56 11.384792331
6.58 11.3519815997
6.6 11.3134439293
6.62 11.269585321
6.64 11.2208921383
6.66 11.1679220269
6.68 11.1112941799
6.7 11.0516793019
6.72 10.9897895241
6.74 10.9263684107
6.76 10.8621810796
6.78 10.7980043609
6.8 10.7346168447
6.82 10.6727886414
6.84 10.6132706945
6.86 10.5567835524
6.88 10.5040056162
6.9 10.4555610195
6.92 10.4120074466
6.94 10.3738243359
6.96 10.341402025
6.98 10.3150324467
7.0 10.2949019758
7.02 10.2810869462
7.04 10.273552214
7.06 10.2721529491
7.08 10.2766396229
7.1 10.2866659452
7.12 10.3017993182
7.14 10.3215332395
7.16 10.3453010141
7.18 10.3724901246
7.2 10.4024566648
7.22 10.4345393349
7.24 10.4680726235
7.26 10.502398935
7.28 10.5368795436
7.3 10.5709043599
7.32 10.6039005637
7.34 10.6353401983
7.36 10.6647468271
7.38 10.6917013362
7.4 10.7158469296
7.42 10.7368933235
7.44 10.7546200988
7.46 10.7688791396
7.48 10.7795960575
7.5 10.7867704966
7.52 10.7904752203
7.54 10.7908539035
7.56 10.7881175896
7.58 10.7825398115
7.6 10.7744504263
7.62 10.7642282603
7.64 10.7522927064
7.66 10.739094461
7.68 10.7251056221
7.7 10.7108094031
7.72 10.6966897399
7.74 10.6832210866
7.76 10.670858702
7.78 10.6600297276
7.8 10.6511253373
7.82 10.6444942123
7.84 10.6404375366
7.86 10.639205644
7.88 10.6409963576
7.9 10.6459549642
7.92 10.6541756617
7.94 10.6657042183
7.96 10.6805414978
7.98 10.6986474482
8.0 10.7199451283
8.02 10.7443243636
8.04 10.771644678
8.06 10.8017372404
8.08 10.8344056844
8.1 10.8694257907
8.12 10.906544159
8.14 10.9454761244
8.16 10.9859032712
8.18 11.0274709809
8.2 11.0697864801
8.22 11.1124178635
8.24 11.1548945217
8.26 11.1967093375
8.28 11.2373229034
8.3 11.2761698939
8.32 11.3126675751
8.34 11.3462262921
8.36 11.3762616254
8.38 11.4022077825
8.4 11.4235316816
8.42 11.439747118
8.44 11.4504283724
8.46 11.4552226346
8.48 11.4538606769
8.5 11.4461653104
8.52 11.4320572899
8.54 11.4115584898
8.56 11.384792331
8.58 11.3519815997
8.6 11.3134439293
8.62 11.269585321
8.64 11.2208921383
8.66 11.1679220269
8.68 11.1112941799
8.7 11.0516793019
8.72 10.9897895241
8.74 10.9263684107
8.76 10.8621810796
8.78 10.7980043609
8.8 10.7346168447
8.82 10.6727886414
8.84 10.6132706946
8.86 10.5567835524
8.88 10.5040056162
8.9 10.4555610195
8.92 10.4120074466
8.94 10.3738243359
8.96 10.341402025
8.98 10.3150324467
9.0 10.2949019758
9.02 10.2810869462
9.04 10.273552214
9.06 10.2721529491
9.08 10.2766396229
9.1 10.2866659452
9.12 10.3017993182
9.14 10.3215332395
9.16 10.3453010141
9.18 10.3724901246
9.2 10.4024566648
9.22 10.4345393349
9.24 10.4680726236
9.26 10.502398935
9.28 10.5368795436
9.3 10.5709043599
9.32 10.6039005637
9.34 10.6353401983
9.36 10.6647468271
9.38 10.6917013362
9.4 10.7158469296
9.42 10.7368933235
9.44 10.7546200988
9.46 10.7688791395
9.48 10.7795960575
9.5 10.7867704966
9.52 10.7904752203
9.54 10.7908539035
9.56 10.7881175896
9.58 10.7825398115
9.6 10.7744504263
9.62 10.7642282603
9.64 10.7522927064
9.66 10.739094461
9.68 10.7251056221
9.7 10.7108094031
9.72 10.6966897399
9.74 10.6832210866
9.76 10.670858702
9.78 10.6600297276
9.8 10.6511253373
9.82 10.6444942123
9.84 10.6404375366
9.86 10.639205644
9.88 10.6409963576
9.9 10.6459549642
9.92 10.6541756617
9.94 10.6657042183
9.96 10.6805414978
9.98 10.6986474482
10.0 10.7199451283
10.02 10.7443243636
10.04 10.771644678
10.06 10.8017372404
10.08 10.8344056844
10.1 10.8694257907
10.12 10.906544159
10.14 10.9454761244
10.16 10.9859032712
10.18 11.0274709809
10.2 11.0697864801
10.22 11.1124178635
10.24 11.1548945217
10.26 11.1967093375
10.28 11.2373229034
10.3 11.2761698939
10.32 11.3126675751
10.34 11.3462262921
10.36 11.3762616254
10.38 11.4022077825
10.4 11.4235316816
10.42 11.439747118
10.44 11.4504283724
10.46 11.4552226346
10.48 11.4538606769
10.5 11.4461653104
10.52 11.4320572899
10.54 11.4115584898
10.56 11.384792331
10.58 11.3519815997
10.6 11.3134439293
10.62 11.269585321
10.64 11.2208921383
10.66 11.1679220269
10.68 11.1112941799
10.7 11.0516793019
10.72 10.9897895241
10.74 10.9263684107
10.76 10.8621810796
10.78 10.7980043609
10.8 10.7346168447
10.82 10.6727886414
10.84 10.6132706945
10.86 10.5567835524
10.88 10.5040056162
10.9 10.4555610195
10.92 10.4120074466
10.94 10.3738243359
10.96 10.341402025
10.98 10.3150324467
11.0 10.2949019758
11.02 10.2810869462
11.04 10.273552214
11.06 10.2721529491
11.08 10.2766396229
11.1 10.2866659452
11.12 10.3017993182
11.14 10.3215332395
11.16 10.3453010141
11.18 10.3724901246
11.2 10.4024566648
11.22 10.4345393349
11.24 10.4680726235
11.26 10.502398935
11.28 10.5368795436
11.3 10.5709043599
11.32 10.6039005637
11.34 10.6353401983
11.36 10.6647468271
11.38 10.6917013362
11.4 10.7158469296
11.42 10.7368933235
11.44 10.7546200988
11.46 10.7688791396
11.48 10.7795960575
11.5 10.7867704966
11.52 10.7904752203
11.54 10.7908539035
11.56 10.7881175896
11.58 10.7825398115
11.6 10.7744504264
11.62 10.7642282603
11.64 10.7522927064
11.66 10.739094461
11.68 10.7251056221
11.7 10.7108094031
11.72 10.6966897399
11.74 10.6832210866
11.76 10.670858702
11.78 10.6600297276
11.8 10.6511253373
11.82 10.6444942123
11.84 10.6404375366
11.86 10.639205644
11.88 10.6409963576
11.9 10.6459549642
11.92 10.6541756617
11.94 10.6657042183
11.96 10.6805414978
11.98 10.6986474482
12.0 10.7199451283
12.02 10.7443243636
12.04 10.771644678
12.06 10.8017372404
12.08 10.8344056845
12.1 10.8694257906
12.12 10.9065441591
12.14 10.9454761244
12.16 10.9859032712
12.18 11.0274709809
12.2 11.0697864801
12.22 11.1124178635
12.24 11.1548945217
12.26 11.1967093375
12.28 11.2373229034
12.3 11.2761698939
12.32 11.3126675751
12.34 11.3462262921
12.36 11.3762616254
12.38 11.4022077825
12.4 11.4235316816
12.42 11.439747118
12.44 11.4504283724
12.46 11.4552226346
12.48 11.4538606769
12.5 11.4461653104
12.52 11.4320572899
12.54 11.4115584898
12.56 11.384792331
12.58 11.3519815997
12.6 11.3134439293
12.62 11.269585321
12.64 11.2208921383
12.66 11.1679220269
12.68 11.1112941799
12.7 11.0516793019
12.72 10.9897895241
12.74 10.9263684107
12.76 10.8621810796
12.78 10.7980043609
12.8 10.7346168447
12.82 10.6727886414
12.84 10.6132706945
12.86 10.5567835524
12.88 10.5040056162
12.9 10.4555610195
12.92 10.4120074466
12.94 10.3738243359
12.96 10.341402025
12.98 10.3150324467
13.0 10.2949019758
13.02 10.2810869462
13.04 10.273552214
13.06 10.2721529491
13.08 10.2766396229
13.1 10.2866659452
13.12 10.3017993182
13.14 10.3215332395
13.16 10.3453010141
13.18 10.3724901246
13.2 10.4024566648
13.22 10.4345393349
13.24 10.4680726236
13.26 10.502398935
13.28 10.5368795436
13.3 10.5709043599
13.32 10.6039005637
13.34 10.6353401983
13.36 10.6647468271
13.38 10.6917013362
13.4 10.7158469296
13.42 10.7368933235
13.44 10.7546200988
13.46 10.7688791395
13.48 10.7795960575
13.5 10.7867704966
13.52 10.7904752203
13.54 10.7908539035
13.56 10.7881175896
13.58 10.7825398115
13.6 10.7744504264
13.62 10.7642282603
13.64 10.7522927064
13.66 10.739094461
13.68 10.7251056221
13.7 10.7108094031
13.72 10.6966897399
13.74 10.6832210866
13.76 10.670858702
13.78 10.6600297276
13.8 10.6511253373
13.82 10.6444942123
13.84 10.6404375366
13.86 10.639205644
13.88 10.6409963576
13.9 10.6459549642
13.92 10.6541756617
13.94 10.6657042183
13.96 10.6805414978
13.98 10.6986474481
14.0 10.7199451283
14.02 10.7443243636
14.04 10.771644678
14.06 10.8017372404
14.08 10.8344056844
14.1 10.8694257907
14.12 10.906544159
14.14 10.9454761244
14.16 10.9859032712
14.18 11.0274709809
14.2 11.0697864801
14.22 11.1124178635
14.24 11.1548945218
14.26 11.1967093375
14.28 11.2373229034
14.3 11.2761698939
14.32 11.3126675751
14.34 11.3462262921
14.36 11.3762616254
14.38 11.4022077825
14.4 11.4235316816
14.42 11.439747118
14.44 11.4504283724
14.46 11.4552226346
14.48 11.4538606769
14.5 11.4461653104
14.52 11.4320572899
14.54 11.4115584898
14.56 11.384792331
14.58 11.3519815997
14.6 11.3134439293
14.62 11.269585321
14.64 11.2208921383
14.66 11.1679220269
14.68 11.1112941799
14.7 11.0516793019
14.72 10.9897895241
14.74 10.9263684107
14.76 10.8621810796
14.78 10.7980043609
14.8 10.7346168447
14.82 10.6727886414
14.84 10.6132706946
14.86 10.5567835524
14.88 10.5040056162
14.9 10.4555610195
14.92 10.4120074466
14.94 10.3738243359
14.96 10.341402025
14.98 10.3150324467
15.0 10.2949019758
15.02 10.2810869462
15.04 10.273552214
15.06 10.2721529491
15.08 10.2766396229
15.1 10.2866659452
15.12 10.3017993182
15.14 10.3215332395
15.16 10.3453010141
15.18 10.3724901246
15.2 10.4024566648
15.22 10.4345393349
15.24 10.4680726235
15.26 10.502398935
15.28 10.5368795436
15.3 10.5709043599
15.32 10.6039005637
15.34 10.6353401983
15.36 10.6647468271
15.38 10.6917013362
15.4 10.7158469296
15.42 10.7368933235
15.44 10.7546200988
15.46 10.7688791396
15.48 10.7795960575
15.5 10.7867704966
15.52 10.7904752203
15.54 10.7908539035
15.56 10.7881175896
15.58 10.7825398115
15.6 10.7744504264
15.62 10.7642282603
15.64 10.7522927064
15.66 10.739094461
15.68 10.7251056221
15.7 10.7108094031
15.72 10.6966897399
15.74 10.6832210866
15.76 10.670858702
15.78 10.6600297276
15.8 10.6511253373
15.82 10.6444942123
15.84 10.6404375366
15.86 10.639205644
15.88 10.6409963576
15.9 10.6459549642
15.92 10.6541756617
15.94 10.6657042183
15.96 10.6805414978
15.98 10.6986474482
16.0 10.7199451283
16.02 10.7443243636
16.04 10.771644678
16.06 10.8017372404
16.08 10.8344056844
16.1 10.8694257906
16.12 10.9065441591
16.14 10.9454761244
16.16 10.9859032712
16.18 11.0274709809
16.2 11.0697864801
16.22 11.1124178635
16.24 11.1548945217
16.26 11.1967093375
16.28 11.2373229034
16.3 11.2761698939
16.32 11.3126675751
16.34 11.3462262921
16.36 11.3762616254
16.38 11.4022077825
16.4 11.4235316816
16.42 11.439747118
16.44 11.4504283724
16.46 11.4552226346
16.48 11.4538606769
16.5 11.4461653104
16.52 11.4320572899
16.54 11.4115584898
16.56 11.384792331
16.58 11.3519815997
16.6 11.3134439293
16.62 11.269585321
16.64 11.2208921383
16.66 11.1679220269
16.68 11.1112941799
16.7 11.0516793019
16.72 10.9897895241
16.74 10.9263684107
16.76 10.8621810796
16.78 10.7980043609
16.8 10.7346168447
16.82 10.6727886414
16.84 10.6132706945
16.86 10.5567835524
16.88 10.5040056162
16.9 10.4555610195
16.92 10.4120074466
16.94 10.3738243359
16.96 10.341402025
16.98 10.3150324467
17.0 10.2949019758
17.02 10.2810869462
17.04 10.273552214
17.06 10.2721529491
17.08 10.2766396229
17.1 10.2866659452
17.12 10.3017993182
17.14 10.3215332395
17.16 10.3453010141
17.18 10.3724901246
17.2 10.4024566648
17.22 10.4345393349
17.24 10.4680726235
17.26 10.502398935
17.28 10.5368795436
17.3 10.5709043599
17.32 10.6039005637
17.34 10.6353401983
17.36 10.6647468271
17.38 10.6917013362
17.4 10.7158469296
17.42 10.7368933235
17.44 10.7546200988
17.46 10.7688791395
17.48 10.7795960575
17.5 10.7867704966
17.52 10.7904752203
17.54 10.7908539035
17.56 10.7881175896
17.58 10.7825398115
17.6 10.7744504263
17.62 10.7642282603
17.64 10.7522927064
17.66 10.739094461
17.68 10.7251056221
17.7 10.7108094031
17.72 10.6966897399
17.74 10.6832210866
17.76 10.670858702
17.78 10.6600297276
17.8 10.6511253373
17.82 10.6444942123
17.84 10.6404375366
17.86 10.639205644
17.88 10.6409963576
17.9 10.6459549642
17.92 10.6541756617
17.94 10.6657042183
17.96 10.6805414978
17.98 10.6986474482
18.0 10.7199451283
18.02 10.7443243636
18.04 10.771644678
18.06 10.8017372404
18.08 10.8344056844
18.1 10.8694257907
18.12 10.906544159
18.14 10.9454761244
18.16 10.9859032713
18.18 11.0274709809
18.2 11.0697864801
18.22 11.1124178635
18.24 11.1548945218
18.26 11.1967093375
18.28 11.2373229034
18.3 11.2761698939
18.32 11.3126675751
18.34 11.3462262921
18.36 11.3762616254
18.38 11.4022077825
18.4 11.4235316816
18.42 11.439747118
18.44 11.4504283724
18.46 11.4552226346
18.48 11.4538606769
18.5 11.4461653104
18.52 11.4320572899
18.54 11.4115584898
18.56 11.384792331
18.58 11.3519815997
18.6 11.3134439293
18.62 11.269585321
18.64 11.2208921383
18.66 11.1679220269
18.68 11.1112941799
18.7 11.0516793019
18.72 10.9897895241
18.74 10.9263684107
18.76 10.8621810796
18.78 10.7980043609
18.8 10.7346168447
18.82 10.6727886414
18.84 10.6132706945
18.86 10.5567835524
18.88 10.5040056162
18.9 10.4555610195
18.92 10.4120074466
18.94 10.3738243359
18.96 10.341402025
18.98 10.3150324467
19.0 10.2949019758
19.02 10.2810869462
19.04 10.273552214
19.06 10.2721529491
19.08 10.2766396229
19.1 10.2866659452
19.12 10.3017993182
19.14 10.3215332395
19.16 10.3453010141
19.18 10.3724901246
19.2 10.4024566648
19.22 10.4345393349
19.24 10.4680726236
19.26 10.502398935
19.28 10.5368795436
19.3 10.5709043599
19.32 10.6039005637
19.34 10.6353401983
19.36 10.6647468271
19.38 10.6917013362
19.4 10.7158469296
19.42 10.7368933235
19.44 10.7546200988
19.46 10.7688791395
19.48 10.7795960575
19.5 10.7867704966
19.52 10.7904752203
19.54 10.7908539035
19.56 10.7881175896
19.58 10.7825398115
19.6 10.7744504263
19.62 10.7642282603
19.64 10.7522927064
19.66 10.739094461
19.68 10.7251056221
19.7 10.7108094031
19.72 10.6966897399
19.74 10.6832210866
19.76 10.670858702
19.78 10.6600297276
19.8 10.6511253373
19.82 10.6444942123
19.84 10.6404375366
19.86 10.639205644
19.88 10.6409963576
19.9 10.6459549642
19.92 10.6541756617
19.94 10.6657042183
19.96 10.6805414978
19.98 10.6986474481
20.0 10.7199451283
20.02 10.7443243636
20.04 10.771644678
20.06 10.8017372404
20.08 10.8344056844
20.1 10.8694257907
20.12 10.906544159
20.14 10.9454761244
20.16 10.9859032712
20.18 11.0274709809
20.2 11.0697864801
20.22 11.1124178635
20.24 11.1548945218
20.26 11.1967093375
20.28 11.2373229034
20.3 11.2761698939
20.32 11.3126675751
20.34 11.3462262921
20.36 11.3762616254
20.38 11.4022077825
20.4 11.4235316816
20.42 11.439747118
20.44 11.4504283724
20.46 11.4552226346
20.48 11.4538606769
20.5 11.4461653104
20.52 11.4320572899
20.54 11.4115584898
20.56 11.384792331
20.58 11.3519815997
20.6 11.3134439293
20.62 11.269585321
20.64 11.2208921384
20.66 11.1679220269
20.68 11.1112941799
20.7 11.0516793019
20.72 10.9897895241
20.74 10.9263684107
20.76 10.8621810796
20.78 10.7980043609
20.8 10.7346168447
20.82 10.6727886414
20.84 10.6132706946
20.86 10.5567835524
20.88 10.5040056162
20.9 10.4555610195
20.92 10.4120074466
20.94 10.3738243359
20.96 10.341402025
20.98 10.3150324467
21.0 10.2949019758
21.02 10.2810869462
21.04 10.273552214
21.06 10.2721529491
21.08 10.2766396229
21.1 10.2866659452
21.12 10.3017993182
21.14 10.3215332395
21.16 10.3453010141
21.18 10.3724901246
21.2 10.4024566648
21.22 10.4345393349
21.24 10.4680726235
21.26 10.502398935
21.28 10.5368795436
21.3 10.5709043599
21.32 10.6039005637
21.34 10.6353401983
21.36 10.6647468271
21.38 10.6917013362
21.4 10.7158469297
21.42 10.7368933235
21.44 10.7546200988
21.46 10.7688791395
21.48 10.7795960575
21.5 10.7867704966
21.52 10.7904752203
21.54 10.7908539035
21.56 10.7881175896
21.58 10.7825398115
21.6 10.7744504263
21.62 10.7642282603
21.64 10.7522927064
21.66 10.739094461
21.68 10.7251056221
21.7 10.7108094031
21.72 10.6966897399
21.74 10.6832210866
21.76 10.670858702
21.78 10.6600297276
21.8 10.6511253373
21.82 10.6444942123
21.84 10.6404375366
21.86 10.639205644
21.88 10.6409963576
21.9 10.6459549642
21.92 10.6541756617
21.94 10.6657042183
21.96 10.6805414978
21.98 10.6986474482
22.0 10.7199451283
22.02 10.7443243636
22.04 10.771644678
22.06 10.8017372404
22.08 10.8344056844
22.1 10.8694257906
22.12 10.906544159
22.14 10.9454761244
22.16 10.9859032712
22.18 11.0274709809
22.2 11.0697864801
22.22 11.1124178635
22.24 11.1548945217
22.26 11.1967093375
22.28 11.2373229034
22.3 11.2761698939
22.32 11.3126675751
22.34 11.3462262921
22.36 11.3762616254
22.38 11.4022077825
22.4 11.4235316816
22.42 11.439747118
22.44 11.4504283724
22.46 11.4552226346
22.48 11.4538606769
22.5 11.4461653104
22.52 11.4320572899
22.54 11.4115584898
22.56 11.384792331
22.58 11.3519815997
22.6 11.3134439293
22.62 11.269585321
22.64 11.2208921383
22.66 11.1679220269
22.68 11.11129418
22.7 11.0516793019
22.72 10.9897895241
22.74 10.9263684107
22.76 10.8621810796
22.78 10.7980043609
22.8 10.7346168447
22.82 10.6727886414
22.84 10.6132706945
22.86 10.5567835524
22.88 10.5040056162
22.9 10.4555610195
22.92 10.4120074466
22.94 10.3738243359
22.96 10.341402025
22.98 10.3150324467
23.0 10.2949019758
23.02 10.2810869462
23.04 10.273552214
23.06 10.2721529491
23.08 10.2766396229
23.1 10.2866659452
23.12 10.3017993182
23.14 10.3215332395
23.16 10.3453010141
23.18 10.3724901246
23.2 10.4024566648
23.22 10.4345393349
23.24 10.4680726236
23.26 10.502398935
23.28 10.5368795436
23.3 10.5709043599
23.32 10.6039005637
23.34 10.6353401982
23.36 10.6647468271
23.38 10.6917013362
23.4 10.7158469297
23.42 10.7368933235
23.44 10.7546200988
23.46 10.7688791396
23.48 10.7795960575
23.5 10.7867704966
23.52 10.7904752203
23.54 10.7908539035
23.56 10.7881175896
23.58 10.7825398115
23.6 10.7744504263
23.62 10.7642282603
23.64 10.7522927064
23.66 10.739094461
23.68 10.7251056221
23.7 10.7108094031
23.72 10.6966897399
23.74 10.6832210866
23.76 10.670858702
23.78 10.6600297276
23.8 10.6511253373
23.82 10.6444942123
23.84 10.6404375366
23.86 10.639205644
23.88 10.6409963576
23.9 10.6459549642
23.92 10.6541756617
23.94 10.6657042183
23.96 10.6805414978
23.98 10.6986474482
24.0 10.7199451283
24.02 10.7443243636
24.04 10.771644678
24.06 10.8017372404
24.08 10.8344056844
24.1 10.8694257907
24.12 10.906544159
24.14 10.9454761244
24.16 10.9859032712
24.18 11.0274709809
24.2 11.0697864801
24.22 11.1124178635
24.24 11.1548945218
24.26 11.1967093375
24.28 11.2373229034
24.3 11.2761698939
24.32 11.3126675751
24.34 11.3462262921
24.36 11.3762616254
24.38 11.4022077825
24.4 11.4235316816
24.42 11.439747118
24.44 11.4504283724
24.46 11.4552226346
24.48 11.4538606769
24.5 11.4461653104
24.52 11.4320572899
24.54 11.4115584898
24.56 11.384792331
24.58 11.3519815997
24.6 11.3134439293
24.62 11.269585321
24.64 11.2208921384
24.66 11.1679220269
24.68 11.1112941799
24.7 11.0516793019
24.72 10.9897895241
24.74 10.9263684107
24.76 10.8621810796
24.78 10.7980043609
24.8 10.7346168447
24.82 10.6727886414
24.84 10.6132706946
24.86 10.5567835524
24.88 10.5040056162
24.9 10.4555610195
24.92 10.4120074466
24.94 10.3738243359
24.96 10.341402025
24.98 10.3150324467
25.0 10.2949019758
25.02 10.2810869462
25.04 10.273552214
25.06 10.2721529491
25.08 10.2766396229
25.1 10.2866659452
25.12 10.3017993182
25.14 10.3215332395
25.16 10.3453010141
25.18 10.3724901246
25.2 10.4024566648
25.22 10.4345393349
25.24 10.4680726236
25.26 10.502398935
25.28 10.5368795436
25.3 10.5709043599
25.32 10.6039005637
25.34 10.6353401983
25.36 10.6647468271
25.38 10.6917013362
25.4 10.7158469296
25.42 10.7368933235
25.44 10.7546200988
25.46 10.7688791395
25.48 10.7795960575
25.5 10.7867704966
25.52 10.7904752203
25.54 10.7908539035
25.56 10.7881175896
25.58 10.7825398115
25.6 10.7744504263
25.62 10.7642282603
25.64 10.7522927064
25.66 10.739094461
25.68 10.7251056221
25.7 10.7108094031
25.72 10.6966897399
25.74 10.6832210866
25.76 10.670858702
25.78 10.6600297276
25.8 10.6511253373
25.82 10.6444942123
25.84 10.6404375366
25.86 10.639205644
25.88 10.6409963576
25.9 10.6459549642
25.92 10.6541756617
25.94 10.6657042183
25.96 10.6805414978
25.98 10.6986474481
26.0 10.7199451283
26.02 10.7443243636
26.04 10.771644678
26.06 10.8017372404
26.08 10.8344056844
26.1 10.8694257907
26.12 10.906544159
26.14 10.9454761244
26.16 10.9859032712
26.18 11.0274709809
26.2 11.0697864801
26.22 11.1124178634
26.24 11.1548945218
26.26 11.1967093375
26.28 11.2373229034
26.3 11.2761698939
26.32 11.3126675751
26.34 11.346226292
26.36 11.3762616254
26.38 11.4022077825
26.4 11.4235316816
26.42 11.439747118
26.44 11.4504283724
26.46 11.4552226346
26.48 11.4538606769
26.5 11.4461653104
26.52 11.4320572899
26.54 11.4115584898
26.56 11.384792331
26.58 11.3519815997
26.6 11.3134439293
26.62 11.269585321
26.64 11.2208921383
26.66 11.1679220269
26.68 11.1112941799
26.7 11.0516793019
26.72 10.9897895241
26.74 10.9263684107
26.76 10.8621810796
26.78 10.7980043609
26.8 10.7346168447
26.82 10.6727886414
26.84 10.6132706945
26.86 10.5567835524
26.88 10.5040056162
26.9 10.4555610195
26.92 10.4120074466
26.94 10.3738243359
26.96 10.341402025
26.98 10.3150324467
27.0 10.2949019758
27.02 10.2810869462
27.04 10.273552214
27.06 10.2721529491
27.08 10.2766396229
27.1 10.2866659452
27.12 10.3017993182
27.14 10.3215332395
27.16 10.3453010141
27.18 10.3724901246
27.2 10.4024566648
27.22 10.4345393349
27.24 10.4680726235
27.26 10.502398935
27.28 10.5368795436
27.3 10.5709043599
27.32 10.6039005637
27.34 10.6353401983
27.36 10.6647468271
27.38 10.6917013362
27.4 10.7158469296
27.42 10.7368933235
27.44 10.7546200988
27.46 10.7688791395
27.48 10.7795960575
27.5 10.7867704966
27.52 10.7904752203
27.54 10.7908539035
27.56 10.7881175896
27.58 10.7825398115
27.6 10.7744504263
27.62 10.7642282603
27.64 10.7522927064
27.66 10.739094461
27.68 10.7251056221
27.7 10.7108094031
27.72 10.6966897399
27.74 10.6832210866
27.76 10.670858702
27.78 10.6600297276
27.8 10.6511253373
27.82 10.6444942123
27.84 10.6404375366
27.86 10.639205644
27.88 10.6409963576
27.9 10.6459549642
27.92 10.6541756617
27.94 10.6657042183
27.96 10.6805414979
27.98 10.6986474481
28.0 10.7199451283
28.02 10.7443243636
28.04 10.771644678
28.06 10.8017372404
28.08 10.8344056845
28.1 10.8694257906
28.12 10.9065441591
28.14 10.9454761244
28.16 10.9859032712
28.18 11.0274709809
28.2 11.0697864801
28.22 11.1124178635
28.24 11.1548945218
28.26 11.1967093375
28.28 11.2373229034
28.3 11.2761698939
28.32 11.3126675751
28.34 11.3462262921
28.36 11.3762616254
28.38 11.4022077825
28.4 11.4235316816
28.42 11.439747118
28.44 11.4504283724
28.46 11.4552226346
28.48 11.4538606769
28.5 11.4461653104
28.52 11.4320572899
28.54 11.4115584898
28.56 11.384792331
28.58 11.3519815997
28.6 11.3134439293
28.62 11.269585321
28.64 11.2208921384
28.66 11.1679220269
28.68 11.1112941799
28.7 11.0516793019
28.72 10.9897895241
28.74 10.9263684107
28.76 10.8621810796
28.78 10.7980043609
28.8 10.7346168447
28.82 10.6727886414
28.84 10.6132706945
28.86 10.5567835524
28.88 10.5040056162
28.9 10.4555610195
28.92 10.4120074466
28.94 10.3738243359
28.96 10.341402025
28.98 10.3150324467
29.0 10.2949019758
29.02 10.2810869462
29.04 10.273552214
29.06 10.2721529491
29.08 10.2766396229
29.1 10.2866659452
29.12 10.3017993181
29.14 10.3215332396
29.16 10.3453010141
29.18 10.3724901246
29.2 10.4024566648
29.22 10.4345393349
29.24 10.4680726236
29.26 10.502398935
29.28 10.5368795436
29.3 10.5709043599
29.32 10.6039005637
29.34 10.6353401983
29.36 10.6647468271
29.38 10.6917013362
29.4 10.7158469296
29.42 10.7368933235
29.44 10.7546200988
29.46 10.7688791395
29.48 10.7795960575
29.5 10.7867704966
29.52 10.7904752203
29.54 10.7908539035
29.56 10.7881175896
29.58 10.7825398115
29.6 10.7744504263
29.62 10.7642282603
29.64 10.7522927064
29.66 10.739094461
29.68 10.7251056221
29.7 10.7108094031
29.72 10.6966897399
29.74 10.6832210866
29.76 10.670858702
29.78 10.6600297276
29.8 10.6511253373
29.82 10.6444942123
29.84 10.6404375366
29.86 10.639205644
29.88 10.6409963576
29.9 10.6459549642
29.92 10.6541756617
29.94 10.6657042183
29.96 10.6805414978
29.98 10.6986474481
30.0 10.7199451283
30.02 10.7443243636
30.04 10.771644678
30.06 10.8017372404
30.08 10.8344056844
30.1 10.8694257906
30.12 10.9065441591
30.14 10.9454761244
30.16 10.9859032713
30.18 11.0274709809
30.2 11.0697864801
30.22 11.1124178635
30.24 11.1548945217
30.26 11.1967093375
30.28 11.2373229034
30.3 11.2761698939
30.32 11.3126675751
30.34 11.3462262921
30.36 11.3762616254
30.38 11.4022077825
30.4 11.4235316816
30.42 11.439747118
30.44 11.4504283724
30.46 11.4552226346
30.48 11.4538606769
30.5 11.4461653104
30.52 11.4320572899
30.54 11.4115584898
30.56 11.384792331
30.58 11.3519815997
30.6 11.3134439293
30.62 11.269585321
30.64 11.2208921383
30.66 11.1679220269
30.68 11.1112941799
30.7 11.0516793019
30.72 10.9897895241
30.74 10.9263684107
30.76 10.8621810796
30.78 10.7980043609
30.8 10.7346168447
30.82 10.6727886414
30.84 10.6132706946
30.86 10.5567835524
30.88 10.5040056161
30.9 10.4555610195
30.92 10.4120074466
30.94 10.3738243359
30.96 10.341402025
30.98 10.3150324467
31.0 10.2949019758
31.02 10.2810869462
31.04 10.273552214
31.06 10.2721529491
31.08 10.2766396229
31.1 10.2866659452
31.12 10.3017993182
31.14 10.3215332396
31.16 10.3453010141
31.18 10.3724901246
31.2 10.4024566648
31.22 10.4345393349
31.24 10.4680726236
31.26 10.5023989349
31.28 10.5368795436
31.3 10.5709043599
31.32 10.6039005637
31.34 10.6353401983
31.36 10.6647468271
31.38 10.6917013362
31.4 10.7158469297
31.42 10.7368933235
31.44 10.7546200988
31.46 10.7688791395
31.48 10.7795960575
31.5 10.7867704966
31.52 10.7904752203
31.54 10.7908539035
31.56 10.7881175896
31.58 10.7825398115
31.6 10.7744504263
31.62 10.7642282603
31.64 10.7522927064
31.66 10.739094461
31.68 10.7251056221
31.7 10.7108094031
31.72 10.6966897399
31.74 10.6832210866
31.76 10.670858702
31.78 10.6600297276
31.8 10.6511253373
31.82 10.6444942123
31.84 10.6404375366
31.86 10.639205644
31.88 10.6409963576
31.9 10.6459549642
31.92 10.6541756617
31.94 10.6657042183
31.96 10.6805414978
31.98 10.6986474482
32.0 10.7199451282
32.02 10.7443243636
32.04 10.771644678
32.06 10.8017372404
32.08 10.8344056844
32.1 10.8694257907
32.12 10.906544159
32.14 10.9454761244
32.16 10.9859032712
32.18 11.0274709809
32.2 11.0697864801
32.22 11.1124178635
32.24 11.1548945218
32.26 11.1967093375
32.28 11.2373229034
32.3 11.2761698939
32.32 11.3126675752
32.34 11.346226292
32.36 11.3762616254
32.38 11.4022077825
32.4 11.4235316816
32.42 11.439747118
32.44 11.4504283724
32.46 11.4552226346
32.48 11.4538606769
32.5 11.4461653104
32.52 11.4320572899
32.54 11.4115584898
32.56 11.384792331
32.58 11.3519815997
32.6 11.3134439293
32.62 11.269585321
32.64 11.2208921383
32.66 11.1679220269
32.68 11.1112941799
32.7 11.0516793019
32.72 10.9897895241
32.74 10.9263684107
32.76 10.8621810796
32.78 10.7980043609
32.8 10.7346168447
32.82 10.6727886414
32.84 10.6132706945
32.86 10.5567835524
32.88 10.5040056162
32.9 10.4555610195
32.92 10.4120074466
32.94 10.3738243359
32.96 10.341402025
32.98 10.3150324467
33.0 10.2949019758
33.02 10.2810869462
33.04 10.273552214
33.06 10.2721529491
33.08 10.2766396229
33.1 10.2866659452
33.12 10.3017993182
33.14 10.3215332395
33.16 10.3453010141
33.18 10.3724901246
33.2 10.4024566648
33.22 10.4345393349
33.24 10.4680726236
33.26 10.502398935
33.28 10.5368795436
33.3 10.5709043599
33.32 10.6039005637
33.34 10.6353401983
33.36 10.6647468271
33.38 10.6917013362
33.4 10.7158469296
33.42 10.7368933235
33.44 10.7546200988
33.46 10.7688791395
33.48 10.7795960575
33.5 10.7867704966
33.52 10.7904752203
33.54 10.7908539035
33.56 10.7881175896
33.58 10.7825398115
33.6 10.7744504263
33.62 10.7642282603
33.64 10.7522927064
33.66 10.739094461
33.68 10.7251056221
33.7 10.7108094031
33.72 10.6966897399
33.74 10.6832210866
33.76 10.670858702
33.78 10.6600297276
33.8 10.6511253373
33.82 10.6444942123
33.84 10.6404375366
33.86 10.639205644
33.88 10.6409963576
33.9 10.6459549642
33.92 10.6541756617
33.94 10.6657042183
33.96 10.6805414978
33.98 10.6986474481
34.0 10.7199451283
34.02 10.7443243636
34.04 10.771644678
34.06 10.8017372404
34.08 10.8344056845
34.1 10.8694257906
34.12 10.906544159
34.14 10.9454761244
34.16 10.9859032712
34.18 11.0274709809
34.2 11.0697864801
34.22 11.1124178635
34.24 11.1548945218
34.26 11.1967093375
34.28 11.2373229034
34.3 11.2761698939
34.32 11.3126675751
34.34 11.3462262921
34.36 11.3762616254
34.38 11.4022077825
34.4 11.4235316816
34.42 11.439747118
34.44 11.4504283724
34.46 11.4552226346
34.48 11.4538606769
34.5 11.4461653104
34.52 11.4320572899
34.54 11.4115584898
34.56 11.384792331
34.58 11.3519815997
34.6 11.3134439293
34.62 11.269585321
34.64 11.2208921384
34.66 11.1679220269
34.68 11.1112941799
34.7 11.0516793019
34.72 10.9897895241
34.74 10.9263684107
34.76 10.8621810796
34.78 10.7980043609
34.8 10.7346168447
34.82 10.6727886414
34.84 10.6132706945
34.86 10.5567835524
34.88 10.5040056162
34.9 10.4555610195
34.92 10.4120074466
34.94 10.3738243359
34.96 10.341402025
34.98 10.3150324467
35.0 10.2949019758
35.02 10.2810869462
35.04 10.273552214
35.06 10.2721529491
35.08 10.2766396229
35.1 10.2866659452
35.12 10.3017993182
35.14 10.3215332396
35.16 10.3453010141
35.18 10.3724901246
35.2 10.4024566648
35.22 10.4345393349
35.24 10.4680726235
35.26 10.502398935
35.28 10.5368795436
35.3 10.5709043599
35.32 10.6039005637
35.34 10.6353401982
35.36 10.6647468271
35.38 10.6917013362
35.4 10.7158469296
35.42 10.7368933235
35.44 10.7546200988
35.46 10.7688791395
35.48 10.7795960575
35.5 10.7867704966
35.52 10.7904752203
35.54 10.7908539035
35.56 10.7881175896
35.58 10.7825398115
35.6 10.7744504263
35.62 10.7642282603
35.64 10.7522927064
35.66 10.739094461
35.68 10.7251056221
35.7 10.7108094031
35.72 10.6966897399
35.74 10.6832210866
35.76 10.670858702
35.78 10.6600297276
35.8 10.6511253373
35.82 10.6444942123
35.84 10.6404375366
35.86 10.639205644
35.88 10.6409963576
35.9 10.6459549642
35.92 10.6541756617
35.94 10.6657042183
35.96 10.6805414978
35.98 10.6986474482
36.0 10.7199451283
36.02 10.7443243636
36.04 10.771644678
36.06 10.8017372404
36.08 10.8344056844
36.1 10.8694257907
36.12 10.9065441591
36.14 10.9454761244
36.16 10.9859032713
36.18 11.0274709809
36.2 11.0697864801
36.22 11.1124178635
36.24 11.1548945217
36.26 11.1967093375
36.28 11.2373229034
36.3 11.2761698939
36.32 11.3126675751
36.34 11.3462262921
36.36 11.3762616254
36.38 11.4022077825
36.4 11.4235316816
36.42 11.439747118
36.44 11.4504283724
36.46 11.4552226346
36.48 11.4538606769
36.5 11.4461653104
36.52 11.4320572899
36.54 11.4115584898
36.56 11.384792331
36.58 11.3519815997
36.6 11.3134439293
36.62 11.269585321
36.64 11.2208921384
36.66 11.1679220269
36.68 11.1112941799
36.7 11.0516793019
36.72 10.9897895241
36.74 10.9263684107
36.76 10.8621810796
36.78 10.7980043609
36.8 10.7346168447
36.82 10.6727886414
36.84 10.6132706946
36.86 10.5567835524
36.88 10.5040056162
36.9 10.4555610195
36.92 10.4120074466
36.94 10.3738243359
36.96 10.341402025
36.98 10.3150324467
37.0 10.2949019758
37.02 10.2810869462
37.04 10.273552214
37.06 10.2721529491
37.08 10.2766396229
37.1 10.2866659452
37.12 10.3017993182
37.14 10.3215332395
37.16 10.3453010141
37.18 10.3724901246
37.2 10.4024566648
37.22 10.4345393349
37.24 10.4680726236
37.26 10.502398935
37.28 10.5368795436
37.3 10.5709043599
37.32 10.6039005637
37.34 10.6353401983
37.36 10.6647468271
37.38 10.6917013362
37.4 10.7158469297
37.42 10.7368933235
37.44 10.7546200988
37.46 10.7688791395
37.48 10.7795960575
37.5 10.7867704966
37.52 10.7904752203
37.54 10.7908539035
37.56 10.7881175896
37.58 10.7825398115
37.6 10.7744504264
37.62 10.7642282603
37.64 10.7522927064
37.66 10.739094461
37.68 10.7251056221
37.7 10.7108094031
37.72 10.6966897399
37.74 10.6832210866
37.76 10.670858702
37.78 10.6600297276
37.8 10.6511253373
37.82 10.6444942123
37.84 10.6404375366
37.86 10.639205644
37.88 10.6409963576
37.9 10.6459549642
37.92 10.6541756617
37.94 10.6657042183
37.96 10.6805414978
37.98 10.6986474482
38.0 10.7199451283
38.02 10.7443243636
38.04 10.771644678
38.06 10.8017372404
38.08 10.8344056844
38.1 10.8694257907
38.12 10.906544159
38.14 10.9454761244
38.16 10.9859032712
38.18 11.0274709809
38.2 11.0697864801
38.22 11.1124178634
38.24 11.1548945218
38.26 11.1967093375
38.28 11.2373229034
38.3 11.2761698939
38.32 11.3126675752
38.34 11.346226292
38.36 11.3762616254
38.38 11.4022077825
38.4 11.4235316816
38.42 11.439747118
38.44 11.4504283724
38.46 11.4552226346
38.48 11.4538606769
38.5 11.4461653104
38.52 11.4320572899
38.54 11.4115584898
38.56 11.384792331
38.58 11.3519815997
38.6 11.3134439293
38.62 11.269585321
38.64 11.2208921383
38.66 11.1679220269
38.68 11.1112941799
38.7 11.0516793019
38.72 10.9897895241
38.74 10.9263684107
38.76 10.8621810796
38.78 10.7980043609
38.8 10.7346168447
38.82 10.6727886414
38.84 10.6132706946
38.86 10.5567835524
38.88 10.5040056162
38.9 10.4555610195
38.92 10.4120074466
38.94 10.3738243359
38.96 10.341402025
38.98 10.3150324467
39.0 10.2949019758
39.02 10.2810869462
39.04 10.273552214
39.06 10.2721529491
39.08 10.2766396229
39.1 10.2866659452
39.12 10.3017993182
39.14 10.3215332395
39.16 10.3453010141
39.18 10.3724901246
39.2 10.4024566648
39.22 10.4345393349
39.24 10.4680726235
39.26 10.502398935
39.28 10.5368795436
39.3 10.5709043599
39.32 10.6039005637
39.34 10.6353401983
39.36 10.6647468271
39.38 10.6917013362
39.4 10.7158469296
39.42 10.7368933235
39.44 10.7546200988
39.46 10.7688791395
39.48 10.7795960575
39.5 10.7867704966
39.52 10.7904752203
39.54 10.7908539035
39.56 10.7881175896
39.58 10.7825398115
39.6 10.7744504263
39.62 10.7642282603
39.64 10.7522927064
39.66 10.739094461
39.68 10.7251056221
39.7 10.7108094031
39.72 10.6966897399
39.74 10.6832210866
39.76 10.670858702
39.78 10.6600297276
39.8 10.6511253373
39.82 10.6444942123
39.84 10.6404375366
39.86 10.639205644
39.88 10.6409963576
39.9 10.6459549642
39.92 10.6541756617
39.94 10.6657042183
39.96 10.6805414978
39.98 10.6986474481
