0.0 -0.0474603029708
0.02 0.326378368736
0.04 0.702245163095
0.06 1.07710714819
0.08 1.44804935726
0.1 1.81233540103
0.12 2.16745488986
0.14 2.51115646704
0.16 2.84146633182
0.18 3.1566930987
0.2 3.45542061996
0.22 3.73649095006
0.24 3.99897993637
0.26 4.24216799523
0.28 4.46550850511
0.3 4.66859596658
0.32 4.85113568983
0.34 5.01291632582
0.36 5.15378610194
0.38 5.27363319538
0.4 5.37237030871
0.42 5.44992322244
0.44 5.50622290221
0.46 5.54120063696
0.48 5.55478567527
0.5 5.54690489842
0.52 5.51748420324
0.54 5.46645144323
0.56 5.39374096627
0.58 5.2992999658
0.6 5.18309700237
0.62 5.04513313103
0.64 4.88545606854
0.66 4.70417774027
0.68 4.50149535579
0.7 4.2777158783
0.72 4.03328339052
0.74 3.76880844123
0.76 3.48509801577
0.78 3.1831843523
0.8 2.86435046953
0.82 2.5301500355
0.84 2.18241913567
0.86 1.82327763747
0.88 1.45511822049
0.9 1.08058175292
0.92 0.702518519217
0.94 0.323935790243
0.96 -0.0520667107852
0.98 -0.422370856795
1.0 -0.783920194075
1.02 -1.13380191243
1.04 -1.46932625362
1.06 -1.78809896116
1.08 -2.08808280901
1.1 -2.36764501216
1.12 -2.6255883307
1.14 -2.86116481446
1.16 -3.0740722806
1.18 -3.26443464955
1.2 -3.43276810673
1.22 -3.57993564393
1.24 -3.70709285556
1.26 -3.81562793049
1.28 -3.90709863652
1.3 -3.98316879348
1.32 -4.04554633681
1.34 -4.09592464417
1.36 -4.13592837715
1.38 -4.16706471591
1.4 -4.19068055713
1.42 -4.20792600884
1.44 -4.21972435617
1.46 -4.22674856971
1.48 -4.22940438658
1.5 -4.22781998308
1.52 -4.22184227586
1.54 -4.21103991921
1.56 -4.19471309096
1.58 -4.17191017705
1.6 -4.1414514563
1.62 -4.1019598386
1.64 -4.05189861876
1.66 -3.98961605153
1.68 -3.91339633253
1.7 -3.8215162729
1.72 -3.71230659265
1.74 -3.58421633847
1.76 -3.43587848388
1.78 -3.26617433599
1.8 -3.0742940002
1.82 -2.85978990766
1.84 -2.6226203459
1.86 -2.36318010413
1.88 -2.08231578578
1.9 -1.78132404835
1.92 -1.46193198242
1.94 -1.12625995662
1.96 -0.776768443062
1.98 -0.416191469849
2.0 -0.0474603029708
2.02 0.326378368736
2.04 0.702245163095
2.06 1.07710714819
2.08 1.44804935726
2.1 1.81233540103
2.12 2.16745488986
2.14 2.51115646704
2.16 2.84146633182
2.18 3.1566930987
2.2 3.45542061996
2.22 3.73649095006
2.24 3.99897993637
2.26 4.24216799523
2.28 4.46550850512
2.3 4.66859596658
2.32 4.85113568983
2.34 5.01291632582
2.36 5.15378610194
2.38 5.27363319538
2.4 5.37237030872
2.42 5.44992322244
2.44 5.50622290221
2.46 5.54120063696
2.48 5.55478567527
2.5 5.54690489842
2.52 5.51748420324
2.54 5.46645144323
2.56 5.39374096627
2.58 5.2992999658
2.6 5.18309700237
2.62 5.04513313103
2.64 4.88545606854
2.66 4.70417774027
2.68 4.50149535579
2.7 4.27771587829
2.72 4.03328339052
2.74 3.76880844123
2.76 3.48509801577
2.78 3.1831843523
2.8 2.86435046953
2.82 2.5301500355
2.84 2.18241913567
2.86 1.82327763747
2.88 1.4551182205
2.9 1.08058175292
2.92 0.702518519221
2.94 0.323935790236
2.96 -0.0520667107852
2.98 -0.422370856789
3.0 -0.783920194075
3.02 -1.13380191244
3.04 -1.46932625362
3.06 -1.78809896116
3.08 -2.08808280901
3.1 -2.36764501216
3.12 -2.6255883307
3.14 -2.86116481446
3.16 -3.0740722806
3.18 -3.26443464955
3.2 -3.43276810673
3.22 -3.57993564393
3.24 -3.70709285555
3.26 -3.81562793048
3.28 -3.90709863654
3.3 -3.98316879347
3.32 -4.04554633682
3.34 -4.09592464417
3.36 -4.13592837715
3.38 -4.16706471593
3.4 -4.1906805571
3.42 -4.20792600887
3.44 -4.21972435616
3.46 -4.22674856972
3.48 -4.22940438658
3.5 -4.22781998308
3.52 -4.22184227586
3.54 -4.21103991921
3.56 -4.19471309096
3.58 -4.17191017705
3.6 -4.1414514563
3.62 -4.1019598386
3.64 -4.05189861877
3.66 -3.98961605151
3.68 -3.91339633253
3.7 -3.8215162729
3.72 -3.71230659264
3.74 -3.58421633846
3.76 -3.43587848389
3.78 -3.26617433599
3.8 -3.0742940002
3.82 -2.85978990766
3.84 -2.6226203459
3.86 -2.36318010413
3.88 -2.08231578578
3.9 -1.78132404834
3.92 -1.46193198243
3.94 -1.12625995662
3.96 -0.776768443062
3.98 -0.416191469847
4.0 -0.0474603029747
4.02 0.326378368738
4.04 0.702245163095
4.06 1.07710714819
4.08 1.44804935727
4.1 1.81233540102
4.12 2.16745488986
4.14 2.51115646704
4.16 2.84146633182
4.18 3.1566930987
4.2 3.45542061996
4.22 3.73649095006
4.24 3.99897993637
4.26 4.24216799523
4.28 4.46550850511
4.3 4.66859596658
4.32 4.85113568983
4.34 5.01291632582
4.36 5.15378610194
4.38 5.27363319538
4.4 5.37237030871
4.42 5.44992322244
4.44 5.50622290221
4.46 5.54120063696
4.48 5.55478567527
4.5 5.54690489842
4.52 5.51748420324
4.54 5.46645144323
4.56 5.39374096628
4.58 5.2992999658
4.6 5.18309700237
4.62 5.04513313103
4.64 4.88545606854
4.66 4.70417774027
4.68 4.50149535579
4.7 4.2777158783
4.72 4.03328339052
4.74 3.76880844123
4.76 3.48509801577
4.78 3.1831843523
4.8 2.86435046953
4.82 2.5301500355
4.84 2.18241913567
4.86 1.82327763747
4.88 1.4551182205
4.9 1.08058175293
4.92 0.702518519212
4.94 0.323935790244
4.96 -0.0520667107832
4.98 -0.422370856791
5.0 -0.783920194079
5.02 -1.13380191243
5.04 -1.46932625362
5.06 -1.78809896116
5.08 -2.08808280901
5.1 -2.36764501217
5.12 -2.6255883307
5.14 -2.86116481446
5.16 -3.0740722806
5.18 -3.26443464955
5.2 -3.43276810673
5.22 -3.57993564393
5.24 -3.70709285556
5.26 -3.81562793049
5.28 -3.90709863653
5.3 -3.98316879347
5.32 -4.04554633682
5.34 -4.09592464417
5.36 -4.13592837715
5.38 -4.16706471593
5.4 -4.19068055711
5.42 -4.20792600886
5.44 -4.21972435615
5.46 -4.22674856972
5.48 -4.22940438658
5.5 -4.22781998308
5.52 -4.22184227586
5.54 -4.21103991921
5.56 -4.19471309096
5.58 -4.17191017705
5.6 -4.1414514563
5.62 -4.1019598386
5.64 -4.05189861876
5.66 -3.98961605153
5.68 -3.91339633253
5.7 -3.8215162729
5.72 -3.71230659266
5.74 -3.58421633845
5.76 -3.43587848389
5.78 -3.26617433599
5.8 -3.0742940002
5.82 -2.85978990766
5.84 -2.6226203459
5.86 -2.36318010413
5.88 -2.08231578577
5.9 -1.78132404836
5.92 -1.46193198242
5.94 -1.12625995662
5.96 -0.776768443062
5.98 -0.416191469847
6.0 -0.0474603029747
6.02 0.32637836874
6.04 0.70224516309
6.06 1.07710714819
6.08 1.44804935727
6.1 1.81233540103
6.12 2.16745488986
6.14 2.51115646704
6.16 2.84146633182
6.18 3.1566930987
6.2 3.45542061996
6.22 3.73649095007
6.24 3.99897993637
6.26 4.24216799523
6.28 4.46550850512
6.3 4.66859596658
6.32 4.85113568983
6.34 5.01291632582
6.36 5.15378610194
6.38 5.27363319538
6.4 5.37237030872
6.42 5.44992322244
6.44 5.5062229022
6.46 5.54120063696
6.48 5.55478567527
6.5 5.54690489842
6.52 5.51748420324
6.54 5.46645144323
6.56 5.39374096627
6.58 5.29929996581
6.6 5.18309700236
6.62 5.04513313103
6.64 4.88545606854
6.66 4.70417774027
6.68 4.50149535579
6.7 4.27771587829
6.72 4.03328339053
6.74 3.76880844121
6.76 3.48509801578
6.78 3.18318435229
6.8 2.86435046953
6.82 2.5301500355
6.84 2.18241913567
6.86 1.82327763747
6.88 1.45511822049
6.9 1.08058175293
6.92 0.702518519215
6.94 0.323935790242
6.96 -0.0520667107921
6.98 -0.422370856782
7.0 -0.783920194085
7.02 -1.13380191242
7.04 -1.46932625362
7.06 -1.78809896116
7.08 -2.08808280901
7.1 -2.36764501217
7.12 -2.6255883307
7.14 -2.86116481447
7.16 -3.07407228059
7.18 -3.26443464956
7.2 -3.43276810673
7.22 -3.57993564393
7.24 -3.70709285556
7.26 -3.81562793047
7.28 -3.90709863653
7.3 -3.98316879348
7.32 -4.04554633681
7.34 -4.09592464418
7.36 -4.13592837715
7.38 -4.16706471593
7.4 -4.1906805571
7.42 -4.20792600887
7.44 -4.21972435616
7.46 -4.22674856971
7.48 -4.22940438658
7.5 -4.22781998308
7.52 -4.22184227585
7.54 -4.21103991922
7.56 -4.19471309096
7.58 -4.17191017705
7.6 -4.1414514563
7.62 -4.1019598386
7.64 -4.05189861876
7.66 -3.98961605153
7.68 -3.91339633253
7.7 -3.8215162729
7.72 -3.71230659265
7.74 -3.58421633847
7.76 -3.43587848388
7.78 -3.26617433599
7.8 -3.0742940002
7.82 -2.85978990766
7.84 -2.6226203459
7.86 -2.36318010414
7.88 -2.08231578577
7.9 -1.78132404836
7.92 -1.46193198242
7.94 -1.12625995662
7.96 -0.776768443062
7.98 -0.416191469847
8.0 -0.0474603029747
8.02 0.32637836874
8.04 0.70224516309
8.06 1.0771071482
8.08 1.44804935726
8.1 1.81233540103
8.12 2.16745488986
8.14 2.51115646704
8.16 2.84146633183
8.18 3.1566930987
8.2 3.45542061996
8.22 3.73649095007
8.24 3.99897993637
8.26 4.24216799523
8.28 4.46550850512
8.3 4.66859596658
8.32 4.85113568983
8.34 5.01291632582
8.36 5.15378610194
8.38 5.27363319538
8.4 5.37237030872
8.42 5.44992322244
8.44 5.5062229022
8.46 5.54120063696
8.48 5.55478567527
8.5 5.54690489842
8.52 5.51748420324
8.54 5.46645144323
8.56 5.39374096627
8.58 5.2992999658
8.6 5.18309700237
8.62 5.04513313103
8.64 4.88545606854
8.66 4.70417774028
8.68 4.50149535578
8.7 4.2777158783
8.72 4.03328339052
8.74 3.76880844122
8.76 3.48509801577
8.78 3.1831843523
8.8 2.86435046953
8.82 2.53015003549
8.84 2.18241913569
8.86 1.82327763745
8.88 1.45511822051
8.9 1.08058175291
8.92 0.702518519224
8.94 0.32393579024
8.96 -0.0520667107891
8.98 -0.422370856784
9.0 -0.783920194093
9.02 -1.13380191241
9.04 -1.46932625363
9.06 -1.78809896116
9.08 -2.08808280901
9.1 -2.36764501216
9.12 -2.62558833071
9.14 -2.86116481447
9.16 -3.07407228059
9.18 -3.26443464956
9.2 -3.43276810672
9.22 -3.57993564395
9.24 -3.70709285554
9.26 -3.81562793049
9.28 -3.90709863653
9.3 -3.98316879348
9.32 -4.0455463368
9.34 -4.09592464418
9.36 -4.13592837713
9.38 -4.16706471592
9.4 -4.19068055713
9.42 -4.20792600885
9.44 -4.21972435615
9.46 -4.22674856973
9.48 -4.22940438658
9.5 -4.22781998308
9.52 -4.22184227586
9.54 -4.21103991921
9.56 -4.19471309096
9.58 -4.17191017705
9.6 -4.14145145629
9.62 -4.10195983861
9.64 -4.05189861875
9.66 -3.98961605153
9.68 -3.91339633253
9.7 -3.82151627289
9.72 -3.71230659265
9.74 -3.58421633846
9.76 -3.4358784839
9.78 -3.26617433599
9.8 -3.07429400018
9.82 -2.85978990768
9.84 -2.62262034588
9.86 -2.36318010414
9.88 -2.08231578577
9.9 -1.78132404835
9.92 -1.46193198242
9.94 -1.12625995662
9.96 -0.776768443059
9.98 -0.416191469853
10.0 -0.0474603029775
10.02 0.326378368751
10.04 0.702245163083
10.06 1.0771071482
10.08 1.44804935726
10.1 1.81233540104
10.12 2.16745488985
10.14 2.51115646705
10.16 2.84146633181
10.18 3.15669309871
10.2 3.45542061996
10.22 3.73649095007
10.24 3.99897993636
10.26 4.24216799524
10.28 4.4655085051
10.3 4.66859596658
10.32 4.85113568983
10.34 5.01291632582
10.36 5.15378610194
10.38 5.27363319538
10.4 5.37237030872
10.42 5.44992322244
10.44 5.50622290221
10.46 5.54120063695
10.48 5.55478567527
10.5 5.54690489841
10.52 5.51748420324
10.54 5.46645144323
10.56 5.39374096628
10.58 5.2992999658
10.6 5.18309700237
10.62 5.04513313103
10.64 4.88545606854
10.66 4.70417774027
10.68 4.50149535578
10.7 4.2777158783
10.72 4.03328339051
10.74 3.76880844123
10.76 3.48509801577
10.78 3.18318435231
10.8 2.86435046952
10.82 2.53015003551
10.84 2.18241913567
10.86 1.82327763746
10.88 1.4551182205
10.9 1.08058175292
10.92 0.702518519226
10.94 0.323935790228
10.96 -0.0520667107713
10.98 -0.422370856804
11.0 -0.78392019407
11.02 -1.13380191244
11.04 -1.46932625361
11.06 -1.78809896116
11.08 -2.08808280902
11.1 -2.36764501216
11.12 -2.62558833071
11.14 -2.86116481446
11.16 -3.07407228061
11.18 -3.26443464954
11.2 -3.43276810673
11.22 -3.57993564393
11.24 -3.70709285556
11.26 -3.81562793047
11.28 -3.90709863653
11.3 -3.98316879348
11.32 -4.04554633681
11.34 -4.09592464418
11.36 -4.13592837714
11.38 -4.16706471594
11.4 -4.1906805571
11.42 -4.20792600885
11.44 -4.21972435617
11.46 -4.22674856971
11.48 -4.22940438658
11.5 -4.22781998308
11.52 -4.22184227586
11.54 -4.21103991922
11.56 -4.19471309093
11.58 -4.17191017708
11.6 -4.14145145627
11.62 -4.10195983862
11.64 -4.05189861875
11.66 -3.98961605153
11.68 -3.91339633253
11.7 -3.8215162729
11.72 -3.71230659265
11.74 -3.58421633847
11.76 -3.43587848389
11.78 -3.26617433599
11.8 -3.0742940002
11.82 -2.85978990766
11.84 -2.6226203459
11.86 -2.36318010413
11.88 -2.08231578578
11.9 -1.78132404834
11.92 -1.46193198244
11.94 -1.12625995662
11.96 -0.776768443059
11.98 -0.416191469854
12.0 -0.047460302963
12.02 0.326378368733
12.04 0.702245163094
12.06 1.07710714819
12.08 1.44804935728
12.1 1.81233540102
12.12 2.16745488987
12.14 2.51115646703
12.16 2.84146633183
12.18 3.15669309871
12.2 3.45542061996
12.22 3.73649095007
12.24 3.99897993636
12.26 4.24216799524
12.28 4.4655085051
12.3 4.66859596659
12.32 4.85113568982
12.34 5.01291632582
12.36 5.15378610194
12.38 5.27363319538
12.4 5.37237030872
12.42 5.44992322244
12.44 5.50622290221
12.46 5.54120063695
12.48 5.55478567527
12.5 5.54690489842
12.52 5.51748420324
12.54 5.46645144323
12.56 5.39374096628
12.58 5.2992999658
12.6 5.18309700237
12.62 5.04513313103
12.64 4.88545606854
12.66 4.70417774027
12.68 4.50149535579
12.7 4.27771587829
12.72 4.03328339053
12.74 3.76880844122
12.76 3.48509801578
12.78 3.1831843523
12.8 2.86435046952
12.82 2.53015003551
12.84 2.18241913567
12.86 1.82327763748
12.88 1.45511822048
12.9 1.08058175294
12.92 0.702518519213
12.94 0.32393579024
12.96 -0.0520667107835
12.98 -0.422370856792
13.0 -0.783920194088
13.02 -1.1338019124
13.04 -1.46932625365
13.06 -1.78809896116
13.08 -2.08808280901
13.1 -2.36764501214
13.12 -2.62558833072
13.14 -2.86116481447
13.16 -3.0740722806
13.18 -3.26443464954
13.2 -3.43276810673
13.22 -3.57993564395
13.24 -3.70709285554
13.26 -3.81562793049
13.28 -3.90709863652
13.3 -3.98316879349
13.32 -4.0455463368
13.34 -4.0959246442
13.36 -4.13592837714
13.38 -4.16706471592
13.4 -4.19068055712
13.42 -4.20792600885
13.44 -4.21972435616
13.46 -4.22674856972
13.48 -4.22940438658
13.5 -4.22781998308
13.52 -4.22184227585
13.54 -4.21103991923
13.56 -4.19471309093
13.58 -4.17191017706
13.6 -4.14145145628
13.62 -4.10195983863
13.64 -4.05189861874
13.66 -3.98961605153
13.68 -3.91339633253
13.7 -3.8215162729
13.72 -3.71230659265
13.74 -3.58421633845
13.76 -3.43587848392
13.78 -3.26617433597
13.8 -3.07429400019
13.82 -2.85978990768
13.84 -2.62262034589
13.86 -2.36318010413
13.88 -2.08231578578
13.9 -1.78132404836
13.92 -1.46193198241
13.94 -1.12625995662
13.96 -0.776768443066
13.98 -0.416191469865
14.0 -0.0474603029531
14.02 0.326378368737
14.04 0.702245163081
14.06 1.0771071482
14.08 1.44804935727
14.1 1.81233540103
14.12 2.16745488984
14.14 2.51115646706
14.16 2.84146633182
14.18 3.1566930987
14.2 3.45542061996
14.22 3.73649095007
14.24 3.99897993637
14.26 4.24216799522
14.28 4.46550850512
14.3 4.66859596658
14.32 4.85113568983
14.34 5.01291632581
14.36 5.15378610194
14.38 5.27363319538
14.4 5.37237030872
14.42 5.44992322244
14.44 5.50622290221
14.46 5.54120063695
14.48 5.55478567527
14.5 5.54690489841
14.52 5.51748420324
14.54 5.46645144323
14.56 5.39374096628
14.58 5.2992999658
14.6 5.18309700236
14.62 5.04513313104
14.64 4.88545606854
14.66 4.70417774027
14.68 4.50149535579
14.7 4.27771587831
14.72 4.03328339051
14.74 3.76880844122
14.76 3.48509801578
14.78 3.1831843523
14.8 2.86435046952
14.82 2.5301500355
14.84 2.18241913568
14.86 1.82327763747
14.88 1.45511822048
14.9 1.08058175294
14.92 0.702518519215
14.94 0.323935790228
14.96 -0.0520667107813
14.98 -0.422370856784
15.0 -0.78392019408
15.02 -1.13380191244
15.04 -1.46932625362
15.06 -1.78809896116
15.08 -2.08808280901
15.1 -2.36764501218
15.12 -2.62558833069
15.14 -2.86116481447
15.16 -3.07407228061
15.18 -3.26443464954
15.2 -3.43276810672
15.22 -3.57993564395
15.24 -3.70709285555
15.26 -3.81562793049
15.28 -3.90709863652
15.3 -3.98316879348
15.32 -4.04554633681
15.34 -4.09592464419
15.36 -4.13592837712
15.38 -4.16706471596
15.4 -4.1906805571
15.42 -4.20792600885
15.44 -4.21972435617
15.46 -4.22674856971
15.48 -4.22940438658
15.5 -4.22781998308
15.52 -4.22184227585
15.54 -4.21103991922
15.56 -4.19471309096
15.58 -4.17191017706
15.6 -4.14145145627
15.62 -4.10195983862
15.64 -4.05189861875
15.66 -3.98961605153
15.68 -3.91339633253
15.7 -3.8215162729
15.72 -3.71230659265
15.74 -3.58421633847
15.76 -3.43587848388
15.78 -3.266174336
15.8 -3.07429400019
15.82 -2.85978990766
15.84 -2.6226203459
15.86 -2.36318010413
15.88 -2.08231578579
15.9 -1.78132404833
15.92 -1.46193198244
15.94 -1.12625995661
15.96 -0.776768443077
15.98 -0.416191469844
16.0 -0.0474603029639
16.02 0.326378368728
16.04 0.702245163099
16.06 1.07710714819
16.08 1.44804935727
16.1 1.81233540102
16.12 2.16745488987
16.14 2.51115646703
16.16 2.84146633183
16.18 3.1566930987
16.2 3.45542061996
16.22 3.73649095007
16.24 3.99897993636
16.26 4.24216799524
16.28 4.4655085051
16.3 4.66859596659
16.32 4.85113568982
16.34 5.01291632582
16.36 5.15378610194
16.38 5.27363319538
16.4 5.37237030872
16.42 5.44992322244
16.44 5.50622290221
16.46 5.54120063695
16.48 5.55478567527
16.5 5.54690489842
16.52 5.51748420324
16.54 5.46645144323
16.56 5.39374096628
16.58 5.2992999658
16.6 5.18309700237
16.62 5.04513313103
16.64 4.88545606854
16.66 4.70417774027
16.68 4.50149535579
16.7 4.2777158783
16.72 4.03328339051
16.74 3.76880844122
16.76 3.48509801578
16.78 3.1831843523
16.8 2.86435046952
16.82 2.53015003551
16.84 2.18241913566
16.86 1.82327763747
16.88 1.45511822049
16.9 1.08058175294
16.92 0.702518519212
16.94 0.323935790233
16.96 -0.0520667107804
16.98 -0.422370856786
17.0 -0.78392019408
17.02 -1.13380191244
17.04 -1.46932625361
17.06 -1.78809896116
17.08 -2.08808280901
17.1 -2.36764501217
17.12 -2.62558833069
17.14 -2.86116481447
17.16 -3.07407228061
17.18 -3.26443464954
17.2 -3.43276810672
17.22 -3.57993564395
17.24 -3.70709285555
17.26 -3.81562793049
17.28 -3.90709863652
17.3 -3.98316879348
17.32 -4.04554633681
17.34 -4.09592464419
17.36 -4.13592837712
17.38 -4.16706471596
17.4 -4.1906805571
17.42 -4.20792600886
17.44 -4.21972435615
17.46 -4.22674856972
17.48 -4.22940438658
17.5 -4.22781998308
17.52 -4.22184227586
17.54 -4.21103991921
17.56 -4.19471309096
17.58 -4.17191017705
17.6 -4.14145145629
17.62 -4.10195983861
17.64 -4.05189861875
17.66 -3.98961605153
17.68 -3.91339633253
17.7 -3.8215162729
17.72 -3.71230659266
17.74 -3.58421633845
17.76 -3.43587848389
17.78 -3.26617433601
17.8 -3.07429400018
17.82 -2.85978990767
17.84 -2.62262034589
17.86 -2.36318010415
17.88 -2.08231578576
17.9 -1.78132404834
17.92 -1.46193198244
17.94 -1.12625995662
17.96 -0.776768443056
17.98 -0.41619146985
18.0 -0.0474603029846
18.02 0.326378368749
18.04 0.702245163093
18.06 1.0771071482
18.08 1.44804935724
18.1 1.81233540105
18.12 2.16745488986
18.14 2.51115646702
18.16 2.84146633184
18.18 3.1566930987
18.2 3.45542061996
18.22 3.73649095005
18.24 3.99897993638
18.26 4.24216799523
18.28 4.46550850511
18.3 4.66859596658
18.32 4.85113568983
18.34 5.01291632582
18.36 5.15378610194
18.38 5.27363319539
18.4 5.37237030871
18.42 5.44992322244
18.44 5.5062229022
18.46 5.54120063696
18.48 5.55478567527
18.5 5.54690489842
18.52 5.51748420324
18.54 5.46645144323
18.56 5.39374096627
18.58 5.29929996581
18.6 5.18309700237
18.62 5.04513313103
18.64 4.88545606854
18.66 4.70417774028
18.68 4.50149535577
18.7 4.2777158783
18.72 4.03328339052
18.74 3.76880844124
18.76 3.48509801576
18.78 3.1831843523
18.8 2.86435046955
18.82 2.53015003548
18.84 2.18241913567
18.86 1.82327763746
18.88 1.45511822051
18.9 1.08058175291
18.92 0.702518519212
18.94 0.32393579024
18.96 -0.0520667107665
18.98 -0.422370856807
19.0 -0.783920194085
19.02 -1.1338019124
19.04 -1.46932625364
19.06 -1.78809896116
19.08 -2.088082809
19.1 -2.36764501215
19.12 -2.62558833072
19.14 -2.86116481446
19.16 -3.0740722806
19.18 -3.26443464954
19.2 -3.43276810673
19.22 -3.57993564395
19.24 -3.70709285554
19.26 -3.81562793049
19.28 -3.90709863653
19.3 -3.98316879348
19.32 -4.04554633679
19.34 -4.0959246442
19.36 -4.13592837714
19.38 -4.1670647159
19.4 -4.19068055715
19.42 -4.20792600884
19.44 -4.21972435616
19.46 -4.22674856972
19.48 -4.22940438658
19.5 -4.22781998308
19.52 -4.22184227585
19.54 -4.21103991923
19.56 -4.19471309093
19.58 -4.17191017706
19.6 -4.1414514563
19.62 -4.10195983861
19.64 -4.05189861875
19.66 -3.98961605153
19.68 -3.91339633254
19.7 -3.82151627288
19.72 -3.71230659265
19.74 -3.58421633846
19.76 -3.43587848391
19.78 -3.26617433597
19.8 -3.07429400019
19.82 -2.85978990768
19.84 -2.62262034588
19.86 -2.36318010413
19.88 -2.08231578578
19.9 -1.78132404836
19.92 -1.46193198241
19.94 -1.12625995662
19.96 -0.776768443062
19.98 -0.416191469871
20.0 -0.0474603029531
20.02 0.326378368739
20.04 0.702245163076
20.06 1.07710714821
20.08 1.44804935727
20.1 1.81233540103
20.12 2.16745488984
20.14 2.51115646706
20.16 2.84146633182
20.18 3.1566930987
20.2 3.45542061995
20.22 3.73649095007
20.24 3.99897993637
20.26 4.24216799522
20.28 4.46550850512
20.3 4.66859596658
20.32 4.85113568983
20.34 5.01291632581
20.36 5.15378610194
20.38 5.27363319539
20.4 5.37237030871
20.42 5.44992322244
20.44 5.50622290221
20.46 5.54120063696
20.48 5.55478567527
20.5 5.54690489842
20.52 5.51748420324
20.54 5.46645144323
20.56 5.39374096628
20.58 5.29929996581
20.6 5.18309700236
20.62 5.04513313102
20.64 4.88545606856
20.66 4.70417774025
20.68 4.5014953558
20.7 4.2777158783
20.72 4.03328339052
20.74 3.76880844121
20.76 3.48509801579
20.78 3.18318435229
20.8 2.86435046953
20.82 2.53015003548
20.84 2.18241913569
20.86 1.82327763747
20.88 1.4551182205
20.9 1.08058175291
20.92 0.70251851923
20.94 0.323935790238
20.96 -0.0520667107804
20.98 -0.422370856809
21.0 -0.78392019405
21.02 -1.13380191245
21.04 -1.4693262536
21.06 -1.78809896119
21.08 -2.08808280896
21.1 -2.36764501221
21.12 -2.62558833068
21.14 -2.86116481447
21.16 -3.0740722806
21.18 -3.26443464956
21.2 -3.43276810671
21.22 -3.57993564395
21.24 -3.70709285555
21.26 -3.81562793049
21.28 -3.90709863653
21.3 -3.98316879347
21.32 -4.04554633682
21.34 -4.09592464417
21.36 -4.13592837713
21.38 -4.16706471597
21.4 -4.19068055709
21.42 -4.20792600886
21.44 -4.21972435615
21.46 -4.22674856972
21.48 -4.22940438658
21.5 -4.22781998308
21.52 -4.22184227585
21.54 -4.21103991922
21.56 -4.19471309096
21.58 -4.17191017705
21.6 -4.14145145629
21.62 -4.10195983861
21.64 -4.05189861875
21.66 -3.98961605153
21.68 -3.91339633253
21.7 -3.82151627288
21.72 -3.71230659268
21.74 -3.58421633844
21.76 -3.4358784839
21.78 -3.26617433598
21.8 -3.07429400022
21.82 -2.85978990764
21.84 -2.6226203459
21.86 -2.36318010412
21.88 -2.08231578581
21.9 -1.78132404831
21.92 -1.46193198245
21.94 -1.12625995662
21.96 -0.776768443065
21.98 -0.416191469829
22.0 -0.0474603029894
22.02 0.326378368737
22.04 0.702245163094
22.06 1.07710714821
22.08 1.44804935725
22.1 1.81233540102
22.12 2.16745488986
22.14 2.51115646706
22.16 2.84146633179
22.18 3.15669309873
22.2 3.45542061995
22.22 3.73649095007
22.24 3.99897993635
22.26 4.24216799525
22.28 4.4655085051
22.3 4.66859596659
22.32 4.85113568981
22.34 5.01291632584
22.36 5.15378610194
22.38 5.27363319538
22.4 5.37237030872
22.42 5.44992322244
22.44 5.5062229022
22.46 5.54120063696
22.48 5.55478567527
22.5 5.54690489841
22.52 5.51748420324
22.54 5.46645144324
22.56 5.39374096627
22.58 5.29929996579
22.6 5.18309700239
22.62 5.04513313101
22.64 4.88545606855
22.66 4.70417774026
22.68 4.50149535581
22.7 4.27771587827
22.72 4.03328339053
22.74 3.76880844121
22.76 3.4850980158
22.78 3.18318435227
22.8 2.86435046954
22.82 2.5301500355
22.84 2.18241913567
22.86 1.82327763745
22.88 1.45511822051
22.9 1.08058175293
22.92 0.702518519212
22.94 0.323935790222
22.96 -0.0520667107587
22.98 -0.422370856799
23.0 -0.783920194076
23.02 -1.13380191245
23.04 -1.46932625359
23.06 -1.7880989612
23.08 -2.08808280899
23.1 -2.36764501219
23.12 -2.62558833066
23.14 -2.8611648145
23.16 -3.07407228058
23.18 -3.26443464957
23.2 -3.43276810669
23.22 -3.57993564397
23.24 -3.70709285554
23.26 -3.81562793049
23.28 -3.90709863652
23.3 -3.9831687935
23.32 -4.04554633677
23.34 -4.09592464421
23.36 -4.13592837712
23.38 -4.16706471597
23.4 -4.19068055707
23.42 -4.20792600887
23.44 -4.21972435617
23.46 -4.22674856971
23.48 -4.22940438658
23.5 -4.22781998309
23.52 -4.22184227584
23.54 -4.21103991923
23.56 -4.19471309095
23.58 -4.17191017702
23.6 -4.14145145632
23.62 -4.10195983861
23.64 -4.05189861875
23.66 -3.98961605153
23.68 -3.91339633253
23.7 -3.8215162729
23.72 -3.71230659265
23.74 -3.58421633844
23.76 -3.43587848392
23.78 -3.26617433599
23.8 -3.07429400019
23.82 -2.85978990765
23.84 -2.6226203459
23.86 -2.36318010415
23.88 -2.08231578577
23.9 -1.78132404833
23.92 -1.46193198246
23.94 -1.12625995658
23.96 -0.776768443086
23.98 -0.416191469848
24.0 -0.0474603029736
24.02 0.326378368756
24.04 0.702245163074
24.06 1.07710714819
24.08 1.44804935727
24.1 1.81233540104
24.12 2.16745488985
24.14 2.51115646704
24.16 2.84146633182
24.18 3.15669309872
24.2 3.45542061995
24.22 3.73649095006
24.24 3.99897993637
24.26 4.24216799524
24.28 4.4655085051
24.3 4.66859596659
24.32 4.85113568983
24.34 5.01291632582
24.36 5.15378610193
24.38 5.27363319539
24.4 5.37237030871
24.42 5.44992322244
24.44 5.50622290221
24.46 5.54120063696
24.48 5.55478567527
24.5 5.54690489842
24.52 5.51748420324
24.54 5.46645144323
24.56 5.39374096628
24.58 5.29929996581
24.6 5.18309700236
24.62 5.04513313102
24.64 4.88545606855
24.66 4.70417774027
24.68 4.50149535579
24.7 4.2777158783
24.72 4.03328339052
24.74 3.76880844121
24.76 3.48509801579
24.78 3.1831843523
24.8 2.86435046953
24.82 2.53015003549
24.84 2.18241913568
24.86 1.82327763747
24.88 1.4551182205
24.9 1.08058175291
24.92 0.70251851923
24.94 0.323935790238
24.96 -0.0520667107804
24.98 -0.422370856809
25.0 -0.783920194066
25.02 -1.13380191242
25.04 -1.46932625362
25.06 -1.78809896117
25.08 -2.08808280901
25.1 -2.36764501215
25.12 -2.6255883307
25.14 -2.86116481447
25.16 -3.0740722806
25.18 -3.26443464957
25.2 -3.43276810669
25.22 -3.57993564396
25.24 -3.70709285554
25.26 -3.81562793049
25.28 -3.90709863653
25.3 -3.98316879347
25.32 -4.04554633681
25.34 -4.09592464417
25.36 -4.13592837717
25.38 -4.1670647159
25.4 -4.19068055712
25.42 -4.20792600886
25.44 -4.21972435615
25.46 -4.22674856973
25.48 -4.22940438658
25.5 -4.22781998308
25.52 -4.22184227586
25.54 -4.21103991921
25.56 -4.19471309096
25.58 -4.17191017705
25.6 -4.14145145629
25.62 -4.10195983861
25.64 -4.05189861875
25.66 -3.98961605153
25.68 -3.91339633253
25.7 -3.82151627288
25.72 -3.71230659267
25.74 -3.58421633846
25.76 -3.43587848389
25.78 -3.26617433599
25.8 -3.07429400017
25.82 -2.85978990769
25.84 -2.62262034588
25.86 -2.36318010414
25.88 -2.08231578576
25.9 -1.78132404836
25.92 -1.46193198243
25.94 -1.12625995661
25.96 -0.776768443044
25.98 -0.416191469872
26.0 -0.0474603029708
26.02 0.326378368739
26.04 0.702245163111
26.06 1.07710714817
26.08 1.44804935725
26.1 1.81233540106
26.12 2.16745488985
26.14 2.51115646705
26.16 2.84146633181
26.18 3.1566930987
26.2 3.45542061998
26.22 3.73649095003
26.24 3.99897993639
26.26 4.24216799524
26.28 4.4655085051
26.3 4.66859596659
26.32 4.85113568983
26.34 5.01291632581
26.36 5.15378610195
26.38 5.27363319537
26.4 5.37237030872
26.42 5.44992322244
26.44 5.5062229022
26.46 5.54120063696
26.48 5.55478567527
26.5 5.54690489842
26.52 5.51748420323
26.54 5.46645144323
26.56 5.39374096628
26.58 5.2992999658
26.6 5.18309700238
26.62 5.04513313103
26.64 4.88545606853
26.66 4.7041777403
26.68 4.50149535577
26.7 4.27771587829
26.72 4.03328339053
26.74 3.76880844123
26.76 3.48509801576
26.78 3.18318435231
26.8 2.86435046951
26.82 2.53015003553
26.84 2.18241913566
26.86 1.82327763745
26.88 1.45511822051
26.9 1.08058175293
26.92 0.702518519199
26.94 0.323935790276
26.96 -0.0520667108
26.98 -0.422370856814
27.0 -0.783920194058
27.02 -1.13380191245
27.04 -1.4693262536
27.06 -1.78809896117
27.08 -2.08808280902
27.1 -2.36764501213
27.12 -2.62558833072
27.14 -2.86116481449
27.16 -3.07407228058
27.18 -3.26443464955
27.2 -3.43276810673
27.22 -3.57993564391
27.24 -3.70709285559
27.26 -3.81562793046
27.28 -3.90709863654
27.3 -3.98316879348
27.32 -4.04554633679
27.34 -4.0959246442
27.36 -4.13592837714
27.38 -4.1670647159
27.4 -4.19068055715
27.42 -4.20792600884
27.44 -4.21972435616
27.46 -4.22674856972
27.48 -4.22940438658
27.5 -4.22781998308
27.52 -4.22184227585
27.54 -4.21103991923
27.56 -4.19471309095
27.58 -4.17191017702
27.6 -4.14145145632
27.62 -4.10195983861
27.64 -4.05189861874
27.66 -3.98961605155
27.68 -3.91339633252
27.7 -3.8215162729
27.72 -3.71230659265
27.74 -3.58421633844
27.76 -3.43587848392
27.78 -3.26617433598
27.8 -3.07429400018
27.82 -2.8597899077
27.84 -2.62262034588
27.86 -2.36318010412
27.88 -2.08231578579
27.9 -1.78132404834
27.92 -1.46193198244
27.94 -1.12625995664
27.96 -0.776768443004
27.98 -0.416191469911
28.0 -0.0474603029511
28.02 0.32637836876
28.04 0.702245163066
28.06 1.0771071482
28.08 1.44804935728
28.1 1.81233540099
28.12 2.16745488989
28.14 2.51115646702
28.16 2.84146633183
28.18 3.15669309871
28.2 3.45542061996
28.22 3.73649095006
28.24 3.99897993639
28.26 4.2421679952
28.28 4.46550850512
28.3 4.66859596659
28.32 4.85113568982
28.34 5.01291632582
28.36 5.15378610194
28.38 5.27363319538
28.4 5.37237030872
28.42 5.44992322244
28.44 5.50622290221
28.46 5.54120063696
28.48 5.55478567527
28.5 5.54690489842
28.52 5.51748420323
28.54 5.46645144324
28.56 5.39374096627
28.58 5.2992999658
28.6 5.18309700237
28.62 5.04513313102
28.64 4.88545606855
28.66 4.70417774028
28.68 4.50149535575
28.7 4.27771587833
28.72 4.03328339051
28.74 3.76880844121
28.76 3.48509801579
28.78 3.1831843523
28.8 2.86435046951
28.82 2.53015003553
28.84 2.18241913564
28.86 1.82327763748
28.88 1.4551182205
28.9 1.08058175291
28.92 0.702518519238
28.94 0.323935790234
28.96 -0.0520667107982
28.98 -0.422370856758
29.0 -0.7839201941
29.02 -1.13380191244
29.04 -1.46932625361
29.06 -1.78809896118
29.08 -2.08808280898
29.1 -2.36764501215
29.12 -2.62558833073
29.14 -2.86116481445
29.16 -3.0740722806
29.18 -3.26443464957
29.2 -3.43276810669
29.22 -3.57993564396
29.24 -3.70709285555
29.26 -3.81562793048
29.28 -3.90709863654
29.3 -3.98316879347
29.32 -4.04554633681
29.34 -4.09592464417
29.36 -4.13592837717
29.38 -4.1670647159
29.4 -4.19068055712
29.42 -4.20792600886
29.44 -4.21972435615
29.46 -4.22674856972
29.48 -4.22940438658
29.5 -4.22781998308
29.52 -4.22184227585
29.54 -4.21103991923
29.56 -4.19471309093
29.58 -4.17191017707
29.6 -4.14145145629
29.62 -4.10195983861
29.64 -4.05189861875
29.66 -3.98961605153
29.68 -3.91339633252
29.7 -3.82151627292
29.72 -3.71230659264
29.74 -3.58421633847
29.76 -3.43587848389
29.78 -3.26617433598
29.8 -3.0742940002
29.82 -2.85978990769
29.84 -2.62262034585
29.86 -2.36318010415
29.88 -2.08231578578
29.9 -1.78132404833
29.92 -1.46193198245
29.94 -1.12625995659
29.96 -0.776768443085
29.98 -0.416191469871
30.0 -0.0474603029276
30.02 0.326378368711
30.04 0.702245163098
30.06 1.07710714821
30.08 1.44804935725
30.1 1.81233540101
30.12 2.16745488991
30.14 2.51115646699
30.16 2.84146633186
30.18 3.15669309868
30.2 3.45542061997
30.22 3.73649095007
30.24 3.99897993636
30.26 4.24216799522
30.28 4.46550850514
30.3 4.66859596657
30.32 4.85113568982
30.34 5.01291632583
30.36 5.15378610193
30.38 5.27363319539
30.4 5.37237030871
30.42 5.44992322244
30.44 5.50622290221
30.46 5.54120063695
30.48 5.55478567527
30.5 5.54690489841
30.52 5.51748420324
30.54 5.46645144324
30.56 5.39374096627
30.58 5.29929996581
30.6 5.18309700236
30.62 5.04513313104
30.64 4.88545606854
30.66 4.70417774026
30.68 4.5014953558
30.7 4.27771587831
30.72 4.0332833905
30.74 3.76880844124
30.76 3.48509801577
30.78 3.18318435228
30.8 2.86435046954
30.82 2.53015003548
30.84 2.18241913569
30.86 1.82327763749
30.88 1.45511822045
30.9 1.08058175295
30.92 0.702518519217
30.94 0.323935790219
30.96 -0.0520667107604
30.98 -0.422370856781
31.0 -0.783920194112
31.02 -1.13380191241
31.04 -1.46932625363
31.06 -1.78809896115
31.08 -2.088082809
31.1 -2.36764501219
31.12 -2.62558833068
31.14 -2.86116481445
31.16 -3.07407228062
31.18 -3.26443464954
31.2 -3.43276810672
31.22 -3.57993564395
31.24 -3.70709285554
31.26 -3.81562793051
31.28 -3.9070986365
31.3 -3.98316879349
31.32 -4.04554633681
31.34 -4.09592464418
31.36 -4.13592837713
31.38 -4.16706471595
31.4 -4.19068055708
31.42 -4.20792600887
31.44 -4.21972435615
31.46 -4.22674856973
31.48 -4.22940438658
31.5 -4.22781998308
31.52 -4.22184227585
31.54 -4.21103991922
31.56 -4.19471309096
31.58 -4.17191017705
31.6 -4.14145145629
31.62 -4.10195983861
31.64 -4.05189861875
31.66 -3.98961605153
31.68 -3.91339633253
31.7 -3.82151627288
31.72 -3.71230659268
31.74 -3.58421633844
31.76 -3.43587848389
31.78 -3.26617433599
31.8 -3.0742940002
31.82 -2.85978990765
31.84 -2.62262034591
31.86 -2.36318010415
31.88 -2.08231578574
31.9 -1.78132404837
31.92 -1.46193198241
31.94 -1.12625995664
31.96 -0.776768443065
31.98 -0.416191469829
32.0 -0.047460303009
32.02 0.326378368758
32.04 0.702245163106
32.06 1.07710714818
32.08 1.44804935726
32.1 1.81233540104
32.12 2.16745488984
32.14 2.51115646705
32.16 2.84146633179
32.18 3.15669309872
32.2 3.45542061999
32.22 3.73649095004
32.24 3.99897993637
32.26 4.24216799524
32.28 4.4655085051
32.3 4.66859596658
32.32 4.85113568984
32.34 5.01291632581
32.36 5.15378610194
32.38 5.27363319538
32.4 5.37237030871
32.42 5.44992322245
32.44 5.5062229022
32.46 5.54120063696
32.48 5.55478567527
32.5 5.54690489842
32.52 5.51748420324
32.54 5.46645144323
32.56 5.39374096628
32.58 5.2992999658
32.6 5.18309700239
32.62 5.04513313102
32.64 4.88545606853
32.66 4.70417774028
32.68 4.50149535579
32.7 4.27771587828
32.72 4.03328339055
32.74 3.76880844121
32.76 3.48509801576
32.78 3.18318435231
32.8 2.86435046951
32.82 2.53015003552
32.84 2.18241913568
32.86 1.82327763745
32.88 1.45511822054
32.9 1.08058175291
32.92 0.702518519203
32.94 0.323935790248
32.96 -0.0520667107782
32.98 -0.422370856804
33.0 -0.78392019407
33.02 -1.13380191245
33.04 -1.46932625358
33.06 -1.78809896119
33.08 -2.08808280902
33.1 -2.36764501215
33.12 -2.6255883307
33.14 -2.86116481449
33.16 -3.07407228057
33.18 -3.26443464956
33.2 -3.43276810673
33.22 -3.57993564394
33.24 -3.70709285554
33.26 -3.81562793049
33.28 -3.90709863653
33.3 -3.98316879348
33.32 -4.04554633679
33.34 -4.09592464418
33.36 -4.13592837717
33.38 -4.1670647159
33.4 -4.19068055711
33.42 -4.20792600888
33.44 -4.21972435615
33.46 -4.22674856972
33.48 -4.22940438658
33.5 -4.22781998308
33.52 -4.22184227586
33.54 -4.21103991921
33.56 -4.19471309096
33.58 -4.17191017705
33.6 -4.14145145629
33.62 -4.10195983862
33.64 -4.05189861875
33.66 -3.98961605153
33.68 -3.91339633254
33.7 -3.82151627287
33.72 -3.71230659267
33.74 -3.58421633845
33.76 -3.43587848391
33.78 -3.26617433598
33.8 -3.07429400017
33.82 -2.85978990769
33.84 -2.62262034589
33.86 -2.36318010412
33.88 -2.0823157858
33.9 -1.78132404834
33.92 -1.46193198241
33.94 -1.12625995663
33.96 -0.776768443048
33.98 -0.41619146987
34.0 -0.0474603029669
34.02 0.32637836875
34.04 0.70224516306
34.06 1.07710714821
34.08 1.44804935729
34.1 1.81233540101
34.12 2.16745488986
34.14 2.51115646706
34.16 2.84146633179
34.18 3.15669309874
34.2 3.45542061992
34.22 3.73649095008
34.24 3.99897993638
34.26 4.24216799521
34.28 4.46550850511
34.3 4.6685959666
34.32 4.8511356898
34.34 5.01291632583
34.36 5.15378610194
34.38 5.27363319538
34.4 5.37237030872
34.42 5.44992322244
34.44 5.50622290221
34.46 5.54120063696
34.48 5.55478567527
34.5 5.54690489842
34.52 5.51748420323
34.54 5.46645144324
34.56 5.39374096627
34.58 5.2992999658
34.6 5.18309700238
34.62 5.04513313102
34.64 4.88545606855
34.66 4.70417774027
34.68 4.50149535578
34.7 4.27771587831
34.72 4.03328339052
34.74 3.76880844121
34.76 3.4850980158
34.78 3.18318435228
34.8 2.86435046951
34.82 2.53015003551
34.84 2.18241913566
34.86 1.82327763748
34.88 1.45511822052
34.9 1.08058175287
34.92 0.702518519272
34.94 0.323935790221
34.96 -0.0520667108
34.98 -0.422370856782
35.0 -0.783920194074
35.02 -1.13380191244
35.04 -1.46932625359
35.06 -1.78809896119
35.08 -2.08808280899
35.1 -2.36764501216
35.12 -2.62558833072
35.14 -2.86116481444
35.16 -3.0740722806
35.18 -3.26443464957
35.2 -3.43276810669
35.22 -3.57993564395
35.24 -3.70709285557
35.26 -3.81562793047
35.28 -3.90709863654
35.3 -3.98316879348
35.32 -4.04554633678
35.34 -4.09592464421
35.36 -4.13592837712
35.38 -4.16706471592
35.4 -4.19068055713
35.42 -4.20792600884
35.44 -4.21972435616
35.46 -4.22674856972
35.48 -4.22940438657
35.5 -4.22781998309
35.52 -4.22184227584
35.54 -4.21103991922
35.56 -4.19471309096
35.58 -4.17191017705
35.6 -4.1414514563
35.62 -4.10195983861
35.64 -4.05189861875
35.66 -3.98961605153
35.68 -3.91339633253
35.7 -3.8215162729
35.72 -3.71230659264
35.74 -3.58421633847
35.76 -3.43587848392
35.78 -3.26617433596
35.8 -3.07429400021
35.82 -2.85978990766
35.84 -2.62262034588
35.86 -2.36318010415
35.88 -2.08231578577
35.9 -1.78132404833
35.92 -1.46193198246
35.94 -1.12625995659
35.96 -0.776768443082
35.98 -0.416191469845
36.0 -0.0474603029539
36.02 0.326378368715
36.04 0.702245163072
36.06 1.07710714824
36.08 1.44804935725
36.1 1.81233540103
36.12 2.16745488987
36.14 2.51115646702
36.16 2.84146633184
36.18 3.15669309868
36.2 3.45542061996
36.22 3.73649095009
36.24 3.99897993636
36.26 4.24216799523
36.28 4.46550850512
36.3 4.66859596657
36.32 4.85113568982
36.34 5.01291632584
36.36 5.15378610192
36.38 5.2736331954
36.4 5.37237030871
36.42 5.44992322245
36.44 5.5062229022
36.46 5.54120063695
36.48 5.55478567527
36.5 5.54690489841
36.52 5.51748420324
36.54 5.46645144323
36.56 5.39374096627
36.58 5.29929996581
36.6 5.18309700236
36.62 5.04513313104
36.64 4.88545606855
36.66 4.70417774025
36.68 4.5014953558
36.7 4.27771587829
36.72 4.03328339051
36.74 3.76880844123
36.76 3.4850980158
36.78 3.18318435226
36.8 2.86435046954
36.82 2.53015003549
36.84 2.18241913569
36.86 1.82327763747
36.88 1.45511822048
36.9 1.08058175294
36.92 0.702518519239
36.94 0.323935790195
36.96 -0.0520667107604
36.98 -0.422370856791
37.0 -0.783920194098
37.02 -1.13380191241
37.04 -1.46932625363
37.06 -1.78809896116
37.08 -2.08808280898
37.1 -2.3676450122
37.12 -2.62558833068
37.14 -2.86116481447
37.16 -3.07407228061
37.18 -3.26443464953
37.2 -3.43276810671
37.22 -3.57993564396
37.24 -3.70709285554
37.26 -3.81562793049
37.28 -3.90709863652
37.3 -3.98316879349
37.32 -4.0455463368
37.34 -4.09592464418
37.36 -4.13592837712
37.38 -4.16706471596
37.4 -4.19068055709
37.42 -4.20792600888
37.44 -4.21972435614
37.46 -4.22674856973
37.48 -4.22940438658
37.5 -4.22781998308
37.52 -4.22184227586
37.54 -4.21103991921
37.56 -4.19471309096
37.58 -4.17191017705
37.6 -4.14145145628
37.62 -4.10195983863
37.64 -4.05189861874
37.66 -3.98961605153
37.68 -3.91339633253
37.7 -3.82151627288
37.72 -3.71230659267
37.74 -3.58421633846
37.76 -3.43587848388
37.78 -3.26617433599
37.8 -3.07429400022
37.82 -2.85978990764
37.84 -2.62262034591
37.86 -2.36318010413
37.88 -2.08231578576
37.9 -1.78132404837
37.92 -1.46193198241
37.94 -1.12625995666
37.96 -0.776768443044
37.98 -0.416191469831
38.0 -0.0474603029894
38.02 0.326378368735
38.04 0.702245163111
38.06 1.07710714818
38.08 1.44804935724
38.1 1.81233540106
38.12 2.16745488984
38.14 2.51115646706
38.16 2.84146633181
38.18 3.1566930987
38.2 3.45542061999
38.22 3.73649095003
38.24 3.99897993639
38.26 4.24216799524
38.28 4.4655085051
38.3 4.66859596659
38.32 4.85113568983
38.34 5.01291632581
38.36 5.15378610194
38.38 5.27363319537
38.4 5.37237030872
38.42 5.44992322244
38.44 5.5062229022
38.46 5.54120063696
38.48 5.55478567527
38.5 5.54690489842
38.52 5.51748420324
38.54 5.46645144323
38.56 5.39374096628
38.58 5.2992999658
38.6 5.18309700236
38.62 5.04513313104
38.64 4.88545606853
38.66 4.70417774029
38.68 4.50149535577
38.7 4.27771587829
38.72 4.03328339053
38.74 3.76880844122
38.76 3.48509801576
38.78 3.18318435231
38.8 2.86435046955
38.82 2.53015003546
38.84 2.1824191357
38.86 1.82327763744
38.88 1.45511822051
38.9 1.08058175293
38.92 0.702518519197
38.94 0.323935790276
38.96 -0.0520667108019
38.98 -0.422370856812
39.0 -0.78392019406
39.02 -1.13380191242
39.04 -1.46932625364
39.06 -1.78809896114
39.08 -2.08808280902
39.1 -2.36764501213
39.12 -2.62558833071
39.14 -2.86116481449
39.16 -3.07407228058
39.18 -3.26443464955
39.2 -3.43276810673
39.22 -3.57993564393
39.24 -3.70709285555
39.26 -3.81562793049
39.28 -3.90709863653
39.3 -3.98316879348
39.32 -4.0455463368
39.34 -4.09592464418
39.36 -4.13592837714
39.38 -4.1670647159
39.4 -4.19068055715
39.42 -4.20792600884
39.44 -4.21972435616
39.46 -4.22674856972
39.48 -4.22940438658
39.5 -4.22781998308
39.52 -4.22184227585
39.54 -4.21103991922
39.56 -4.19471309098
39.58 -4.17191017701
39.6 -4.14145145632
39.62 -4.10195983861
39.64 -4.05189861874
39.66 -3.98961605155
39.68 -3.91339633253
39.7 -3.82151627288
39.72 -3.71230659265
39.74 -3.58421633845
39.76 -3.43587848391
39.78 -3.26617433599
39.8 -3.07429400018
39.82 -2.8597899077
39.84 -2.62262034588
39.86 -2.36318010412
39.88 -2.08231578579
39.9 -1.78132404835
39.92 -1.46193198241
39.94 -1.12625995664
39.96 -0.776768443047
39.98 -0.416191469884
