0.0 -0.0540988648175
0.02 0.314068114909
0.04 0.684133151886
0.06 1.05312008398
0.08 1.41817024782
0.1 1.7766016765
0.12 2.12595532277
0.14 2.46402715076
0.16 2.7888859944
0.18 3.09887802775
0.2 3.39261945493
0.22 3.66897956502
0.24 3.92705659472
0.26 4.16614891131
0.28 4.38572390189
0.3 4.58538667591
0.32 4.76485030534
0.34 4.92390888909
0.36 5.06241428118
0.38 5.18025690176
0.4 5.27735068789
0.42 5.35362195679
0.44 5.40900176059
0.46 5.44342121281
0.48 5.45680925842
0.5 5.44909243022
0.52 5.42019626745
0.54 5.37004824622
0.56 5.29858225864
0.58 5.20574485448
0.6 5.09150359763
0.62 4.95585796768
0.64 4.79885323624
0.66 4.62059765557
0.68 4.42128310996
0.7 4.20120910143
0.72 3.96080958562
0.74 3.7006817624
0.76 3.42161549304
0.78 3.12462160158
0.8 2.81095696865
0.82 2.48214409341
0.84 2.13998272912
0.86 1.78655133322
0.88 1.42419643639
0.9 1.05550863357
0.92 0.683284706472
0.94 0.310476352665
0.96 -0.0598729643235
0.98 -0.424700514062
1.0 -0.781002740124
1.02 -1.12591559763
1.04 -1.45679242805
1.06 -1.77127506598
1.08 -2.06735429438
1.1 -2.34341651174
1.12 -2.59827445801
1.14 -2.83118095631
1.16 -3.0418257462
1.18 -3.23031649628
1.2 -3.39714590812
1.22 -3.54314740035
1.24 -3.66944217887
1.26 -3.77738056707
1.28 -3.86848033274
1.3 -3.94436445763
1.32 -4.00670041282
1.34 -4.05714258563
1.36 -4.09727909415
1.38 -4.12858386028
1.4 -4.1523745121
1.42 -4.16977645409
1.44 -4.18169328715
1.46 -4.18878365925
1.48 -4.19144458489
1.5 -4.18980125944
1.52 -4.18370340943
1.54 -4.17272824798
1.56 -4.15619012669
1.58 -4.13315698945
1.6 -4.10247372314
1.62 -4.06279245023
1.64 -4.01260971632
1.66 -3.95031037049
1.68 -3.87421771766
1.7 -3.78264923019
1.72 -3.67397675019
1.74 -3.54668970328
1.76 -3.3994594078
1.78 -3.2312021409
1.8 -3.04113826219
1.82 -2.82884445841
1.84 -2.59429611569
1.86 -2.3378969996
1.88 -2.06049386076
1.9 -1.76337428204
1.92 -1.44824701906
1.94 -1.11720517918
1.96 -0.772673747433
1.98 -0.417344073414
2.0 -0.0540988648175
2.02 0.314068114909
2.04 0.684133151886
2.06 1.05312008398
2.08 1.41817024782
2.1 1.7766016765
2.12 2.12595532277
2.14 2.46402715076
2.16 2.7888859944
2.18 3.09887802775
2.2 3.39261945493
2.22 3.66897956502
2.24 3.92705659471
2.26 4.16614891131
2.28 4.38572390189
2.3 4.58538667591
2.32 4.76485030534
2.34 4.92390888909
2.36 5.06241428119
2.38 5.18025690176
2.4 5.27735068789
2.42 5.35362195679
2.44 5.40900176059
2.46 5.44342121281
2.48 5.45680925842
2.5 5.44909243022
2.52 5.42019626745
2.54 5.37004824622
2.56 5.29858225864
2.58 5.20574485448
2.6 5.09150359763
2.62 4.95585796768
2.64 4.79885323624
2.66 4.62059765557
2.68 4.42128310996
2.7 4.20120910142
2.72 3.96080958562
2.74 3.7006817624
2.76 3.42161549304
2.78 3.12462160158
2.8 2.81095696865
2.82 2.48214409341
2.84 2.13998272912
2.86 1.78655133322
2.88 1.4241964364
2.9 1.05550863356
2.92 0.683284706476
2.94 0.310476352658
2.96 -0.0598729643235
2.98 -0.424700514056
3.0 -0.781002740124
3.02 -1.12591559763
3.04 -1.45679242805
3.06 -1.77127506598
3.08 -2.06735429438
3.1 -2.34341651174
3.12 -2.59827445801
3.14 -2.83118095631
3.16 -3.0418257462
3.18 -3.23031649628
3.2 -3.39714590812
3.22 -3.54314740036
3.24 -3.66944217887
3.26 -3.77738056706
3.28 -3.86848033275
3.3 -3.94436445761
3.32 -4.00670041283
3.34 -4.05714258563
3.36 -4.09727909415
3.38 -4.12858386029
3.4 -4.15237451207
3.42 -4.16977645411
3.44 -4.18169328714
3.46 -4.18878365926
3.48 -4.19144458489
3.5 -4.18980125944
3.52 -4.18370340943
3.54 -4.17272824798
3.56 -4.15619012669
3.58 -4.13315698945
3.6 -4.10247372314
3.62 -4.06279245023
3.64 -4.01260971632
3.66 -3.95031037048
3.68 -3.87421771766
3.7 -3.78264923019
3.72 -3.67397675018
3.74 -3.54668970327
3.76 -3.39945940781
3.78 -3.2312021409
3.8 -3.04113826219
3.82 -2.82884445841
3.84 -2.59429611569
3.86 -2.3378969996
3.88 -2.06049386076
3.9 -1.76337428204
3.92 -1.44824701907
3.94 -1.11720517917
3.96 -0.772673747433
3.98 -0.417344073412
4.0 -0.0540988648213
4.02 0.314068114911
4.04 0.684133151886
4.06 1.05312008398
4.08 1.41817024782
4.1 1.77660167649
4.12 2.12595532278
4.14 2.46402715076
4.16 2.7888859944
4.18 3.09887802776
4.2 3.39261945492
4.22 3.66897956502
4.24 3.92705659472
4.26 4.16614891131
4.28 4.38572390189
4.3 4.58538667591
4.32 4.76485030534
4.34 4.92390888909
4.36 5.06241428118
4.38 5.18025690176
4.4 5.27735068789
4.42 5.35362195679
4.44 5.40900176059
4.46 5.44342121281
4.48 5.45680925842
4.5 5.44909243022
4.52 5.42019626745
4.54 5.37004824622
4.56 5.29858225864
4.58 5.20574485448
4.6 5.09150359763
4.62 4.95585796768
4.64 4.79885323624
4.66 4.62059765557
4.68 4.42128310996
4.7 4.20120910143
4.72 3.96080958562
4.74 3.7006817624
4.76 3.42161549304
4.78 3.12462160158
4.8 2.81095696865
4.82 2.48214409341
4.84 2.13998272912
4.86 1.78655133322
4.88 1.4241964364
4.9 1.05550863357
4.92 0.683284706467
4.94 0.310476352666
4.96 -0.0598729643216
4.98 -0.424700514058
5.0 -0.781002740128
5.02 -1.12591559763
5.04 -1.45679242805
5.06 -1.77127506598
5.08 -2.06735429437
5.1 -2.34341651174
5.12 -2.59827445802
5.14 -2.8311809563
5.16 -3.0418257462
5.18 -3.23031649628
5.2 -3.39714590812
5.22 -3.54314740035
5.24 -3.66944217887
5.26 -3.77738056707
5.28 -3.86848033275
5.3 -3.94436445761
5.32 -4.00670041283
5.34 -4.05714258563
5.36 -4.09727909415
5.38 -4.12858386029
5.4 -4.15237451208
5.42 -4.16977645411
5.44 -4.18169328714
5.46 -4.18878365925
5.48 -4.19144458489
5.5 -4.18980125944
5.52 -4.18370340943
5.54 -4.17272824798
5.56 -4.15619012669
5.58 -4.13315698945
5.6 -4.10247372314
5.62 -4.06279245023
5.64 -4.01260971632
5.66 -3.95031037049
5.68 -3.87421771766
5.7 -3.78264923019
5.72 -3.67397675019
5.74 -3.54668970327
5.76 -3.39945940781
5.78 -3.2312021409
5.8 -3.04113826219
5.82 -2.82884445841
5.84 -2.59429611569
5.86 -2.3378969996
5.88 -2.06049386075
5.9 -1.76337428205
5.92 -1.44824701905
5.94 -1.11720517918
5.96 -0.772673747433
5.98 -0.417344073412
6.0 -0.0540988648213
6.02 0.314068114913
6.04 0.684133151882
6.06 1.05312008398
6.08 1.41817024783
6.1 1.7766016765
6.12 2.12595532277
6.14 2.46402715076
6.16 2.7888859944
6.18 3.09887802776
6.2 3.39261945492
6.22 3.66897956502
6.24 3.92705659471
6.26 4.16614891131
6.28 4.38572390189
6.3 4.58538667591
6.32 4.76485030534
6.34 4.92390888909
6.36 5.06241428119
6.38 5.18025690176
6.4 5.27735068789
6.42 5.35362195679
6.44 5.40900176058
6.46 5.44342121281
6.48 5.45680925842
6.5 5.44909243022
6.52 5.42019626745
6.54 5.37004824622
6.56 5.29858225864
6.58 5.20574485449
6.6 5.09150359762
6.62 4.95585796768
6.64 4.79885323624
6.66 4.62059765557
6.68 4.42128310996
6.7 4.20120910142
6.72 3.96080958563
6.74 3.70068176239
6.76 3.42161549305
6.78 3.12462160157
6.8 2.81095696865
6.82 2.48214409341
6.84 2.13998272912
6.86 1.78655133323
6.88 1.42419643639
6.9 1.05550863357
6.92 0.68328470647
6.94 0.310476352664
6.96 -0.0598729643304
6.98 -0.424700514049
7.0 -0.781002740134
7.02 -1.12591559762
7.04 -1.45679242806
7.06 -1.77127506598
7.08 -2.06735429437
7.1 -2.34341651174
7.12 -2.59827445801
7.14 -2.83118095631
7.16 -3.04182574619
7.18 -3.23031649629
7.2 -3.39714590812
7.22 -3.54314740035
7.24 -3.66944217888
7.26 -3.77738056705
7.28 -3.86848033274
7.3 -3.94436445763
7.32 -4.00670041281
7.34 -4.05714258564
7.36 -4.09727909415
7.38 -4.12858386029
7.4 -4.15237451207
7.42 -4.16977645411
7.44 -4.18169328715
7.46 -4.18878365925
7.48 -4.19144458489
7.5 -4.18980125945
7.52 -4.18370340941
7.54 -4.17272824799
7.56 -4.15619012669
7.58 -4.13315698945
7.6 -4.10247372314
7.62 -4.06279245023
7.64 -4.01260971632
7.66 -3.95031037049
7.68 -3.87421771766
7.7 -3.78264923019
7.72 -3.67397675019
7.74 -3.54668970328
7.76 -3.3994594078
7.78 -3.2312021409
7.8 -3.04113826219
7.82 -2.82884445841
7.84 -2.59429611569
7.86 -2.33789699961
7.88 -2.06049386075
7.9 -1.76337428205
7.92 -1.44824701905
7.94 -1.11720517918
7.96 -0.772673747433
7.98 -0.417344073412
8.0 -0.0540988648213
8.02 0.314068114913
8.04 0.684133151882
8.06 1.05312008398
8.08 1.41817024781
8.1 1.7766016765
8.12 2.12595532277
8.14 2.46402715076
8.16 2.7888859944
8.18 3.09887802775
8.2 3.39261945493
8.22 3.66897956502
8.24 3.92705659471
8.26 4.16614891131
8.28 4.38572390189
8.3 4.58538667591
8.32 4.76485030534
8.34 4.92390888909
8.36 5.06241428119
8.38 5.18025690176
8.4 5.27735068789
8.42 5.35362195679
8.44 5.40900176058
8.46 5.44342121281
8.48 5.45680925842
8.5 5.44909243022
8.52 5.42019626745
8.54 5.37004824622
8.56 5.29858225864
8.58 5.20574485448
8.6 5.09150359763
8.62 4.95585796768
8.64 4.79885323623
8.66 4.62059765558
8.68 4.42128310995
8.7 4.20120910143
8.72 3.96080958562
8.74 3.7006817624
8.76 3.42161549304
8.78 3.12462160158
8.8 2.81095696865
8.82 2.4821440934
8.84 2.13998272914
8.86 1.7865513332
8.88 1.42419643641
8.9 1.05550863356
8.92 0.683284706478
8.94 0.310476352662
8.96 -0.0598729643274
8.98 -0.42470051405
9.0 -0.781002740141
9.02 -1.12591559761
9.04 -1.45679242807
9.06 -1.77127506598
9.08 -2.06735429438
9.1 -2.34341651173
9.12 -2.59827445802
9.14 -2.83118095631
9.16 -3.04182574619
9.18 -3.23031649629
9.2 -3.39714590812
9.22 -3.54314740037
9.24 -3.66944217885
9.26 -3.77738056707
9.28 -3.86848033275
9.3 -3.94436445763
9.32 -4.00670041281
9.34 -4.05714258565
9.36 -4.09727909413
9.38 -4.12858386029
9.4 -4.1523745121
9.42 -4.16977645409
9.44 -4.18169328713
9.46 -4.18878365926
9.48 -4.19144458489
9.5 -4.18980125944
9.52 -4.18370340943
9.54 -4.17272824798
9.56 -4.15619012669
9.58 -4.13315698945
9.6 -4.10247372313
9.62 -4.06279245024
9.64 -4.01260971631
9.66 -3.95031037049
9.68 -3.87421771766
9.7 -3.78264923019
9.72 -3.67397675019
9.74 -3.54668970328
9.76 -3.39945940781
9.78 -3.2312021409
9.8 -3.04113826218
9.82 -2.82884445843
9.84 -2.59429611568
9.86 -2.33789699961
9.88 -2.06049386075
9.9 -1.76337428205
9.92 -1.44824701906
9.94 -1.11720517917
9.96 -0.772673747431
9.98 -0.417344073418
10.0 -0.0540988648241
10.02 0.314068114924
10.04 0.684133151875
10.06 1.05312008399
10.08 1.41817024781
10.1 1.77660167651
10.12 2.12595532276
10.14 2.46402715077
10.16 2.78888599439
10.18 3.09887802777
10.2 3.39261945492
10.22 3.66897956502
10.24 3.92705659471
10.26 4.16614891132
10.28 4.38572390188
10.3 4.58538667591
10.32 4.76485030534
10.34 4.92390888909
10.36 5.06241428119
10.38 5.18025690176
10.4 5.27735068789
10.42 5.35362195679
10.44 5.40900176059
10.46 5.44342121281
10.48 5.45680925843
10.5 5.44909243021
10.52 5.42019626745
10.54 5.37004824622
10.56 5.29858225865
10.58 5.20574485448
10.6 5.09150359763
10.62 4.95585796768
10.64 4.79885323624
10.66 4.62059765558
10.68 4.42128310995
10.7 4.20120910143
10.72 3.96080958561
10.74 3.70068176241
10.76 3.42161549303
10.78 3.12462160158
10.8 2.81095696864
10.82 2.48214409342
10.84 2.13998272913
10.86 1.78655133321
10.88 1.4241964364
10.9 1.05550863356
10.92 0.68328470648
10.94 0.31047635265
10.96 -0.0598729643098
10.98 -0.424700514071
11.0 -0.781002740119
11.02 -1.12591559763
11.04 -1.45679242805
11.06 -1.77127506598
11.08 -2.06735429438
11.1 -2.34341651173
11.12 -2.59827445802
11.14 -2.8311809563
11.16 -3.0418257462
11.18 -3.23031649627
11.2 -3.39714590813
11.22 -3.54314740035
11.24 -3.66944217888
11.26 -3.77738056705
11.28 -3.86848033274
11.3 -3.94436445763
11.32 -4.00670041281
11.34 -4.05714258564
11.36 -4.09727909414
11.38 -4.12858386031
11.4 -4.15237451207
11.42 -4.1697764541
11.44 -4.18169328715
11.46 -4.18878365925
11.48 -4.19144458489
11.5 -4.18980125944
11.52 -4.18370340943
11.54 -4.17272824799
11.56 -4.15619012666
11.58 -4.13315698947
11.6 -4.10247372311
11.62 -4.06279245025
11.64 -4.01260971631
11.66 -3.95031037049
11.68 -3.87421771766
11.7 -3.78264923019
11.72 -3.67397675019
11.74 -3.54668970328
11.76 -3.3994594078
11.78 -3.23120214089
11.8 -3.0411382622
11.82 -2.82884445841
11.84 -2.59429611569
11.86 -2.3378969996
11.88 -2.06049386076
11.9 -1.76337428204
11.92 -1.44824701907
11.94 -1.11720517917
11.96 -0.772673747431
11.98 -0.417344073419
12.0 -0.0540988648098
12.02 0.314068114906
12.04 0.684133151885
12.06 1.05312008397
12.08 1.41817024783
12.1 1.77660167649
12.12 2.12595532278
12.14 2.46402715075
12.16 2.7888859944
12.18 3.09887802776
12.2 3.39261945492
12.22 3.66897956502
12.24 3.92705659471
12.26 4.16614891132
12.28 4.38572390188
12.3 4.58538667592
12.32 4.76485030533
12.34 4.92390888909
12.36 5.06241428118
12.38 5.18025690176
12.4 5.2773506879
12.42 5.35362195679
12.44 5.40900176059
12.46 5.44342121281
12.48 5.45680925842
12.5 5.44909243022
12.52 5.42019626745
12.54 5.37004824622
12.56 5.29858225865
12.58 5.20574485448
12.6 5.09150359763
12.62 4.95585796768
12.64 4.79885323624
12.66 4.62059765557
12.68 4.42128310996
12.7 4.20120910142
12.72 3.96080958563
12.74 3.70068176239
12.76 3.42161549304
12.78 3.12462160158
12.8 2.81095696864
12.82 2.48214409342
12.84 2.13998272912
12.86 1.78655133323
12.88 1.42419643639
12.9 1.05550863358
12.92 0.683284706468
12.94 0.310476352662
12.96 -0.0598729643218
12.98 -0.424700514059
13.0 -0.781002740136
13.02 -1.1259155976
13.04 -1.45679242808
13.06 -1.77127506597
13.08 -2.06735429438
13.1 -2.34341651172
13.12 -2.59827445803
13.14 -2.83118095631
13.16 -3.04182574619
13.18 -3.23031649627
13.2 -3.39714590813
13.22 -3.54314740037
13.24 -3.66944217885
13.26 -3.77738056707
13.28 -3.86848033274
13.3 -3.94436445763
13.32 -4.0067004128
13.34 -4.05714258566
13.36 -4.09727909413
13.38 -4.12858386028
13.4 -4.15237451209
13.42 -4.1697764541
13.44 -4.18169328715
13.46 -4.18878365926
13.48 -4.19144458489
13.5 -4.18980125945
13.52 -4.18370340941
13.54 -4.172728248
13.56 -4.15619012666
13.58 -4.13315698946
13.6 -4.10247372313
13.62 -4.06279245026
13.64 -4.0126097163
13.66 -3.95031037049
13.68 -3.87421771766
13.7 -3.78264923019
13.72 -3.67397675019
13.74 -3.54668970327
13.76 -3.39945940783
13.78 -3.23120214088
13.8 -3.04113826219
13.82 -2.82884445843
13.84 -2.59429611568
13.86 -2.33789699959
13.88 -2.06049386076
13.9 -1.76337428206
13.92 -1.44824701905
13.94 -1.11720517917
13.96 -0.772673747437
13.98 -0.41734407343
14.0 -0.0540988648
14.02 0.31406811491
14.04 0.684133151873
14.06 1.05312008398
14.08 1.41817024783
14.1 1.7766016765
14.12 2.12595532275
14.14 2.46402715078
14.16 2.7888859944
14.18 3.09887802775
14.2 3.39261945493
14.22 3.66897956502
14.24 3.92705659472
14.26 4.1661489113
14.28 4.3857239019
14.3 4.58538667591
14.32 4.76485030533
14.34 4.92390888908
14.36 5.06241428119
14.38 5.18025690176
14.4 5.2773506879
14.42 5.35362195679
14.44 5.40900176059
14.46 5.44342121281
14.48 5.45680925843
14.5 5.44909243021
14.52 5.42019626745
14.54 5.37004824622
14.56 5.29858225865
14.58 5.20574485448
14.6 5.09150359762
14.62 4.95585796769
14.64 4.79885323623
14.66 4.62059765557
14.68 4.42128310996
14.7 4.20120910144
14.72 3.96080958561
14.74 3.7006817624
14.76 3.42161549304
14.78 3.12462160158
14.8 2.81095696864
14.82 2.48214409341
14.84 2.13998272913
14.86 1.78655133322
14.88 1.42419643638
14.9 1.05550863358
14.92 0.68328470647
14.94 0.31047635265
14.96 -0.0598729643197
14.98 -0.424700514051
15.0 -0.781002740129
15.02 -1.12591559763
15.04 -1.45679242806
15.06 -1.77127506597
15.08 -2.06735429437
15.1 -2.34341651175
15.12 -2.598274458
15.14 -2.83118095631
15.16 -3.0418257462
15.18 -3.23031649627
15.2 -3.39714590811
15.22 -3.54314740037
15.24 -3.66944217887
15.26 -3.77738056707
15.28 -3.86848033274
15.3 -3.94436445763
15.32 -4.00670041281
15.34 -4.05714258566
15.36 -4.09727909411
15.38 -4.12858386032
15.4 -4.15237451207
15.42 -4.1697764541
15.44 -4.18169328715
15.46 -4.18878365925
15.48 -4.19144458489
15.5 -4.18980125945
15.52 -4.18370340941
15.54 -4.17272824799
15.56 -4.15619012669
15.58 -4.13315698946
15.6 -4.10247372311
15.62 -4.06279245025
15.64 -4.01260971631
15.66 -3.95031037049
15.68 -3.87421771766
15.7 -3.78264923019
15.72 -3.67397675019
15.74 -3.54668970328
15.76 -3.39945940779
15.78 -3.23120214091
15.8 -3.04113826219
15.82 -2.82884445841
15.84 -2.59429611569
15.86 -2.33789699959
15.88 -2.06049386076
15.9 -1.76337428203
15.92 -1.44824701908
15.94 -1.11720517916
15.96 -0.772673747448
15.98 -0.417344073409
16.0 -0.0540988648107
16.02 0.314068114901
16.04 0.68413315189
16.06 1.05312008398
16.08 1.41817024783
16.1 1.77660167649
16.12 2.12595532278
16.14 2.46402715075
16.16 2.7888859944
16.18 3.09887802775
16.2 3.39261945493
16.22 3.66897956502
16.24 3.92705659471
16.26 4.16614891132
16.28 4.38572390188
16.3 4.58538667592
16.32 4.76485030533
16.34 4.92390888909
16.36 5.06241428118
16.38 5.18025690176
16.4 5.2773506879
16.42 5.35362195679
16.44 5.40900176059
16.46 5.44342121281
16.48 5.45680925842
16.5 5.44909243022
16.52 5.42019626745
16.54 5.37004824622
16.56 5.29858225865
16.58 5.20574485448
16.6 5.09150359763
16.62 4.95585796768
16.64 4.79885323624
16.66 4.62059765557
16.68 4.42128310996
16.7 4.20120910143
16.72 3.96080958561
16.74 3.7006817624
16.76 3.42161549304
16.78 3.12462160158
16.8 2.81095696864
16.82 2.48214409342
16.84 2.13998272912
16.86 1.78655133323
16.88 1.42419643639
16.9 1.05550863358
16.92 0.683284706467
16.94 0.310476352655
16.96 -0.0598729643188
16.98 -0.424700514053
17.0 -0.781002740129
17.02 -1.12591559763
17.04 -1.45679242805
17.06 -1.77127506598
17.08 -2.06735429438
17.1 -2.34341651174
17.12 -2.598274458
17.14 -2.83118095631
17.16 -3.0418257462
17.18 -3.23031649627
17.2 -3.39714590811
17.22 -3.54314740037
17.24 -3.66944217887
17.26 -3.77738056707
17.28 -3.86848033274
17.3 -3.94436445763
17.32 -4.00670041281
17.34 -4.05714258566
17.36 -4.09727909411
17.38 -4.12858386032
17.4 -4.15237451207
17.42 -4.16977645411
17.44 -4.18169328714
17.46 -4.18878365925
17.48 -4.19144458489
17.5 -4.18980125944
17.52 -4.18370340943
17.54 -4.17272824798
17.56 -4.15619012669
17.58 -4.13315698945
17.6 -4.10247372313
17.62 -4.06279245024
17.64 -4.01260971631
17.66 -3.95031037049
17.68 -3.87421771766
17.7 -3.78264923019
17.72 -3.67397675019
17.74 -3.54668970327
17.76 -3.3994594078
17.78 -3.23120214092
17.8 -3.04113826218
17.82 -2.82884445842
17.84 -2.59429611568
17.86 -2.33789699962
17.88 -2.06049386074
17.9 -1.76337428204
17.92 -1.44824701908
17.94 -1.11720517917
17.96 -0.772673747428
17.98 -0.417344073414
18.0 -0.0540988648311
18.02 0.314068114922
18.04 0.684133151884
18.06 1.05312008398
18.08 1.4181702478
18.1 1.77660167651
18.12 2.12595532278
18.14 2.46402715074
18.16 2.78888599441
18.18 3.09887802776
18.2 3.39261945493
18.22 3.668979565
18.24 3.92705659473
18.26 4.16614891131
18.28 4.38572390188
18.3 4.58538667591
18.32 4.76485030534
18.34 4.92390888909
18.36 5.06241428118
18.38 5.18025690177
18.4 5.27735068789
18.42 5.35362195679
18.44 5.40900176058
18.46 5.44342121281
18.48 5.45680925842
18.5 5.44909243022
18.52 5.42019626745
18.54 5.37004824622
18.56 5.29858225864
18.58 5.20574485449
18.6 5.09150359762
18.62 4.95585796768
18.64 4.79885323623
18.66 4.62059765559
18.68 4.42128310994
18.7 4.20120910143
18.72 3.96080958562
18.74 3.70068176242
18.76 3.42161549302
18.78 3.12462160157
18.8 2.81095696867
18.82 2.48214409339
18.84 2.13998272913
18.86 1.78655133322
18.88 1.42419643642
18.9 1.05550863356
18.92 0.683284706467
18.94 0.310476352661
18.96 -0.0598729643051
18.98 -0.424700514074
19.0 -0.781002740133
19.02 -1.1259155976
19.04 -1.45679242808
19.06 -1.77127506598
19.08 -2.06735429437
19.1 -2.34341651172
19.12 -2.59827445803
19.14 -2.83118095631
19.16 -3.04182574619
19.18 -3.23031649627
19.2 -3.39714590813
19.22 -3.54314740037
19.24 -3.66944217885
19.26 -3.77738056707
19.28 -3.86848033275
19.3 -3.94436445763
19.32 -4.00670041279
19.34 -4.05714258566
19.36 -4.09727909414
19.38 -4.12858386026
19.4 -4.15237451211
19.42 -4.16977645409
19.44 -4.18169328715
19.46 -4.18878365926
19.48 -4.19144458489
19.5 -4.18980125945
19.52 -4.18370340941
19.54 -4.172728248
19.56 -4.15619012666
19.58 -4.13315698946
19.6 -4.10247372314
19.62 -4.06279245023
19.64 -4.01260971631
19.66 -3.95031037049
19.68 -3.87421771767
19.7 -3.78264923017
19.72 -3.67397675019
19.74 -3.54668970328
19.76 -3.39945940782
19.78 -3.23120214088
19.8 -3.04113826219
19.82 -2.82884445843
19.84 -2.59429611568
19.86 -2.3378969996
19.88 -2.06049386076
19.9 -1.76337428206
19.92 -1.44824701905
19.94 -1.11720517917
19.96 -0.772673747434
19.98 -0.417344073436
20.0 -0.0540988648
20.02 0.314068114912
20.04 0.684133151868
20.06 1.05312008399
20.08 1.41817024782
20.1 1.7766016765
20.12 2.12595532275
20.14 2.46402715078
20.16 2.78888599439
20.18 3.09887802776
20.2 3.39261945492
20.22 3.66897956503
20.24 3.92705659472
20.26 4.1661489113
20.28 4.3857239019
20.3 4.58538667591
20.32 4.76485030533
20.34 4.92390888908
20.36 5.06241428118
20.38 5.18025690177
20.4 5.27735068789
20.42 5.35362195679
20.44 5.40900176059
20.46 5.44342121281
20.48 5.45680925842
20.5 5.44909243022
20.52 5.42019626745
20.54 5.37004824622
20.56 5.29858225865
20.58 5.20574485449
20.6 5.09150359762
20.62 4.95585796767
20.64 4.79885323626
20.66 4.62059765556
20.68 4.42128310996
20.7 4.20120910143
20.72 3.96080958562
20.74 3.70068176239
20.76 3.42161549306
20.78 3.12462160157
20.8 2.81095696865
20.82 2.48214409339
20.84 2.13998272914
20.86 1.78655133322
20.88 1.4241964364
20.9 1.05550863356
20.92 0.683284706485
20.94 0.31047635266
20.96 -0.0598729643188
20.98 -0.424700514076
21.0 -0.781002740099
21.02 -1.12591559765
21.04 -1.45679242804
21.06 -1.77127506601
21.08 -2.06735429432
21.1 -2.34341651178
21.12 -2.59827445799
21.14 -2.83118095631
21.16 -3.0418257462
21.18 -3.23031649629
21.2 -3.39714590811
21.22 -3.54314740037
21.24 -3.66944217887
21.26 -3.77738056707
21.28 -3.86848033275
21.3 -3.94436445761
21.32 -4.00670041283
21.34 -4.05714258563
21.36 -4.09727909413
21.38 -4.12858386033
21.4 -4.15237451205
21.42 -4.16977645411
21.44 -4.18169328714
21.46 -4.18878365925
21.48 -4.19144458489
21.5 -4.18980125945
21.52 -4.18370340941
21.54 -4.17272824799
21.56 -4.15619012669
21.58 -4.13315698945
21.6 -4.10247372313
21.62 -4.06279245024
21.64 -4.01260971631
21.66 -3.95031037049
21.68 -3.87421771766
21.7 -3.78264923017
21.72 -3.67397675022
21.74 -3.54668970325
21.76 -3.39945940782
21.78 -3.23120214089
21.8 -3.04113826222
21.82 -2.82884445839
21.84 -2.59429611569
21.86 -2.33789699959
21.88 -2.06049386079
21.9 -1.76337428201
21.92 -1.44824701908
21.94 -1.11720517917
21.96 -0.772673747437
21.98 -0.417344073394
22.0 -0.0540988648358
22.02 0.31406811491
22.04 0.684133151886
22.06 1.05312008399
22.08 1.41817024781
22.1 1.77660167649
22.12 2.12595532278
22.14 2.46402715078
22.16 2.78888599437
22.18 3.09887802778
22.2 3.39261945492
22.22 3.66897956503
22.24 3.92705659469
22.26 4.16614891134
22.28 4.38572390188
22.3 4.58538667592
22.32 4.76485030531
22.34 4.92390888911
22.36 5.06241428118
22.38 5.18025690176
22.4 5.27735068789
22.42 5.35362195679
22.44 5.40900176058
22.46 5.44342121281
22.48 5.45680925843
22.5 5.44909243021
22.52 5.42019626745
22.54 5.37004824623
22.56 5.29858225864
22.58 5.20574485447
22.6 5.09150359765
22.62 4.95585796766
22.64 4.79885323625
22.66 4.62059765556
22.68 4.42128310998
22.7 4.2012091014
22.72 3.96080958563
22.74 3.70068176239
22.76 3.42161549307
22.78 3.12462160154
22.8 2.81095696866
22.82 2.48214409341
22.84 2.13998272913
22.86 1.7865513332
22.88 1.42419643641
22.9 1.05550863357
22.92 0.683284706467
22.94 0.310476352644
22.96 -0.0598729642974
22.98 -0.424700514066
23.0 -0.781002740125
23.02 -1.12591559764
23.04 -1.45679242803
23.06 -1.77127506601
23.08 -2.06735429435
23.1 -2.34341651176
23.12 -2.59827445797
23.14 -2.83118095635
23.16 -3.04182574618
23.18 -3.2303164963
23.2 -3.39714590809
23.22 -3.54314740039
23.24 -3.66944217885
23.26 -3.77738056707
23.28 -3.86848033274
23.3 -3.94436445764
23.32 -4.00670041278
23.34 -4.05714258567
23.36 -4.09727909411
23.38 -4.12858386033
23.4 -4.15237451204
23.42 -4.16977645411
23.44 -4.18169328715
23.46 -4.18878365925
23.48 -4.19144458489
23.5 -4.18980125946
23.52 -4.18370340941
23.54 -4.172728248
23.56 -4.15619012668
23.58 -4.13315698942
23.6 -4.10247372316
23.62 -4.06279245023
23.64 -4.01260971631
23.66 -3.95031037049
23.68 -3.87421771766
23.7 -3.78264923019
23.72 -3.67397675019
23.74 -3.54668970325
23.76 -3.39945940783
23.78 -3.23120214089
23.8 -3.04113826219
23.82 -2.82884445841
23.84 -2.59429611569
23.86 -2.33789699962
23.88 -2.06049386075
23.9 -1.76337428203
23.92 -1.4482470191
23.94 -1.11720517913
23.96 -0.772673747457
23.98 -0.417344073413
24.0 -0.0540988648203
24.02 0.314068114929
24.04 0.684133151866
24.06 1.05312008398
24.08 1.41817024782
24.1 1.77660167651
24.12 2.12595532276
24.14 2.46402715076
24.16 2.7888859944
24.18 3.09887802777
24.2 3.39261945492
24.22 3.66897956501
24.24 3.92705659472
24.26 4.16614891132
24.28 4.38572390187
24.3 4.58538667591
24.32 4.76485030533
24.34 4.92390888909
24.36 5.06241428118
24.38 5.18025690177
24.4 5.27735068789
24.42 5.35362195679
24.44 5.40900176059
24.46 5.44342121281
24.48 5.45680925842
24.5 5.44909243022
24.52 5.42019626745
24.54 5.37004824622
24.56 5.29858225865
24.58 5.20574485449
24.6 5.09150359762
24.62 4.95585796767
24.64 4.79885323625
24.66 4.62059765557
24.68 4.42128310996
24.7 4.20120910143
24.72 3.96080958562
24.74 3.70068176239
24.76 3.42161549306
24.78 3.12462160157
24.8 2.81095696865
24.82 2.4821440934
24.84 2.13998272913
24.86 1.78655133322
24.88 1.4241964364
24.9 1.05550863356
24.92 0.683284706485
24.94 0.31047635266
24.96 -0.0598729643188
24.98 -0.424700514076
25.0 -0.781002740115
25.02 -1.12591559762
25.04 -1.45679242806
25.06 -1.77127506599
25.08 -2.06735429438
25.1 -2.34341651172
25.12 -2.59827445801
25.14 -2.83118095631
25.16 -3.0418257462
25.18 -3.2303164963
25.2 -3.39714590809
25.22 -3.54314740038
25.24 -3.66944217885
25.26 -3.77738056707
25.28 -3.86848033275
25.3 -3.94436445762
25.32 -4.00670041282
25.34 -4.05714258564
25.36 -4.09727909416
25.38 -4.12858386027
25.4 -4.15237451209
25.42 -4.16977645411
25.44 -4.18169328713
25.46 -4.18878365926
25.48 -4.19144458489
25.5 -4.18980125944
25.52 -4.18370340943
25.54 -4.17272824798
25.56 -4.15619012669
25.58 -4.13315698945
25.6 -4.10247372313
25.62 -4.06279245024
25.64 -4.01260971631
25.66 -3.95031037049
25.68 -3.87421771766
25.7 -3.78264923017
25.72 -3.6739767502
25.74 -3.54668970328
25.76 -3.39945940781
25.78 -3.2312021409
25.8 -3.04113826217
25.82 -2.82884445844
25.84 -2.59429611568
25.86 -2.33789699961
25.88 -2.06049386074
25.9 -1.76337428206
25.92 -1.44824701907
25.94 -1.11720517917
25.96 -0.772673747415
25.98 -0.417344073436
26.0 -0.0540988648175
26.02 0.314068114912
26.04 0.684133151902
26.06 1.05312008396
26.08 1.41817024781
26.1 1.77660167653
26.12 2.12595532276
26.14 2.46402715077
26.16 2.78888599439
26.18 3.09887802775
26.2 3.39261945495
26.22 3.66897956499
26.24 3.92705659473
26.26 4.16614891132
26.28 4.38572390188
26.3 4.58538667591
26.32 4.76485030534
26.34 4.92390888908
26.36 5.06241428119
26.38 5.18025690175
26.4 5.2773506879
26.42 5.35362195679
26.44 5.40900176058
26.46 5.44342121281
26.48 5.45680925842
26.5 5.44909243022
26.52 5.42019626744
26.54 5.37004824622
26.56 5.29858225864
26.58 5.20574485448
26.6 5.09150359764
26.62 4.95585796768
26.64 4.79885323622
26.66 4.6205976556
26.68 4.42128310994
26.7 4.20120910142
26.72 3.96080958563
26.74 3.7006817624
26.76 3.42161549302
26.78 3.12462160159
26.8 2.81095696863
26.82 2.48214409344
26.84 2.13998272911
26.86 1.7865513332
26.88 1.42419643641
26.9 1.05550863357
26.92 0.683284706454
26.94 0.310476352698
26.96 -0.0598729643381
26.98 -0.424700514081
27.0 -0.781002740107
27.02 -1.12591559764
27.04 -1.45679242804
27.06 -1.77127506599
27.08 -2.06735429439
27.1 -2.3434165117
27.12 -2.59827445803
27.14 -2.83118095633
27.16 -3.04182574618
27.18 -3.23031649628
27.2 -3.39714590813
27.22 -3.54314740034
27.24 -3.6694421789
27.26 -3.77738056704
27.28 -3.86848033276
27.3 -3.94436445763
27.32 -4.00670041279
27.34 -4.05714258566
27.36 -4.09727909414
27.38 -4.12858386026
27.4 -4.15237451211
27.42 -4.16977645409
27.44 -4.18169328715
27.46 -4.18878365926
27.48 -4.19144458489
27.5 -4.18980125945
27.52 -4.18370340941
27.54 -4.172728248
27.56 -4.15619012668
27.58 -4.13315698942
27.6 -4.10247372316
27.62 -4.06279245023
27.64 -4.0126097163
27.66 -3.95031037051
27.68 -3.87421771764
27.7 -3.78264923019
27.72 -3.67397675019
27.74 -3.54668970325
27.76 -3.39945940783
27.78 -3.23120214089
27.8 -3.04113826218
27.82 -2.82884445845
27.84 -2.59429611567
27.86 -2.33789699959
27.88 -2.06049386077
27.9 -1.76337428203
27.92 -1.44824701907
27.94 -1.11720517919
27.96 -0.772673747376
27.98 -0.417344073475
28.0 -0.0540988647981
28.02 0.314068114933
28.04 0.684133151858
28.06 1.05312008399
28.08 1.41817024784
28.1 1.77660167646
28.12 2.1259553228
28.14 2.46402715074
28.16 2.7888859944
28.18 3.09887802777
28.2 3.39261945492
28.22 3.66897956501
28.24 3.92705659473
28.26 4.16614891129
28.28 4.3857239019
28.3 4.58538667592
28.32 4.76485030533
28.34 4.92390888909
28.36 5.06241428119
28.38 5.18025690176
28.4 5.2773506879
28.42 5.35362195679
28.44 5.40900176059
28.46 5.44342121281
28.48 5.45680925842
28.5 5.44909243022
28.52 5.42019626744
28.54 5.37004824623
28.56 5.29858225864
28.58 5.20574485448
28.6 5.09150359763
28.62 4.95585796767
28.64 4.79885323625
28.66 4.62059765559
28.68 4.42128310992
28.7 4.20120910146
28.72 3.96080958561
28.74 3.70068176239
28.76 3.42161549306
28.78 3.12462160157
28.8 2.81095696863
28.82 2.48214409344
28.84 2.13998272909
28.86 1.78655133324
28.88 1.4241964364
28.9 1.05550863355
28.92 0.683284706493
28.94 0.310476352656
28.96 -0.0598729643364
28.98 -0.424700514025
29.0 -0.781002740148
29.02 -1.12591559763
29.04 -1.45679242805
29.06 -1.771275066
29.08 -2.06735429435
29.1 -2.34341651173
29.12 -2.59827445804
29.14 -2.83118095629
29.16 -3.0418257462
29.18 -3.2303164963
29.2 -3.39714590809
29.22 -3.54314740038
29.24 -3.66944217886
29.26 -3.77738056706
29.28 -3.86848033275
29.3 -3.94436445762
29.32 -4.00670041282
29.34 -4.05714258564
29.36 -4.09727909416
29.38 -4.12858386027
29.4 -4.15237451209
29.42 -4.16977645411
29.44 -4.18169328714
29.46 -4.18878365925
29.48 -4.19144458489
29.5 -4.18980125945
29.52 -4.18370340941
29.54 -4.172728248
29.56 -4.15619012666
29.58 -4.13315698946
29.6 -4.10247372313
29.62 -4.06279245024
29.64 -4.01260971631
29.66 -3.95031037049
29.68 -3.87421771765
29.7 -3.78264923021
29.72 -3.67397675017
29.74 -3.54668970328
29.76 -3.39945940781
29.78 -3.23120214089
29.8 -3.0411382622
29.82 -2.82884445844
29.84 -2.59429611565
29.86 -2.33789699962
29.88 -2.06049386076
29.9 -1.76337428202
29.92 -1.44824701908
29.94 -1.11720517915
29.96 -0.772673747456
29.98 -0.417344073436
30.0 -0.0540988647749
30.02 0.314068114884
30.04 0.684133151889
30.06 1.053120084
30.08 1.4181702478
30.1 1.77660167648
30.12 2.12595532282
30.14 2.46402715071
30.16 2.78888599443
30.18 3.09887802774
30.2 3.39261945493
30.22 3.66897956503
30.24 3.9270565947
30.26 4.1661489113
30.28 4.38572390191
30.3 4.5853866759
30.32 4.76485030533
30.34 4.9239088891
30.36 5.06241428118
30.38 5.18025690177
30.4 5.27735068789
30.42 5.35362195679
30.44 5.40900176059
30.46 5.44342121281
30.48 5.45680925843
30.5 5.44909243021
30.52 5.42019626745
30.54 5.37004824623
30.56 5.29858225864
30.58 5.20574485448
30.6 5.09150359762
30.62 4.95585796769
30.64 4.79885323624
30.66 4.62059765557
30.68 4.42128310997
30.7 4.20120910144
30.72 3.9608095856
30.74 3.70068176241
30.76 3.42161549304
30.78 3.12462160156
30.8 2.81095696866
30.82 2.48214409339
30.84 2.13998272914
30.86 1.78655133324
30.88 1.42419643636
30.9 1.05550863359
30.92 0.683284706471
30.94 0.310476352641
30.96 -0.0598729642991
30.98 -0.424700514047
31.0 -0.78100274016
31.02 -1.12591559761
31.04 -1.45679242807
31.06 -1.77127506596
31.08 -2.06735429437
31.1 -2.34341651176
31.12 -2.59827445799
31.14 -2.8311809563
31.16 -3.04182574622
31.18 -3.23031649627
31.2 -3.39714590812
31.22 -3.54314740037
31.24 -3.66944217885
31.26 -3.77738056708
31.28 -3.86848033272
31.3 -3.94436445763
31.32 -4.00670041282
31.34 -4.05714258565
31.36 -4.09727909413
31.38 -4.12858386031
31.4 -4.15237451205
31.42 -4.16977645412
31.44 -4.18169328713
31.46 -4.18878365926
31.48 -4.19144458489
31.5 -4.18980125945
31.52 -4.18370340941
31.54 -4.17272824799
31.56 -4.15619012669
31.58 -4.13315698945
31.6 -4.10247372313
31.62 -4.06279245024
31.64 -4.01260971631
31.66 -3.95031037049
31.68 -3.87421771766
31.7 -3.78264923017
31.72 -3.67397675022
31.74 -3.54668970326
31.76 -3.3994594078
31.78 -3.2312021409
31.8 -3.0411382622
31.82 -2.8288444584
31.84 -2.5942961157
31.86 -2.33789699962
31.88 -2.06049386072
31.9 -1.76337428206
31.92 -1.44824701905
31.94 -1.11720517919
31.96 -0.772673747437
31.98 -0.417344073394
32.0 -0.0540988648552
32.02 0.314068114931
32.04 0.684133151897
32.06 1.05312008397
32.08 1.41817024782
32.1 1.77660167651
32.12 2.12595532276
32.14 2.46402715077
32.16 2.78888599437
32.18 3.09887802777
32.2 3.39261945495
32.22 3.66897956499
32.24 3.92705659472
32.26 4.16614891132
32.28 4.38572390187
32.3 4.58538667591
32.32 4.76485030535
32.34 4.92390888908
32.36 5.06241428119
32.38 5.18025690176
32.4 5.27735068789
32.42 5.3536219568
32.44 5.40900176058
32.46 5.44342121281
32.48 5.45680925842
32.5 5.44909243022
32.52 5.42019626745
32.54 5.37004824622
32.56 5.29858225865
32.58 5.20574485448
32.6 5.09150359764
32.62 4.95585796767
32.64 4.79885323623
32.66 4.62059765558
32.68 4.42128310996
32.7 4.20120910141
32.72 3.96080958565
32.74 3.70068176238
32.76 3.42161549303
32.78 3.12462160159
32.8 2.81095696863
32.82 2.48214409342
32.84 2.13998272913
32.86 1.7865513332
32.88 1.42419643644
32.9 1.05550863355
32.92 0.683284706457
32.94 0.31047635267
32.96 -0.0598729643167
32.98 -0.424700514071
33.0 -0.781002740119
33.02 -1.12591559764
33.04 -1.45679242801
33.06 -1.771275066
33.08 -2.06735429439
33.1 -2.34341651172
33.12 -2.59827445801
33.14 -2.83118095633
33.16 -3.04182574617
33.18 -3.23031649629
33.2 -3.39714590813
33.22 -3.54314740037
33.24 -3.66944217885
33.26 -3.77738056707
33.28 -3.86848033275
33.3 -3.94436445763
33.32 -4.00670041279
33.34 -4.05714258565
33.36 -4.09727909416
33.38 -4.12858386027
33.4 -4.15237451208
33.42 -4.16977645412
33.44 -4.18169328713
33.46 -4.18878365925
33.48 -4.19144458489
33.5 -4.18980125944
33.52 -4.18370340943
33.54 -4.17272824798
33.56 -4.15619012669
33.58 -4.13315698945
33.6 -4.10247372314
33.62 -4.06279245024
33.64 -4.0126097163
33.66 -3.95031037049
33.68 -3.87421771767
33.7 -3.78264923016
33.72 -3.67397675021
33.74 -3.54668970326
33.76 -3.39945940782
33.78 -3.23120214089
33.8 -3.04113826217
33.82 -2.82884445844
33.84 -2.59429611568
33.86 -2.33789699959
33.88 -2.06049386078
33.9 -1.76337428204
33.92 -1.44824701905
33.94 -1.11720517918
33.96 -0.772673747419
33.98 -0.417344073434
34.0 -0.0540988648136
34.02 0.314068114923
34.04 0.684133151852
34.06 1.053120084
34.08 1.41817024784
34.1 1.77660167647
34.12 2.12595532277
34.14 2.46402715078
34.16 2.78888599437
34.18 3.0988780278
34.2 3.39261945489
34.22 3.66897956503
34.24 3.92705659473
34.26 4.1661489113
34.28 4.38572390189
34.3 4.58538667592
34.32 4.76485030531
34.34 4.9239088891
34.36 5.06241428119
34.38 5.18025690176
34.4 5.2773506879
34.42 5.35362195679
34.44 5.40900176059
34.46 5.44342121281
34.48 5.45680925842
34.5 5.44909243022
34.52 5.42019626744
34.54 5.37004824623
34.56 5.29858225864
34.58 5.20574485448
34.6 5.09150359764
34.62 4.95585796766
34.64 4.79885323625
34.66 4.62059765557
34.68 4.42128310995
34.7 4.20120910144
34.72 3.96080958562
34.74 3.70068176239
34.76 3.42161549307
34.78 3.12462160156
34.8 2.81095696864
34.82 2.48214409342
34.84 2.13998272911
34.86 1.78655133323
34.88 1.42419643642
34.9 1.05550863351
34.92 0.683284706526
34.94 0.310476352643
34.96 -0.0598729643381
34.98 -0.424700514049
35.0 -0.781002740123
35.02 -1.12591559764
35.04 -1.45679242803
35.06 -1.77127506601
35.08 -2.06735429436
35.1 -2.34341651173
35.12 -2.59827445804
35.14 -2.83118095629
35.16 -3.0418257462
35.18 -3.2303164963
35.2 -3.39714590809
35.22 -3.54314740038
35.24 -3.66944217888
35.26 -3.77738056705
35.28 -3.86848033275
35.3 -3.94436445762
35.32 -4.00670041279
35.34 -4.05714258567
35.36 -4.09727909412
35.38 -4.12858386029
35.4 -4.1523745121
35.42 -4.16977645409
35.44 -4.18169328715
35.46 -4.18878365926
35.48 -4.19144458488
35.5 -4.18980125946
35.52 -4.18370340941
35.54 -4.17272824799
35.56 -4.15619012669
35.58 -4.13315698944
35.6 -4.10247372314
35.62 -4.06279245023
35.64 -4.01260971631
35.66 -3.95031037049
35.68 -3.87421771766
35.7 -3.78264923019
35.72 -3.67397675018
35.74 -3.54668970328
35.76 -3.39945940783
35.78 -3.23120214087
35.8 -3.04113826221
35.82 -2.82884445841
35.84 -2.59429611567
35.86 -2.33789699962
35.88 -2.06049386075
35.9 -1.76337428203
35.92 -1.4482470191
35.94 -1.11720517914
35.96 -0.772673747453
35.98 -0.41734407341
36.0 -0.0540988648009
36.02 0.314068114888
36.04 0.684133151864
36.06 1.05312008402
36.08 1.4181702478
36.1 1.7766016765
36.12 2.12595532279
36.14 2.46402715074
36.16 2.78888599441
36.18 3.09887802773
36.2 3.39261945492
36.22 3.66897956504
36.24 3.9270565947
36.26 4.16614891131
36.28 4.3857239019
36.3 4.5853866759
36.32 4.76485030533
36.34 4.92390888911
36.36 5.06241428116
36.38 5.18025690178
36.4 5.27735068788
36.42 5.3536219568
36.44 5.40900176058
36.46 5.44342121281
36.48 5.45680925843
36.5 5.44909243021
36.52 5.42019626745
36.54 5.37004824622
36.56 5.29858225864
36.58 5.20574485449
36.6 5.09150359762
36.62 4.95585796769
36.64 4.79885323625
36.66 4.62059765556
36.68 4.42128310997
36.7 4.20120910142
36.72 3.96080958561
36.74 3.70068176241
36.76 3.42161549306
36.78 3.12462160154
36.8 2.81095696866
36.82 2.48214409339
36.84 2.13998272914
36.86 1.78655133322
36.88 1.42419643638
36.9 1.05550863359
36.92 0.683284706493
36.94 0.310476352617
36.96 -0.0598729642991
36.98 -0.424700514057
37.0 -0.781002740146
37.02 -1.12591559761
37.04 -1.45679242806
37.06 -1.77127506598
37.08 -2.06735429435
37.1 -2.34341651177
37.12 -2.598274458
37.14 -2.83118095632
37.16 -3.0418257462
37.18 -3.23031649627
37.2 -3.39714590811
37.22 -3.54314740038
37.24 -3.66944217885
37.26 -3.77738056707
37.28 -3.86848033274
37.3 -3.94436445763
37.32 -4.00670041281
37.34 -4.05714258565
37.36 -4.09727909412
37.38 -4.12858386032
37.4 -4.15237451206
37.42 -4.16977645412
37.44 -4.18169328713
37.46 -4.18878365926
37.48 -4.19144458489
37.5 -4.18980125944
37.52 -4.18370340943
37.54 -4.17272824798
37.56 -4.15619012669
37.58 -4.13315698945
37.6 -4.10247372312
37.62 -4.06279245026
37.64 -4.0126097163
37.66 -3.95031037049
37.68 -3.87421771766
37.7 -3.78264923017
37.72 -3.67397675021
37.74 -3.54668970327
37.76 -3.3994594078
37.78 -3.2312021409
37.8 -3.04113826221
37.82 -2.82884445839
37.84 -2.5942961157
37.86 -2.3378969996
37.88 -2.06049386074
37.9 -1.76337428206
37.92 -1.44824701905
37.94 -1.11720517921
37.96 -0.772673747415
37.98 -0.417344073396
38.0 -0.0540988648358
38.02 0.314068114908
38.04 0.684133151902
38.06 1.05312008397
38.08 1.4181702478
38.1 1.77660167653
38.12 2.12595532275
38.14 2.46402715078
38.16 2.78888599438
38.18 3.09887802775
38.2 3.39261945495
38.22 3.66897956499
38.24 3.92705659473
38.26 4.16614891132
38.28 4.38572390187
38.3 4.58538667592
38.32 4.76485030534
38.34 4.92390888908
38.36 5.06241428119
38.38 5.18025690175
38.4 5.2773506879
38.42 5.35362195679
38.44 5.40900176058
38.46 5.44342121281
38.48 5.45680925842
38.5 5.44909243021
38.52 5.42019626745
38.54 5.37004824622
38.56 5.29858225864
38.58 5.20574485448
38.6 5.09150359762
38.62 4.95585796768
38.64 4.79885323623
38.66 4.6205976556
38.68 4.42128310994
38.7 4.20120910142
38.72 3.96080958563
38.74 3.7006817624
38.76 3.42161549302
38.78 3.12462160159
38.8 2.81095696867
38.82 2.48214409337
38.84 2.13998272915
38.86 1.7865513332
38.88 1.42419643641
38.9 1.05550863357
38.92 0.683284706452
38.94 0.310476352698
38.96 -0.05987296434
38.98 -0.424700514079
39.0 -0.781002740109
39.02 -1.12591559762
39.04 -1.45679242808
39.06 -1.77127506596
39.08 -2.06735429439
39.1 -2.3434165117
39.12 -2.59827445802
39.14 -2.83118095633
39.16 -3.04182574618
39.18 -3.23031649628
39.2 -3.39714590813
39.22 -3.54314740035
39.24 -3.66944217886
39.26 -3.77738056707
39.28 -3.86848033275
39.3 -3.94436445763
39.32 -4.00670041281
39.34 -4.05714258565
39.36 -4.09727909414
39.38 -4.12858386026
39.4 -4.15237451211
39.42 -4.16977645409
39.44 -4.18169328715
39.46 -4.18878365926
39.48 -4.19144458489
39.5 -4.18980125945
39.52 -4.18370340941
39.54 -4.17272824799
39.56 -4.15619012671
39.58 -4.1331569894
39.6 -4.10247372316
39.62 -4.06279245023
39.64 -4.0126097163
39.66 -3.95031037051
39.68 -3.87421771766
39.7 -3.78264923017
39.72 -3.67397675019
39.74 -3.54668970327
39.76 -3.39945940782
39.78 -3.23120214089
39.8 -3.04113826217
39.82 -2.82884445845
39.84 -2.59429611567
39.86 -2.33789699959
39.88 -2.06049386077
39.9 -1.76337428205
39.92 -1.44824701905
39.94 -1.11720517919
39.96 -0.772673747418
39.98 -0.417344073448
