0.0 26.8887997752
0.02 27.0750204943
0.04 27.2620960532
0.06 27.4499136024
0.08 27.6383602435
0.1 27.8273231209
0.12 28.0166895083
0.14 28.2063468908
0.16 28.3961830427
0.18 28.5860861014
0.2 28.7759446369
0.22 28.9656477175
0.24 29.1550849728
0.26 29.3441466523
0.28 29.5327236811
0.3 29.7207077128
0.32 29.9079911794
0.34 30.0944673382
0.36 30.2800303163
0.38 30.4645751527
0.4 30.6479978385
0.42 30.830195354
0.44 31.0110657047
0.46 31.1905079554
0.48 31.3684222621
0.5 31.5447099029
0.52 31.7192733074
0.54 31.8920160848
0.56 32.0628430507
0.58 32.2316602539
0.6 32.3983750013
0.62 32.5628958826
0.64 32.7251327955
0.66 32.884996969
0.68 33.0424009875
0.7 33.1972588155
0.72 33.3494858209
0.74 33.4989988002
0.76 33.6457160031
0.78 33.7895571584
0.8 33.9304435002
0.82 34.0682977951
0.84 34.2030443706
0.86 34.3346091439
0.88 34.4629196528
0.9 34.587905087
0.92 34.7094963211
0.94 34.8276259485
0.96 34.9422283172
0.98 35.0532395664
1.0 35.1605976645
1.02 35.2642424482
1.04 35.3641156631
1.06 35.4601610045
1.08 35.5523241604
1.1 35.6405528539
1.12 35.7247968865
1.14 35.8050081827
1.16 35.8811408333
1.18 35.9531511395
1.2 36.0209976565
1.22 36.0846412364
1.24 36.1440450699
1.26 36.1991747275
1.28 36.2499981985
1.3 36.2964859287
1.32 36.3386108558
1.34 36.3763484427
1.36 36.4096767078
1.38 36.4385762528
1.4 36.4630302876
1.42 36.4830246512
1.44 36.4985478295
1.46 36.50959097
1.48 36.5161478919
1.5 36.5182150927
1.52 36.5157917509
1.54 36.508879725
1.56 36.497483548
1.58 36.4816104189
1.6 36.4612701894
1.62 36.436475348
1.64 36.4072409998
1.66 36.3735848432
1.68 36.3355271439
1.7 36.2930907053
1.72 36.2463008369
1.74 36.1951853202
1.76 36.1397743717
1.78 36.0801006057
1.8 36.016198994
1.82 35.9481068253
1.84 35.8758636635
1.86 35.7995113048
1.88 35.7190937357
1.9 35.6346570892
1.92 35.5462496027
1.94 35.4539215751
1.96 35.3577253249
1.98 35.2577151494
2.0 35.1539472841
2.02 35.0464798635
2.04 34.9353728832
2.06 34.8206881628
2.08 34.7024893105
2.1 34.5808416889
2.12 34.4558123821
2.14 34.3274701642
2.16 34.1958854689
2.18 34.061130361
2.2 33.9232785085
2.22 33.7824051562
2.24 33.6385870999
2.26 33.4919026623
2.28 33.3424316691
2.3 33.1902554259
2.32 33.0354566963
2.34 32.8781196792
2.36 32.7183299876
2.38 32.5561746274
2.4 32.3917419749
2.42 32.2251217562
2.44 32.0564050245
2.46 31.885684138
2.48 31.7130527368
2.5 31.5386057189
2.52 31.3624392158
2.54 31.1846505665
2.56 31.0053382904
2.58 30.8246020594
2.6 30.6425426674
2.62 30.4592619995
2.64 30.2748629981
2.66 30.0894496281
2.68 29.9031268393
2.7 29.7160005273
2.72 29.528177491
2.74 29.3397653886
2.76 29.1508726906
2.78 28.9616086295
2.8 28.7720831468
2.82 28.5824068375
2.84 28.3926908899
2.86 28.2030470231
2.88 28.0135874202
2.9 27.8244246573
2.92 27.6356716294
2.94 27.4474414707
2.96 27.2598474715
2.98 27.0730029892
3.0 26.8870213556
3.02 26.7020157774
3.04 26.5180992324
3.06 26.3353843597
3.08 26.1539833434
3.1 25.9740077903
3.12 25.7955686013
3.14 25.618775836
3.16 25.4437385698
3.18 25.2705647446
3.2 25.0993610116
3.22 24.9302325665
3.24 24.7632829776
3.26 24.5986140056
3.28 24.436325416
3.3 24.2765147834
3.32 24.1192772891
3.34 23.96470551
3.36 23.8128892018
3.38 23.6639150745
3.4 23.5178665624
3.42 23.3748235882
3.44 23.234862323
3.46 23.0980549424
3.48 22.9644693796
3.5 22.8341690787
3.52 22.7072127463
3.54 22.5836541074
3.56 22.4635416634
3.58 22.3469184571
3.6 22.2338218459
3.62 22.1242832853
3.64 22.0183281262
3.66 21.9159754281
3.68 21.8172377908
3.7 21.7221212089
3.72 21.6306249501
3.74 21.5427414619
3.76 21.4584563086
3.78 21.3777481427
3.8 21.3005887112
3.82 21.2269429016
3.84 21.1567688288
3.86 21.0900179642
3.88 21.0266353097
3.9 20.9665596168
3.92 20.9097236519
3.94 20.8560545077
3.96 20.8054739604
3.98 20.7578988717
4.0 20.7132416336
4.02 20.6714106547
4.04 20.6323108849
4.06 20.5958443743
4.08 20.5619108651
4.1 20.5304084092
4.12 20.501234009
4.14 20.4742842759
4.16 20.4494561013
4.18 20.4266473339
4.2 20.4057574592
4.22 20.3866882738
4.24 20.3693445512
4.26 20.3536346903
4.28 20.3394713445
4.3 20.3267720239
4.32 20.3154596666
4.34 20.3054631742
4.36 20.2967179072
4.38 20.2891661363
4.4 20.282757446
4.42 20.2774490873
4.44 20.273206277
4.46 20.2700024411
4.48 20.2678194003
4.5 20.2666474966
4.52 20.2664856594
4.54 20.267341412
4.56 20.2692308163
4.58 20.2721783582
4.6 20.2762167736
4.62 20.281386816
4.64 20.2877369685
4.66 20.2953231019
4.68 20.3042080813
4.7 20.3144613249
4.72 20.3261583186
4.74 20.3393800896
4.76 20.3542126444
4.78 20.3707463746
4.8 20.3890754373
4.82 20.4092971129
4.84 20.4315111483
4.86 20.4558190888
4.88 20.4823236059
4.9 20.5111278259
4.92 20.542334665
4.94 20.5760461759
4.96 20.6123629122
4.98 20.6513833137
5.0 20.6932031192
5.02 20.7379148093
5.04 20.785607083
5.06 20.836364373
5.08 20.8902663994
5.1 20.9473877665
5.12 21.007797603
5.14 21.0715592464
5.16 21.1387299723
5.18 21.209360769
5.2 21.2834961559
5.22 21.3611740449
5.24 21.442425644
5.26 21.5272754
5.28 21.6157409798
5.3 21.7078332867
5.32 21.8035565092
5.34 21.9029082002
5.36 22.0058793839
5.38 22.1124546871
5.4 22.2226124911
5.42 22.3363251044
5.44 22.4535589501
5.46 22.5742747674
5.48 22.6984278247
5.5 22.8259681404
5.52 22.9568407116
5.54 23.0909857465
5.56 23.2283388997
5.58 23.3688315094
5.6 23.5123908334
5.62 23.6589402841
5.64 23.8083996602
5.66 23.9606853753
5.68 24.1157106816
5.7 24.2733858884
5.72 24.4336185746
5.74 24.5963137957
5.76 24.761374283
5.78 24.9287006373
5.8 25.0981915143
5.82 25.2697438042
5.84 25.4432528029
5.86 25.6186123768
5.88 25.7957151208
5.9 25.9744525083
5.92 26.1547150359
5.94 26.3363923598
5.96 26.5193734271
5.98 26.7035466002
6.0 26.8887997752
6.02 27.0750204943
6.04 27.2620960532
6.06 27.4499136024
6.08 27.6383602435
6.1 27.8273231209
6.12 28.0166895083
6.14 28.2063468908
6.16 28.3961830427
6.18 28.5860861014
6.2 28.7759446369
6.22 28.9656477175
6.24 29.1550849728
6.26 29.3441466523
6.28 29.5327236811
6.3 29.7207077128
6.32 29.9079911794
6.34 30.0944673382
6.36 30.2800303163
6.38 30.4645751527
6.4 30.6479978385
6.42 30.830195354
6.44 31.0110657047
6.46 31.1905079554
6.48 31.3684222621
6.5 31.5447099029
6.52 31.7192733074
6.54 31.8920160848
6.56 32.0628430507
6.58 32.2316602539
6.6 32.3983750013
6.62 32.5628958826
6.64 32.7251327955
6.66 32.884996969
6.68 33.0424009875
6.7 33.1972588155
6.72 33.3494858209
6.74 33.4989988002
6.76 33.6457160031
6.78 33.7895571584
6.8 33.9304435002
6.82 34.0682977951
6.84 34.2030443706
6.86 34.3346091439
6.88 34.4629196528
6.9 34.587905087
6.92 34.7094963211
6.94 34.8276259485
6.96 34.9422283172
6.98 35.0532395664
7.0 35.1605976645
7.02 35.2642424482
7.04 35.3641156631
7.06 35.4601610045
7.08 35.5523241604
7.1 35.6405528539
7.12 35.7247968865
7.14 35.8050081827
7.16 35.8811408333
7.18 35.9531511395
7.2 36.0209976565
7.22 36.0846412364
7.24 36.1440450699
7.26 36.1991747275
7.28 36.2499981985
7.3 36.2964859287
7.32 36.3386108558
7.34 36.3763484427
7.36 36.4096767078
7.38 36.4385762528
7.4 36.4630302876
7.42 36.4830246512
7.44 36.4985478295
7.46 36.50959097
7.48 36.5161478919
7.5 36.5182150927
7.52 36.5157917509
7.54 36.508879725
7.56 36.497483548
7.58 36.4816104189
7.6 36.4612701894
7.62 36.436475348
7.64 36.4072409998
7.66 36.3735848432
7.68 36.3355271439
7.7 36.2930907053
7.72 36.2463008369
7.74 36.1951853202
7.76 36.1397743717
7.78 36.0801006057
7.8 36.016198994
7.82 35.9481068253
7.84 35.8758636635
7.86 35.7995113048
7.88 35.7190937357
7.9 35.6346570892
7.92 35.5462496027
7.94 35.4539215751
7.96 35.3577253249
7.98 35.2577151494
8.0 35.1539472841
8.02 35.0464798635
8.04 34.9353728832
8.06 34.8206881628
8.08 34.7024893105
8.1 34.5808416889
8.12 34.4558123821
8.14 34.3274701642
8.16 34.1958854689
8.18 34.061130361
8.2 33.9232785085
8.22 33.7824051562
8.24 33.6385870999
8.26 33.4919026623
8.28 33.3424316691
8.3 33.1902554259
8.32 33.0354566963
8.34 32.8781196792
8.36 32.7183299877
8.38 32.5561746274
8.4 32.3917419749
8.42 32.2251217562
8.44 32.0564050245
8.46 31.885684138
8.48 31.7130527368
8.5 31.5386057189
8.52 31.3624392158
8.54 31.1846505665
8.56 31.0053382904
8.58 30.8246020593
8.6 30.6425426674
8.62 30.4592619995
8.64 30.2748629981
8.66 30.0894496281
8.68 29.9031268393
8.7 29.7160005273
8.72 29.528177491
8.74 29.3397653886
8.76 29.1508726906
8.78 28.9616086295
8.8 28.7720831468
8.82 28.5824068375
8.84 28.3926908899
8.86 28.2030470231
8.88 28.0135874202
8.9 27.8244246573
8.92 27.6356716294
8.94 27.4474414707
8.96 27.2598474715
8.98 27.0730029892
9.0 26.8870213556
9.02 26.7020157774
9.04 26.5180992324
9.06 26.3353843598
9.08 26.1539833434
9.1 25.9740077903
9.12 25.7955686013
9.14 25.618775836
9.16 25.4437385698
9.18 25.2705647446
9.2 25.0993610116
9.22 24.9302325665
9.24 24.7632829776
9.26 24.5986140056
9.28 24.436325416
9.3 24.2765147834
9.32 24.1192772891
9.34 23.96470551
9.36 23.8128892018
9.38 23.6639150746
9.4 23.5178665624
9.42 23.3748235882
9.44 23.234862323
9.46 23.0980549424
9.48 22.9644693796
9.5 22.8341690787
9.52 22.7072127463
9.54 22.5836541074
9.56 22.4635416633
9.58 22.3469184571
9.6 22.2338218459
9.62 22.1242832853
9.64 22.0183281262
9.66 21.9159754281
9.68 21.8172377908
9.7 21.7221212089
9.72 21.6306249501
9.74 21.5427414619
9.76 21.4584563086
9.78 21.3777481427
9.8 21.3005887112
9.82 21.2269429016
9.84 21.1567688288
9.86 21.0900179642
9.88 21.0266353097
9.9 20.9665596168
9.92 20.9097236519
9.94 20.8560545077
9.96 20.8054739604
9.98 20.7578988717
10.0 20.7132416336
10.02 20.6714106548
10.04 20.6323108849
10.06 20.5958443743
10.08 20.5619108651
10.1 20.5304084092
10.12 20.501234009
10.14 20.4742842759
10.16 20.4494561013
10.18 20.4266473339
10.2 20.4057574592
10.22 20.3866882738
10.24 20.3693445512
10.26 20.3536346903
10.28 20.3394713445
10.3 20.3267720239
10.32 20.3154596666
10.34 20.3054631742
10.36 20.2967179072
10.38 20.2891661363
10.4 20.282757446
10.42 20.2774490873
10.44 20.273206277
10.46 20.2700024411
10.48 20.2678194003
10.5 20.2666474966
10.52 20.2664856594
10.54 20.267341412
10.56 20.2692308163
10.58 20.2721783582
10.6 20.2762167736
10.62 20.281386816
10.64 20.2877369685
10.66 20.2953231019
10.68 20.3042080812
10.7 20.3144613249
10.72 20.3261583186
10.74 20.3393800896
10.76 20.3542126444
10.78 20.3707463746
10.8 20.3890754373
10.82 20.4092971129
10.84 20.4315111483
10.86 20.4558190888
10.88 20.4823236058
10.9 20.5111278259
10.92 20.542334665
10.94 20.5760461759
10.96 20.6123629122
10.98 20.6513833137
11.0 20.6932031192
11.02 20.7379148093
11.04 20.785607083
11.06 20.836364373
11.08 20.8902663994
11.1 20.9473877665
11.12 21.007797603
11.14 21.0715592464
11.16 21.1387299723
11.18 21.209360769
11.2 21.2834961559
11.22 21.3611740449
11.24 21.442425644
11.26 21.5272754
11.28 21.6157409798
11.3 21.7078332867
11.32 21.8035565092
11.34 21.9029082002
11.36 22.005879384
11.38 22.1124546871
11.4 22.2226124911
11.42 22.3363251044
11.44 22.4535589501
11.46 22.5742747674
11.48 22.6984278247
11.5 22.8259681404
11.52 22.9568407116
11.54 23.0909857465
11.56 23.2283388997
11.58 23.3688315094
11.6 23.5123908334
11.62 23.6589402841
11.64 23.8083996602
11.66 23.9606853753
11.68 24.1157106816
11.7 24.2733858884
11.72 24.4336185746
11.74 24.5963137957
11.76 24.761374283
11.78 24.9287006373
11.8 25.0981915143
11.82 25.2697438042
11.84 25.4432528029
11.86 25.6186123768
11.88 25.7957151208
11.9 25.9744525083
11.92 26.1547150359
11.94 26.3363923598
11.96 26.5193734271
11.98 26.7035466002
12.0 26.8887997752
12.02 27.0750204943
12.04 27.2620960532
12.06 27.4499136024
12.08 27.6383602435
12.1 27.8273231209
12.12 28.0166895083
12.14 28.2063468908
12.16 28.3961830427
12.18 28.5860861014
12.2 28.7759446369
12.22 28.9656477175
12.24 29.1550849728
12.26 29.3441466523
12.28 29.5327236811
12.3 29.7207077128
12.32 29.9079911794
12.34 30.0944673382
12.36 30.2800303163
12.38 30.4645751527
12.4 30.6479978385
12.42 30.830195354
12.44 31.0110657047
12.46 31.1905079554
12.48 31.3684222621
12.5 31.5447099029
12.52 31.7192733074
12.54 31.8920160848
12.56 32.0628430507
12.58 32.2316602539
12.6 32.3983750013
12.62 32.5628958826
12.64 32.7251327955
12.66 32.884996969
12.68 33.0424009875
12.7 33.1972588155
12.72 33.3494858209
12.74 33.4989988002
12.76 33.6457160031
12.78 33.7895571584
12.8 33.9304435002
12.82 34.0682977951
12.84 34.2030443706
12.86 34.3346091439
12.88 34.4629196528
12.9 34.587905087
12.92 34.7094963211
12.94 34.8276259485
12.96 34.9422283172
12.98 35.0532395664
13.0 35.1605976645
13.02 35.2642424482
13.04 35.3641156631
13.06 35.4601610045
13.08 35.5523241604
13.1 35.6405528539
13.12 35.7247968865
13.14 35.8050081827
13.16 35.8811408333
13.18 35.9531511395
13.2 36.0209976565
13.22 36.0846412364
13.24 36.1440450699
13.26 36.1991747275
13.28 36.2499981985
13.3 36.2964859287
13.32 36.3386108558
13.34 36.3763484427
13.36 36.4096767078
13.38 36.4385762528
13.4 36.4630302876
13.42 36.4830246512
13.44 36.4985478295
13.46 36.50959097
13.48 36.5161478919
13.5 36.5182150927
13.52 36.5157917509
13.54 36.508879725
13.56 36.497483548
13.58 36.4816104189
13.6 36.4612701894
13.62 36.436475348
13.64 36.4072409998
13.66 36.3735848432
13.68 36.3355271439
13.7 36.2930907053
13.72 36.2463008369
13.74 36.1951853202
13.76 36.1397743717
13.78 36.0801006057
13.8 36.016198994
13.82 35.9481068253
13.84 35.8758636635
13.86 35.7995113048
13.88 35.7190937357
13.9 35.6346570892
13.92 35.5462496027
13.94 35.4539215751
13.96 35.3577253249
13.98 35.2577151494
14.0 35.1539472841
14.02 35.0464798635
14.04 34.9353728832
14.06 34.8206881628
14.08 34.7024893105
14.1 34.5808416889
14.12 34.4558123821
14.14 34.3274701642
14.16 34.1958854689
14.18 34.061130361
14.2 33.9232785085
14.22 33.7824051562
14.24 33.6385870999
14.26 33.4919026623
14.28 33.3424316691
14.3 33.1902554259
14.32 33.0354566963
14.34 32.8781196792
14.36 32.7183299876
14.38 32.5561746274
14.4 32.3917419749
14.42 32.2251217562
14.44 32.0564050245
14.46 31.885684138
14.48 31.7130527368
14.5 31.5386057189
14.52 31.3624392158
14.54 31.1846505664
14.56 31.0053382904
14.58 30.8246020593
14.6 30.6425426674
14.62 30.4592619995
14.64 30.2748629981
14.66 30.0894496281
14.68 29.9031268393
14.7 29.7160005273
14.72 29.528177491
14.74 29.3397653886
14.76 29.1508726906
14.78 28.9616086295
14.8 28.7720831468
14.82 28.5824068375
14.84 28.3926908899
14.86 28.2030470231
14.88 28.0135874202
14.9 27.8244246573
14.92 27.6356716294
14.94 27.4474414707
14.96 27.2598474715
14.98 27.0730029892
15.0 26.8870213556
15.02 26.7020157774
15.04 26.5180992324
15.06 26.3353843597
15.08 26.1539833434
15.1 25.9740077903
15.12 25.7955686013
15.14 25.618775836
15.16 25.4437385698
15.18 25.2705647446
15.2 25.0993610116
15.22 24.9302325665
15.24 24.7632829776
15.26 24.5986140056
15.28 24.436325416
15.3 24.2765147834
15.32 24.1192772891
15.34 23.96470551
15.36 23.8128892018
15.38 23.6639150745
15.4 23.5178665624
15.42 23.3748235882
15.44 23.234862323
15.46 23.0980549424
15.48 22.9644693796
15.5 22.8341690787
15.52 22.7072127463
15.54 22.5836541074
15.56 22.4635416633
15.58 22.3469184571
15.6 22.2338218459
15.62 22.1242832853
15.64 22.0183281262
15.66 21.9159754281
15.68 21.8172377908
15.7 21.7221212089
15.72 21.6306249501
15.74 21.5427414619
15.76 21.4584563086
15.78 21.3777481427
15.8 21.3005887112
15.82 21.2269429016
15.84 21.1567688288
15.86 21.0900179642
15.88 21.0266353097
15.9 20.9665596168
15.92 20.9097236519
15.94 20.8560545077
15.96 20.8054739604
15.98 20.7578988717
16.0 20.7132416336
16.02 20.6714106547
16.04 20.6323108849
16.06 20.5958443743
16.08 20.5619108651
16.1 20.5304084092
16.12 20.501234009
16.14 20.4742842759
16.16 20.4494561013
16.18 20.4266473339
16.2 20.4057574592
16.22 20.3866882738
16.24 20.3693445512
16.26 20.3536346903
16.28 20.3394713445
16.3 20.3267720239
16.32 20.3154596666
16.34 20.3054631742
16.36 20.2967179072
16.38 20.2891661363
16.4 20.282757446
16.42 20.2774490873
16.44 20.273206277
16.46 20.2700024411
16.48 20.2678194003
16.5 20.2666474966
16.52 20.2664856594
16.54 20.267341412
16.56 20.2692308163
16.58 20.2721783582
16.6 20.2762167736
16.62 20.281386816
16.64 20.2877369685
16.66 20.2953231019
16.68 20.3042080813
16.7 20.3144613249
16.72 20.3261583186
16.74 20.3393800896
16.76 20.3542126444
16.78 20.3707463747
16.8 20.3890754373
16.82 20.4092971129
16.84 20.4315111483
16.86 20.4558190888
16.88 20.4823236059
16.9 20.5111278259
16.92 20.542334665
16.94 20.5760461759
16.96 20.6123629122
16.98 20.6513833137
17.0 20.6932031192
17.02 20.7379148093
17.04 20.785607083
17.06 20.836364373
17.08 20.8902663994
17.1 20.9473877665
17.12 21.007797603
17.14 21.0715592464
17.16 21.1387299723
17.18 21.209360769
17.2 21.2834961559
17.22 21.3611740449
17.24 21.442425644
17.26 21.5272754
17.28 21.6157409798
17.3 21.7078332867
17.32 21.8035565092
17.34 21.9029082002
17.36 22.005879384
17.38 22.1124546871
17.4 22.2226124911
17.42 22.3363251044
17.44 22.4535589501
17.46 22.5742747674
17.48 22.6984278247
17.5 22.8259681404
17.52 22.9568407116
17.54 23.0909857465
17.56 23.2283388997
17.58 23.3688315094
17.6 23.5123908334
17.62 23.6589402841
17.64 23.8083996602
17.66 23.9606853753
17.68 24.1157106816
17.7 24.2733858884
17.72 24.4336185746
17.74 24.5963137957
17.76 24.761374283
17.78 24.9287006373
17.8 25.0981915143
17.82 25.2697438042
17.84 25.4432528029
17.86 25.6186123768
17.88 25.7957151208
17.9 25.9744525083
17.92 26.1547150359
17.94 26.3363923598
17.96 26.5193734271
17.98 26.7035466002
18.0 26.8887997752
18.02 27.0750204943
18.04 27.2620960532
18.06 27.4499136024
18.08 27.6383602435
18.1 27.8273231209
18.12 28.0166895083
18.14 28.2063468908
18.16 28.3961830427
18.18 28.5860861014
18.2 28.7759446369
18.22 28.9656477175
18.24 29.1550849728
18.26 29.3441466523
18.28 29.5327236811
18.3 29.7207077128
18.32 29.9079911794
18.34 30.0944673382
18.36 30.2800303163
18.38 30.4645751527
18.4 30.6479978385
18.42 30.830195354
18.44 31.0110657047
18.46 31.1905079554
18.48 31.3684222621
18.5 31.5447099029
18.52 31.7192733074
18.54 31.8920160848
18.56 32.0628430507
18.58 32.2316602539
18.6 32.3983750013
18.62 32.5628958826
18.64 32.7251327955
18.66 32.884996969
18.68 33.0424009875
18.7 33.1972588155
18.72 33.3494858209
18.74 33.4989988002
18.76 33.6457160031
18.78 33.7895571584
18.8 33.9304435002
18.82 34.0682977951
18.84 34.2030443706
18.86 34.3346091439
18.88 34.4629196528
18.9 34.587905087
18.92 34.7094963211
18.94 34.8276259485
18.96 34.9422283172
18.98 35.0532395664
19.0 35.1605976645
19.02 35.2642424482
19.04 35.3641156631
19.06 35.4601610045
19.08 35.5523241604
19.1 35.6405528539
19.12 35.7247968865
19.14 35.8050081827
19.16 35.8811408333
19.18 35.9531511395
19.2 36.0209976565
19.22 36.0846412364
19.24 36.1440450699
19.26 36.1991747275
19.28 36.2499981985
19.3 36.2964859287
19.32 36.3386108558
19.34 36.3763484427
19.36 36.4096767078
19.38 36.4385762528
19.4 36.4630302876
19.42 36.4830246512
19.44 36.4985478295
19.46 36.50959097
19.48 36.5161478919
19.5 36.5182150927
19.52 36.5157917509
19.54 36.508879725
19.56 36.497483548
19.58 36.4816104189
19.6 36.4612701894
19.62 36.436475348
19.64 36.4072409998
19.66 36.3735848432
19.68 36.3355271439
19.7 36.2930907053
19.72 36.2463008369
19.74 36.1951853202
19.76 36.1397743717
19.78 36.0801006057
19.8 36.016198994
19.82 35.9481068253
19.84 35.8758636635
19.86 35.7995113048
19.88 35.7190937357
19.9 35.6346570892
19.92 35.5462496027
19.94 35.4539215751
19.96 35.3577253249
19.98 35.2577151494
20.0 35.1539472841
20.02 35.0464798635
20.04 34.9353728832
20.06 34.8206881628
20.08 34.7024893105
20.1 34.5808416889
20.12 34.4558123821
20.14 34.3274701642
20.16 34.1958854689
20.18 34.061130361
20.2 33.9232785085
20.22 33.7824051562
20.24 33.6385870999
20.26 33.4919026623
20.28 33.3424316691
20.3 33.1902554259
20.32 33.0354566963
20.34 32.8781196792
20.36 32.7183299876
20.38 32.5561746274
20.4 32.3917419749
20.42 32.2251217562
20.44 32.0564050245
20.46 31.885684138
20.48 31.7130527368
20.5 31.5386057189
20.52 31.3624392158
20.54 31.1846505664
20.56 31.0053382904
20.58 30.8246020593
20.6 30.6425426674
20.62 30.4592619995
20.64 30.2748629981
20.66 30.0894496281
20.68 29.9031268393
20.7 29.7160005273
20.72 29.528177491
20.74 29.3397653886
20.76 29.1508726906
20.78 28.9616086295
20.8 28.7720831468
20.82 28.5824068375
20.84 28.3926908899
20.86 28.2030470231
20.88 28.0135874202
20.9 27.8244246573
20.92 27.6356716294
20.94 27.4474414707
20.96 27.2598474715
20.98 27.0730029892
21.0 26.8870213556
21.02 26.7020157774
21.04 26.5180992324
21.06 26.3353843597
21.08 26.1539833434
21.1 25.9740077903
21.12 25.7955686013
21.14 25.618775836
21.16 25.4437385698
21.18 25.2705647446
21.2 25.0993610116
21.22 24.9302325665
21.24 24.7632829776
21.26 24.5986140056
21.28 24.436325416
21.3 24.2765147834
21.32 24.1192772891
21.34 23.96470551
21.36 23.8128892018
21.38 23.6639150745
21.4 23.5178665624
21.42 23.3748235882
21.44 23.234862323
21.46 23.0980549424
21.48 22.9644693796
21.5 22.8341690787
21.52 22.7072127463
21.54 22.5836541074
21.56 22.4635416633
21.58 22.3469184571
21.6 22.2338218459
21.62 22.1242832853
21.64 22.0183281262
21.66 21.9159754281
21.68 21.8172377908
21.7 21.7221212089
21.72 21.6306249501
21.74 21.5427414619
21.76 21.4584563086
21.78 21.3777481427
21.8 21.3005887112
21.82 21.2269429016
21.84 21.1567688288
21.86 21.0900179642
21.88 21.0266353097
21.9 20.9665596168
21.92 20.9097236519
21.94 20.8560545077
21.96 20.8054739604
21.98 20.7578988717
22.0 20.7132416336
22.02 20.6714106548
22.04 20.6323108849
22.06 20.5958443743
22.08 20.5619108651
22.1 20.5304084092
22.12 20.501234009
22.14 20.4742842759
22.16 20.4494561013
22.18 20.4266473339
22.2 20.4057574592
22.22 20.3866882738
22.24 20.3693445512
22.26 20.3536346903
22.28 20.3394713445
22.3 20.3267720239
22.32 20.3154596666
22.34 20.3054631742
22.36 20.2967179072
22.38 20.2891661363
22.4 20.282757446
22.42 20.2774490873
22.44 20.273206277
22.46 20.2700024411
22.48 20.2678194003
22.5 20.2666474966
22.52 20.2664856594
22.54 20.267341412
22.56 20.2692308163
22.58 20.2721783582
22.6 20.2762167736
22.62 20.281386816
22.64 20.2877369685
22.66 20.2953231019
22.68 20.3042080813
22.7 20.3144613249
22.72 20.3261583186
22.74 20.3393800896
22.76 20.3542126444
22.78 20.3707463746
22.8 20.3890754373
22.82 20.4092971129
22.84 20.4315111483
22.86 20.4558190888
22.88 20.4823236059
22.9 20.5111278259
22.92 20.542334665
22.94 20.5760461759
22.96 20.6123629122
22.98 20.6513833137
23.0 20.6932031192
23.02 20.7379148093
23.04 20.785607083
23.06 20.836364373
23.08 20.8902663994
23.1 20.9473877665
23.12 21.007797603
23.14 21.0715592464
23.16 21.1387299723
23.18 21.209360769
23.2 21.2834961559
23.22 21.3611740449
23.24 21.442425644
23.26 21.5272754
23.28 21.6157409798
23.3 21.7078332867
23.32 21.8035565092
23.34 21.9029082002
23.36 22.005879384
23.38 22.1124546871
23.4 22.2226124911
23.42 22.3363251044
23.44 22.4535589501
23.46 22.5742747674
23.48 22.6984278247
23.5 22.8259681404
23.52 22.9568407116
23.54 23.0909857464
23.56 23.2283388997
23.58 23.3688315094
23.6 23.5123908334
23.62 23.6589402841
23.64 23.8083996602
23.66 23.9606853753
23.68 24.1157106816
23.7 24.2733858884
23.72 24.4336185746
23.74 24.5963137957
23.76 24.761374283
23.78 24.9287006373
23.8 25.0981915143
23.82 25.2697438042
23.84 25.4432528029
23.86 25.6186123768
23.88 25.7957151208
23.9 25.9744525083
23.92 26.1547150359
23.94 26.3363923598
23.96 26.5193734271
23.98 26.7035466002
24.0 26.8887997752
24.02 27.0750204943
24.04 27.2620960532
24.06 27.4499136024
24.08 27.6383602435
24.1 27.8273231209
24.12 28.0166895083
24.14 28.2063468908
24.16 28.3961830427
24.18 28.5860861014
24.2 28.7759446369
24.22 28.9656477175
24.24 29.1550849728
24.26 29.3441466523
24.28 29.5327236811
24.3 29.7207077128
24.32 29.9079911794
24.34 30.0944673382
24.36 30.2800303163
24.38 30.4645751527
24.4 30.6479978385
24.42 30.830195354
24.44 31.0110657047
24.46 31.1905079554
24.48 31.3684222621
24.5 31.5447099029
24.52 31.7192733074
24.54 31.8920160848
24.56 32.0628430507
24.58 32.2316602539
24.6 32.3983750013
24.62 32.5628958826
24.64 32.7251327955
24.66 32.884996969
24.68 33.0424009875
24.7 33.1972588155
24.72 33.3494858209
24.74 33.4989988002
24.76 33.6457160031
24.78 33.7895571584
24.8 33.9304435002
24.82 34.0682977951
24.84 34.2030443706
24.86 34.3346091439
24.88 34.4629196528
24.9 34.587905087
24.92 34.7094963211
24.94 34.8276259485
24.96 34.9422283172
24.98 35.0532395664
25.0 35.1605976645
25.02 35.2642424482
25.04 35.3641156631
25.06 35.4601610045
25.08 35.5523241604
25.1 35.6405528539
25.12 35.7247968865
25.14 35.8050081827
25.16 35.8811408333
25.18 35.9531511395
25.2 36.0209976565
25.22 36.0846412364
25.24 36.1440450699
25.26 36.1991747275
25.28 36.2499981985
25.3 36.2964859287
25.32 36.3386108558
25.34 36.3763484427
25.36 36.4096767078
25.38 36.4385762528
25.4 36.4630302876
25.42 36.4830246512
25.44 36.4985478295
25.46 36.50959097
25.48 36.5161478919
25.5 36.5182150927
25.52 36.5157917509
25.54 36.508879725
25.56 36.497483548
25.58 36.4816104189
25.6 36.4612701894
25.62 36.436475348
25.64 36.4072409998
25.66 36.3735848432
25.68 36.3355271439
25.7 36.2930907053
25.72 36.2463008369
25.74 36.1951853202
25.76 36.1397743717
25.78 36.0801006057
25.8 36.016198994
25.82 35.9481068253
25.84 35.8758636635
25.86 35.7995113048
25.88 35.7190937357
25.9 35.6346570892
25.92 35.5462496027
25.94 35.4539215751
25.96 35.3577253249
25.98 35.2577151494
26.0 35.1539472841
26.02 35.0464798635
26.04 34.9353728832
26.06 34.8206881628
26.08 34.7024893105
26.1 34.5808416889
26.12 34.4558123821
26.14 34.3274701642
26.16 34.1958854689
26.18 34.061130361
26.2 33.9232785085
26.22 33.7824051562
26.24 33.6385870999
26.26 33.4919026623
26.28 33.3424316691
26.3 33.1902554259
26.32 33.0354566963
26.34 32.8781196792
26.36 32.7183299876
26.38 32.5561746274
26.4 32.3917419749
26.42 32.2251217562
26.44 32.0564050245
26.46 31.885684138
26.48 31.7130527368
26.5 31.5386057189
26.52 31.3624392158
26.54 31.1846505664
26.56 31.0053382904
26.58 30.8246020593
26.6 30.6425426674
26.62 30.4592619995
26.64 30.2748629981
26.66 30.0894496281
26.68 29.9031268393
26.7 29.7160005273
26.72 29.528177491
26.74 29.3397653886
26.76 29.1508726906
26.78 28.9616086295
26.8 28.7720831468
26.82 28.5824068375
26.84 28.3926908899
26.86 28.2030470231
26.88 28.0135874202
26.9 27.8244246573
26.92 27.6356716294
26.94 27.4474414707
26.96 27.2598474715
26.98 27.0730029892
27.0 26.8870213556
27.02 26.7020157774
27.04 26.5180992324
27.06 26.3353843597
27.08 26.1539833434
27.1 25.9740077903
27.12 25.7955686013
27.14 25.618775836
27.16 25.4437385698
27.18 25.2705647446
27.2 25.0993610116
27.22 24.9302325665
27.24 24.7632829776
27.26 24.5986140056
27.28 24.436325416
27.3 24.2765147834
27.32 24.1192772891
27.34 23.96470551
27.36 23.8128892018
27.38 23.6639150745
27.4 23.5178665624
27.42 23.3748235882
27.44 23.234862323
27.46 23.0980549424
27.48 22.9644693796
27.5 22.8341690787
27.52 22.7072127463
27.54 22.5836541074
27.56 22.4635416633
27.58 22.3469184571
27.6 22.2338218459
27.62 22.1242832853
27.64 22.0183281262
27.66 21.9159754281
27.68 21.8172377908
27.7 21.7221212089
27.72 21.6306249501
27.74 21.5427414619
27.76 21.4584563086
27.78 21.3777481427
27.8 21.3005887112
27.82 21.2269429016
27.84 21.1567688288
27.86 21.0900179643
27.88 21.0266353097
27.9 20.9665596168
27.92 20.9097236519
27.94 20.8560545077
27.96 20.8054739604
27.98 20.7578988717
28.0 20.7132416336
28.02 20.6714106547
28.04 20.6323108849
28.06 20.5958443743
28.08 20.5619108651
28.1 20.5304084092
28.12 20.501234009
28.14 20.4742842759
28.16 20.4494561013
28.18 20.4266473339
28.2 20.4057574592
28.22 20.3866882738
28.24 20.3693445512
28.26 20.3536346903
28.28 20.3394713445
28.3 20.3267720239
28.32 20.3154596666
28.34 20.3054631742
28.36 20.2967179072
28.38 20.2891661363
28.4 20.282757446
28.42 20.2774490873
28.44 20.273206277
28.46 20.2700024411
28.48 20.2678194003
28.5 20.2666474966
28.52 20.2664856594
28.54 20.267341412
28.56 20.2692308163
28.58 20.2721783582
28.6 20.2762167736
28.62 20.281386816
28.64 20.2877369685
28.66 20.2953231019
28.68 20.3042080812
28.7 20.3144613249
28.72 20.3261583186
28.74 20.3393800896
28.76 20.3542126444
28.78 20.3707463747
28.8 20.3890754373
28.82 20.4092971129
28.84 20.4315111483
28.86 20.4558190888
28.88 20.4823236059
28.9 20.5111278259
28.92 20.542334665
28.94 20.5760461759
28.96 20.6123629122
28.98 20.6513833137
29.0 20.6932031192
29.02 20.7379148093
29.04 20.785607083
29.06 20.836364373
29.08 20.8902663994
29.1 20.9473877665
29.12 21.007797603
29.14 21.0715592464
29.16 21.1387299723
29.18 21.209360769
29.2 21.2834961559
29.22 21.3611740449
29.24 21.442425644
29.26 21.5272754
29.28 21.6157409798
29.3 21.7078332868
29.32 21.8035565092
29.34 21.9029082002
29.36 22.005879384
29.38 22.1124546871
29.4 22.2226124911
29.42 22.3363251044
29.44 22.4535589501
29.46 22.5742747674
29.48 22.6984278247
29.5 22.8259681404
29.52 22.9568407116
29.54 23.0909857465
29.56 23.2283388997
29.58 23.3688315094
29.6 23.5123908334
29.62 23.6589402841
29.64 23.8083996602
29.66 23.9606853753
29.68 24.1157106816
29.7 24.2733858884
29.72 24.4336185746
29.74 24.5963137957
29.76 24.761374283
29.78 24.9287006373
29.8 25.0981915143
29.82 25.2697438042
29.84 25.4432528029
29.86 25.6186123768
29.88 25.7957151208
29.9 25.9744525083
29.92 26.1547150359
29.94 26.3363923598
29.96 26.5193734271
29.98 26.7035466002
30.0 26.8887997752
30.02 27.0750204943
30.04 27.2620960532
30.06 27.4499136024
30.08 27.6383602435
30.1 27.8273231209
30.12 28.0166895083
30.14 28.2063468908
30.16 28.3961830427
30.18 28.5860861014
30.2 28.7759446369
30.22 28.9656477175
30.24 29.1550849728
30.26 29.3441466523
30.28 29.5327236811
30.3 29.7207077128
30.32 29.9079911794
30.34 30.0944673382
30.36 30.2800303163
30.38 30.4645751527
30.4 30.6479978385
30.42 30.830195354
30.44 31.0110657047
30.46 31.1905079554
30.48 31.3684222621
30.5 31.5447099029
30.52 31.7192733074
30.54 31.8920160848
30.56 32.0628430507
30.58 32.2316602539
30.6 32.3983750013
30.62 32.5628958826
30.64 32.7251327955
30.66 32.884996969
30.68 33.0424009875
30.7 33.1972588155
30.72 33.3494858209
30.74 33.4989988002
30.76 33.6457160031
30.78 33.7895571584
30.8 33.9304435002
30.82 34.0682977951
30.84 34.2030443706
30.86 34.3346091439
30.88 34.4629196528
30.9 34.587905087
30.92 34.7094963211
30.94 34.8276259485
30.96 34.9422283172
30.98 35.0532395664
31.0 35.1605976645
31.02 35.2642424482
31.04 35.3641156631
31.06 35.4601610045
31.08 35.5523241604
31.1 35.6405528539
31.12 35.7247968865
31.14 35.8050081827
31.16 35.8811408333
31.18 35.9531511395
31.2 36.0209976565
31.22 36.0846412364
31.24 36.1440450699
31.26 36.1991747275
31.28 36.2499981985
31.3 36.2964859287
31.32 36.3386108558
31.34 36.3763484427
31.36 36.4096767078
31.38 36.4385762528
31.4 36.4630302876
31.42 36.4830246512
31.44 36.4985478295
31.46 36.50959097
31.48 36.5161478919
31.5 36.5182150927
31.52 36.5157917509
31.54 36.508879725
31.56 36.497483548
31.58 36.4816104189
31.6 36.4612701894
31.62 36.436475348
31.64 36.4072409998
31.66 36.3735848432
31.68 36.3355271439
31.7 36.2930907053
31.72 36.2463008369
31.74 36.1951853202
31.76 36.1397743717
31.78 36.0801006057
31.8 36.016198994
31.82 35.9481068253
31.84 35.8758636635
31.86 35.7995113048
31.88 35.7190937357
31.9 35.6346570892
31.92 35.5462496027
31.94 35.4539215751
31.96 35.3577253249
31.98 35.2577151494
32.0 35.1539472841
32.02 35.0464798635
32.04 34.9353728832
32.06 34.8206881628
32.08 34.7024893105
32.1 34.5808416889
32.12 34.4558123821
32.14 34.3274701642
32.16 34.1958854689
32.18 34.061130361
32.2 33.9232785085
32.22 33.7824051562
32.24 33.6385870999
32.26 33.4919026623
32.28 33.3424316691
32.3 33.1902554259
32.32 33.0354566963
32.34 32.8781196792
32.36 32.7183299876
32.38 32.5561746274
32.4 32.3917419749
32.42 32.2251217562
32.44 32.0564050245
32.46 31.885684138
32.48 31.7130527368
32.5 31.5386057189
32.52 31.3624392158
32.54 31.1846505664
32.56 31.0053382904
32.58 30.8246020593
32.6 30.6425426674
32.62 30.4592619995
32.64 30.2748629981
32.66 30.0894496281
32.68 29.9031268393
32.7 29.7160005273
32.72 29.528177491
32.74 29.3397653886
32.76 29.1508726906
32.78 28.9616086295
32.8 28.7720831468
32.82 28.5824068375
32.84 28.3926908899
32.86 28.2030470231
32.88 28.0135874202
32.9 27.8244246573
32.92 27.6356716294
32.94 27.4474414707
32.96 27.2598474715
32.98 27.0730029892
33.0 26.8870213556
33.02 26.7020157774
33.04 26.5180992324
33.06 26.3353843598
33.08 26.1539833434
33.1 25.9740077903
33.12 25.7955686013
33.14 25.618775836
33.16 25.4437385698
33.18 25.2705647446
33.2 25.0993610116
33.22 24.9302325665
33.24 24.7632829776
33.26 24.5986140056
33.28 24.436325416
33.3 24.2765147834
33.32 24.1192772891
33.34 23.96470551
33.36 23.8128892018
33.38 23.6639150745
33.4 23.5178665624
33.42 23.3748235882
33.44 23.234862323
33.46 23.0980549424
33.48 22.9644693797
33.5 22.8341690787
33.52 22.7072127463
33.54 22.5836541074
33.56 22.4635416634
33.58 22.3469184571
33.6 22.2338218459
33.62 22.1242832853
33.64 22.0183281262
33.66 21.9159754281
33.68 21.8172377908
33.7 21.7221212089
33.72 21.6306249501
33.74 21.5427414619
33.76 21.4584563086
33.78 21.3777481427
33.8 21.3005887112
33.82 21.2269429016
33.84 21.1567688288
33.86 21.0900179643
33.88 21.0266353097
33.9 20.9665596168
33.92 20.9097236519
33.94 20.8560545076
33.96 20.8054739604
33.98 20.7578988717
34.0 20.7132416336
34.02 20.6714106547
34.04 20.6323108849
34.06 20.5958443743
34.08 20.5619108651
34.1 20.5304084092
34.12 20.501234009
34.14 20.4742842759
34.16 20.4494561013
34.18 20.426647334
34.2 20.4057574591
34.22 20.3866882738
34.24 20.3693445512
34.26 20.3536346903
34.28 20.3394713445
34.3 20.3267720239
34.32 20.3154596666
34.34 20.3054631742
34.36 20.2967179072
34.38 20.2891661363
34.4 20.282757446
34.42 20.2774490873
34.44 20.273206277
34.46 20.2700024411
34.48 20.2678194003
34.5 20.2666474966
34.52 20.2664856594
34.54 20.267341412
34.56 20.2692308163
34.58 20.2721783582
34.6 20.2762167736
34.62 20.281386816
34.64 20.2877369685
34.66 20.2953231019
34.68 20.3042080813
34.7 20.3144613249
34.72 20.3261583186
34.74 20.3393800896
34.76 20.3542126444
34.78 20.3707463746
34.8 20.3890754373
34.82 20.4092971129
34.84 20.4315111483
34.86 20.4558190888
34.88 20.4823236059
34.9 20.5111278259
34.92 20.542334665
34.94 20.5760461759
34.96 20.6123629122
34.98 20.6513833137
35.0 20.6932031192
35.02 20.7379148093
35.04 20.785607083
35.06 20.836364373
35.08 20.8902663994
35.1 20.9473877665
35.12 21.007797603
35.14 21.0715592464
35.16 21.1387299723
35.18 21.209360769
35.2 21.2834961559
35.22 21.3611740449
35.24 21.442425644
35.26 21.5272754
35.28 21.6157409798
35.3 21.7078332868
35.32 21.8035565092
35.34 21.9029082001
35.36 22.005879384
35.38 22.1124546871
35.4 22.2226124911
35.42 22.3363251044
35.44 22.4535589501
35.46 22.5742747674
35.48 22.6984278247
35.5 22.8259681404
35.52 22.9568407116
35.54 23.0909857465
35.56 23.2283388997
35.58 23.3688315094
35.6 23.5123908334
35.62 23.6589402841
35.64 23.8083996602
35.66 23.9606853753
35.68 24.1157106816
35.7 24.2733858884
35.72 24.4336185746
35.74 24.5963137957
35.76 24.761374283
35.78 24.9287006373
35.8 25.0981915143
35.82 25.2697438042
35.84 25.4432528029
35.86 25.6186123768
35.88 25.7957151208
35.9 25.9744525083
35.92 26.1547150359
35.94 26.3363923598
35.96 26.5193734271
35.98 26.7035466002
36.0 26.8887997752
36.02 27.0750204943
36.04 27.2620960532
36.06 27.4499136024
36.08 27.6383602435
36.1 27.8273231209
36.12 28.0166895083
36.14 28.2063468908
36.16 28.3961830427
36.18 28.5860861014
36.2 28.7759446369
36.22 28.9656477175
36.24 29.1550849728
36.26 29.3441466523
36.28 29.5327236811
36.3 29.7207077128
36.32 29.9079911794
36.34 30.0944673382
36.36 30.2800303163
36.38 30.4645751527
36.4 30.6479978385
36.42 30.830195354
36.44 31.0110657047
36.46 31.1905079554
36.48 31.3684222621
36.5 31.5447099029
36.52 31.7192733074
36.54 31.8920160848
36.56 32.0628430507
36.58 32.2316602539
36.6 32.3983750013
36.62 32.5628958826
36.64 32.7251327955
36.66 32.884996969
36.68 33.0424009875
36.7 33.1972588155
36.72 33.3494858209
36.74 33.4989988002
36.76 33.6457160031
36.78 33.7895571584
36.8 33.9304435002
36.82 34.0682977951
36.84 34.2030443706
36.86 34.3346091439
36.88 34.4629196528
36.9 34.587905087
36.92 34.7094963211
36.94 34.8276259485
36.96 34.9422283172
36.98 35.0532395664
37.0 35.1605976645
37.02 35.2642424482
37.04 35.3641156631
37.06 35.4601610045
37.08 35.5523241604
37.1 35.6405528539
37.12 35.7247968865
37.14 35.8050081827
37.16 35.8811408333
37.18 35.9531511395
37.2 36.0209976565
37.22 36.0846412364
37.24 36.1440450699
37.26 36.1991747275
37.28 36.2499981985
37.3 36.2964859287
37.32 36.3386108558
37.34 36.3763484427
37.36 36.4096767078
37.38 36.4385762528
37.4 36.4630302876
37.42 36.4830246512
37.44 36.4985478295
37.46 36.50959097
37.48 36.5161478919
37.5 36.5182150927
37.52 36.5157917509
37.54 36.508879725
37.56 36.497483548
37.58 36.4816104189
37.6 36.4612701894
37.62 36.436475348
37.64 36.4072409998
37.66 36.3735848432
37.68 36.3355271439
37.7 36.2930907053
37.72 36.2463008369
37.74 36.1951853202
37.76 36.1397743717
37.78 36.0801006057
37.8 36.016198994
37.82 35.9481068253
37.84 35.8758636635
37.86 35.7995113048
37.88 35.7190937357
37.9 35.6346570892
37.92 35.5462496027
37.94 35.4539215751
37.96 35.3577253249
37.98 35.2577151494
38.0 35.1539472841
38.02 35.0464798635
38.04 34.9353728832
38.06 34.8206881628
38.08 34.7024893105
38.1 34.5808416889
38.12 34.4558123821
38.14 34.3274701642
38.16 34.1958854689
38.18 34.061130361
38.2 33.9232785085
38.22 33.7824051562
38.24 33.6385870999
38.26 33.4919026623
38.28 33.3424316691
38.3 33.1902554259
38.32 33.0354566963
38.34 32.8781196792
38.36 32.7183299876
38.38 32.5561746274
38.4 32.3917419749
38.42 32.2251217562
38.44 32.0564050245
38.46 31.885684138
38.48 31.7130527368
38.5 31.5386057189
38.52 31.3624392158
38.54 31.1846505664
38.56 31.0053382904
38.58 30.8246020594
38.6 30.6425426674
38.62 30.4592619995
38.64 30.2748629981
38.66 30.0894496281
38.68 29.9031268393
38.7 29.7160005273
38.72 29.528177491
38.74 29.3397653886
38.76 29.1508726906
38.78 28.9616086295
38.8 28.7720831468
38.82 28.5824068375
38.84 28.3926908899
38.86 28.2030470231
38.88 28.0135874202
38.9 27.8244246573
38.92 27.6356716294
38.94 27.4474414707
38.96 27.2598474715
38.98 27.0730029892
39.0 26.8870213556
39.02 26.7020157774
39.04 26.5180992324
39.06 26.3353843597
39.08 26.1539833434
39.1 25.9740077903
39.12 25.7955686013
39.14 25.618775836
39.16 25.4437385698
39.18 25.2705647446
39.2 25.0993610116
39.22 24.9302325665
39.24 24.7632829776
39.26 24.5986140056
39.28 24.436325416
39.3 24.2765147834
39.32 24.1192772891
39.34 23.96470551
39.36 23.8128892018
39.38 23.6639150745
39.4 23.5178665624
39.42 23.3748235882
39.44 23.234862323
39.46 23.0980549424
39.48 22.9644693797
39.5 22.8341690787
39.52 22.7072127463
39.54 22.5836541074
39.56 22.4635416634
39.58 22.3469184571
39.6 22.2338218459
39.62 22.1242832853
39.64 22.0183281262
39.66 21.9159754281
39.68 21.8172377908
39.7 21.7221212089
39.72 21.6306249501
39.74 21.5427414619
39.76 21.4584563086
39.78 21.3777481427
39.8 21.3005887112
39.82 21.2269429016
39.84 21.1567688288
39.86 21.0900179642
39.88 21.0266353097
39.9 20.9665596168
39.92 20.9097236519
39.94 20.8560545077
39.96 20.8054739604
39.98 20.7578988717
