0.0 0.00132007053751
0.02 -0.000200907581182
0.04 -0.00171043425206
0.06 -0.00320763401713
0.08 -0.00469166047804
0.1 -0.00616169572429
0.12 -0.00761694978531
0.14 -0.00905666011073
0.16 -0.0104800911085
0.18 -0.0118865337107
0.2 -0.0132753050069
0.22 -0.0146457479226
0.24 -0.015997230958
0.26 -0.0173291479826
0.28 -0.0186409180991
0.3 -0.0199319855448
0.32 -0.0212018196778
0.34 -0.0224499149977
0.36 -0.0236757912342
0.38 -0.0248789934815
0.4 -0.0260590923798
0.42 -0.0272156843474
0.44 -0.0283483918431
0.46 -0.0294568636667
0.48 -0.0305407752917
0.5 -0.0315998292088
0.52 -0.0326337552963
0.54 -0.0336423111872
0.56 -0.0346252826422
0.58 -0.0355824839098
0.6 -0.0365137580728
0.62 -0.0374189773605
0.64 -0.0382980434338
0.66 -0.039150887619
0.68 -0.0399774710815
0.7 -0.0407777849477
0.72 -0.0415518503374
0.74 -0.0422997183197
0.76 -0.0430214697684
0.78 -0.0437172151234
0.8 -0.0443870940267
0.82 -0.0450312748482
0.84 -0.04564995408
0.86 -0.0462433555925
0.88 -0.0468117297558
0.9 -0.0473553524142
0.92 -0.0478745237062
0.94 -0.0483695667448
0.96 -0.0488408261358
0.98 -0.0492886663545
1.0 -0.0497134699664
1.02 -0.0501156357143
1.04 -0.050495576455
1.06 -0.0508537169836
1.08 -0.0511904917186
1.1 -0.051506342298
1.12 -0.0518017150636
1.14 -0.0520770584805
1.16 -0.0523328204799
1.18 -0.0525694457685
1.2 -0.052787373102
1.22 -0.0529870325613
1.24 -0.0531688428402
1.26 -0.0533332085727
1.28 -0.0534805177175
1.3 -0.0536111390355
1.32 -0.0537254196559
1.34 -0.0538236827886
1.36 -0.0539062255682
1.38 -0.0539733170796
1.4 -0.0540251965614
1.42 -0.0540620718189
1.44 -0.0540841178585
1.46 -0.0540914757457
1.48 -0.0540842517188
1.5 -0.054062516549
1.52 -0.0540263051551
1.54 -0.0539756164874
1.56 -0.053910413671
1.58 -0.0538306244019
1.6 -0.05373614161
1.62 -0.0536268243615
1.64 -0.0535024989996
1.66 -0.0533629605157
1.68 -0.0532079741247
1.7 -0.0530372770423
1.72 -0.052850580434
1.74 -0.0526475715279
1.76 -0.0524279158585
1.78 -0.0521912596328
1.8 -0.0519372321894
1.82 -0.0516654485322
1.84 -0.0513755119109
1.86 -0.0510670164405
1.88 -0.0507395497185
1.9 -0.0503926954441
1.92 -0.050026035993
1.94 -0.0496391549607
1.96 -0.0492316396226
1.98 -0.0488030833358
2.0 -0.0483530878272
2.02 -0.0478812653956
2.04 -0.0473872409846
2.06 -0.0468706541444
2.08 -0.0463311608549
2.1 -0.0457684352223
2.12 -0.0451821710324
2.14 -0.0445720831698
2.16 -0.0439379088946
2.18 -0.0432794089839
2.2 -0.0425963687365
2.22 -0.0418885988473
2.24 -0.041155936154
2.26 -0.0403982442681
2.28 -0.0396154140816
2.3 -0.0388073641823
2.32 -0.0379740411499
2.34 -0.0371154197885
2.36 -0.0362315032485
2.38 -0.0353223230986
2.4 -0.0343879393209
2.42 -0.0334284402593
2.44 -0.0324439425166
2.46 -0.0314345908191
2.48 -0.0304005578521
2.5 -0.0293420440765
2.52 -0.0282592775369
2.54 -0.0271525136621
2.56 -0.0260220350772
2.58 -0.0248681514209
2.6 -0.0236911991872
2.62 -0.0224915415877
2.64 -0.021269568449
2.66 -0.0200256961416
2.68 -0.0187603675524
2.7 -0.0174740520984
2.72 -0.016167245794
2.74 -0.0148404713651
2.76 -0.0134942784092
2.78 -0.0121292436293
2.8 -0.0107459711
2.82 -0.00934509260304
2.84 -0.00792726801371
2.86 -0.00649318573215
2.88 -0.00504356317897
2.9 -0.00357914731986
2.92 -0.00210071523829
2.94 -0.000609074753477
2.96 0.000894934959906
2.98 0.00241044270175
3.0 0.00393654458934
3.02 0.00547230339314
3.04 0.00701674788604
3.06 0.00856887222188
3.08 0.0101276353598
3.1 0.0116919605473
3.12 0.0132607348863
3.14 0.0148328089989
3.16 0.0164069968196
3.18 0.0179820755317
3.2 0.0195567856839
3.22 0.0211298315062
3.24 0.0226998814447
3.26 0.0242655689798
3.28 0.0258254937046
3.3 0.027378222752
3.32 0.0289222925436
3.34 0.0304562109489
3.36 0.0319784598289
3.38 0.0334874980341
3.4 0.0349817648539
3.42 0.0364596839561
3.44 0.0379196678272
3.46 0.0393601227216
3.48 0.040779454137
3.5 0.0421760728142
3.52 0.043548401238
3.54 0.04489488065
3.56 0.0462139785325
3.58 0.0475041965099
3.6 0.0487640786744
3.62 0.0499922202134
3.64 0.0511872763171
3.66 0.0523479712732
3.68 0.0534731076395
3.7 0.054561575427
3.72 0.0556123611442
3.74 0.0566245566151
3.76 0.0575973674184
3.78 0.0585301208373
3.8 0.0594222731592
3.82 0.0602734162213
3.84 0.0610832830349
3.86 0.0618517523826
3.88 0.0625788522552
3.9 0.0632647620245
3.92 0.0639098132419
3.94 0.0645144889943
3.96 0.0650794217452
3.98 0.0656053896239
4.0 0.0660933111316
4.02 0.0665442382799
4.04 0.0669593481819
4.06 0.0673399331515
4.08 0.0676873893743
4.1 0.0680032042794
4.12 0.0682889426947
4.14 0.0685462319647
4.16 0.0687767461668
4.18 0.0689821896126
4.2 0.0691642798235
4.22 0.0693247301712
4.24 0.0694652323945
4.26 0.0695874392058
4.28 0.0696929471638
4.3 0.0697832800684
4.32 0.0698598730192
4.34 0.0699240573687
4.36 0.0699770467258
4.38 0.0700199241803
4.4 0.0700536308943
4.42 0.070078956197
4.44 0.0700965292913
4.46 0.070106812665
4.48 0.0701100972899
4.5 0.0701064996488
4.52 0.0700959606316
4.54 0.0700782463076
4.56 0.0700529505679
4.58 0.0700194995912
4.6 0.0699771581104
4.62 0.0699250373578
4.64 0.0698621046564
4.66 0.0697871944892
4.68 0.0696990209527
4.7 0.0695961914325
4.72 0.0694772213375
4.74 0.0693405497377
4.76 0.0691845556814
4.78 0.0690075750477
4.8 0.0688079176877
4.82 0.0685838846788
4.84 0.0683337854811
4.86 0.0680559547903
4.88 0.067748768901
4.9 0.0674106613874
4.92 0.0670401379281
4.94 0.0666357901304
4.96 0.0661963081845
4.98 0.0657204922607
5.0 0.0652072625241
5.02 0.0646556676992
5.04 0.0640648921321
5.06 0.0634342613215
5.08 0.0627632459081
5.1 0.0620514641405
5.12 0.0612986828709
5.14 0.0605048171055
5.16 0.0596699282392
5.18 0.0587942210123
5.2 0.0578780393329
5.22 0.0569218610783
5.24 0.0559262919716
5.26 0.0548920587066
5.28 0.0538200014125
5.3 0.0527110656179
5.32 0.0515662938252
5.34 0.0503868168302
5.36 0.0491738448948
5.38 0.047928658904
5.4 0.0466526015603
5.42 0.0453470687685
5.44 0.0440135012422
5.46 0.0426533764129
5.48 0.0412682007164
5.5 0.0398595022739
5.52 0.038428824032
5.54 0.0369777173735
5.56 0.0355077362065
5.58 0.0340204315759
5.6 0.0325173467535
5.62 0.0310000128329
5.64 0.0294699448148
5.66 0.0279286381501
5.68 0.0263775657353
5.7 0.0248181753404
5.72 0.0232518874234
5.74 0.0216800933308
5.76 0.0201041538351
5.78 0.0185253979781
5.8 0.0169451222256
5.82 0.0153645898415
5.84 0.0137850305269
5.86 0.0122076402239
5.88 0.0106335811264
5.9 0.00906398180631
5.92 0.00749993749577
5.94 0.00594251044128
5.96 0.00439273036746
5.98 0.00285159498202
6.0 0.00132007053775
6.02 -0.000200907581306
6.04 -0.00171043425206
6.06 -0.00320763401713
6.08 -0.00469166047804
6.1 -0.00616169572429
6.12 -0.00761694978531
6.14 -0.00905666011073
6.16 -0.0104800911085
6.18 -0.0118865337107
6.2 -0.013275305007
6.22 -0.0146457479229
6.24 -0.0159972309573
6.26 -0.0173291479826
6.28 -0.0186409180994
6.3 -0.0199319855449
6.32 -0.0212018196776
6.34 -0.0224499149979
6.36 -0.0236757912341
6.38 -0.0248789934815
6.4 -0.0260590923796
6.42 -0.0272156843481
6.44 -0.028348391842
6.46 -0.0294568636674
6.48 -0.0305407752914
6.5 -0.0315998292087
6.52 -0.0326337552968
6.54 -0.0336423111867
6.56 -0.0346252826425
6.58 -0.0355824839098
6.6 -0.0365137580727
6.62 -0.0374189773606
6.64 -0.038298043434
6.66 -0.0391508876189
6.68 -0.0399774710812
6.7 -0.0407777849482
6.72 -0.0415518503369
6.74 -0.04229971832
6.76 -0.0430214697682
6.78 -0.0437172151238
6.8 -0.0443870940261
6.82 -0.0450312748485
6.84 -0.0456499540802
6.86 -0.0462433555919
6.88 -0.0468117297563
6.9 -0.0473553524141
6.92 -0.0478745237064
6.94 -0.0483695667444
6.96 -0.048840826136
6.98 -0.0492886663545
7.0 -0.0497134699664
7.02 -0.0501156357143
7.04 -0.050495576455
7.06 -0.0508537169836
7.08 -0.0511904917186
7.1 -0.051506342298
7.12 -0.0518017150636
7.14 -0.0520770584805
7.16 -0.0523328204799
7.18 -0.0525694457685
7.2 -0.052787373102
7.22 -0.0529870325613
7.24 -0.0531688428402
7.26 -0.0533332085725
7.28 -0.0534805177179
7.3 -0.0536111390352
7.32 -0.0537254196561
7.34 -0.0538236827885
7.36 -0.0539062255682
7.38 -0.0539733170796
7.4 -0.0540251965614
7.42 -0.0540620718189
7.44 -0.0540841178585
7.46 -0.0540914757457
7.48 -0.0540842517188
7.5 -0.054062516549
7.52 -0.0540263051551
7.54 -0.0539756164874
7.56 -0.053910413671
7.58 -0.0538306244019
7.6 -0.05373614161
7.62 -0.0536268243614
7.64 -0.0535024989998
7.66 -0.0533629605158
7.68 -0.0532079741243
7.7 -0.0530372770425
7.72 -0.052850580434
7.74 -0.0526475715279
7.76 -0.0524279158585
7.78 -0.0521912596328
7.8 -0.0519372321894
7.82 -0.0516654485322
7.84 -0.0513755119109
7.86 -0.0510670164405
7.88 -0.0507395497185
7.9 -0.0503926954441
7.92 -0.050026035993
7.94 -0.0496391549607
7.96 -0.0492316396226
7.98 -0.0488030833358
8.0 -0.0483530878272
8.02 -0.0478812653954
8.04 -0.0473872409851
8.06 -0.0468706541442
8.08 -0.0463311608549
8.1 -0.0457684352226
8.12 -0.0451821710317
8.14 -0.0445720831701
8.16 -0.0439379088946
8.18 -0.0432794089839
8.2 -0.0425963687366
8.22 -0.0418885988473
8.24 -0.0411559361537
8.26 -0.0403982442686
8.28 -0.0396154140817
8.3 -0.0388073641821
8.32 -0.0379740411499
8.34 -0.0371154197886
8.36 -0.0362315032482
8.38 -0.0353223230988
8.4 -0.0343879393207
8.42 -0.0334284402595
8.44 -0.0324439425168
8.46 -0.0314345908188
8.48 -0.0304005578524
8.5 -0.0293420440759
8.52 -0.0282592775373
8.54 -0.027152513662
8.56 -0.026022035077
8.58 -0.0248681514213
8.6 -0.023691199187
8.62 -0.0224915415877
8.64 -0.021269568449
8.66 -0.0200256961416
8.68 -0.0187603675524
8.7 -0.0174740520984
8.72 -0.0161672457942
8.74 -0.0148404713648
8.76 -0.0134942784093
8.78 -0.0121292436293
8.8 -0.0107459711
8.82 -0.00934509260304
8.84 -0.00792726801371
8.86 -0.00649318573171
8.88 -0.00504356317986
8.9 -0.00357914731911
8.92 -0.00210071523948
8.94 -0.000609074751841
8.96 0.000894934959086
8.98 0.0024104427017
9.0 0.00393654458978
9.02 0.00547230339262
9.04 0.00701674788601
9.06 0.00856887222235
9.08 0.0101276353595
9.1 0.0116919605474
9.12 0.0132607348865
9.14 0.0148328089984
9.16 0.01640699682
9.18 0.0179820755315
9.2 0.0195567856838
9.22 0.0211298315071
9.24 0.0226998814436
9.26 0.0242655689803
9.28 0.0258254937048
9.3 0.0273782227517
9.32 0.0289222925434
9.34 0.0304562109493
9.36 0.0319784598288
9.38 0.0334874980344
9.4 0.0349817648536
9.42 0.0364596839563
9.44 0.0379196678272
9.46 0.0393601227216
9.48 0.0407794541372
9.5 0.0421760728142
9.52 0.0435484012376
9.54 0.0448948806506
9.56 0.0462139785315
9.58 0.0475041965105
9.6 0.0487640786739
9.62 0.0499922202143
9.64 0.0511872763167
9.66 0.0523479712732
9.68 0.0534731076394
9.7 0.0545615754271
9.72 0.0556123611442
9.74 0.0566245566149
9.76 0.0575973674186
9.78 0.0585301208369
9.8 0.0594222731601
9.82 0.0602734162207
9.84 0.0610832830355
9.86 0.0618517523816
9.88 0.0625788522557
9.9 0.0632647620245
9.92 0.0639098132419
9.94 0.0645144889943
9.96 0.0650794217451
9.98 0.0656053896241
10.0 0.0660933111315
10.02 0.0665442382799
10.04 0.0669593481818
10.06 0.0673399331521
10.08 0.0676873893734
10.1 0.0680032042801
10.12 0.0682889426941
10.14 0.0685462319651
10.16 0.0687767461668
10.18 0.0689821896128
10.2 0.0691642798234
10.22 0.0693247301711
10.24 0.0694652323947
10.26 0.0695874392056
10.28 0.0696929471639
10.3 0.0697832800684
10.32 0.0698598730192
10.34 0.0699240573687
10.36 0.0699770467263
10.38 0.0700199241792
10.4 0.0700536308949
10.42 0.0700789561969
10.44 0.0700965292913
10.46 0.070106812665
10.48 0.0701100972899
10.5 0.0701064996488
10.52 0.0700959606316
10.54 0.0700782463076
10.56 0.0700529505679
10.58 0.0700194995912
10.6 0.0699771581104
10.62 0.0699250373578
10.64 0.0698621046563
10.66 0.0697871944893
10.68 0.0696990209526
10.7 0.0695961914326
10.72 0.0694772213373
10.74 0.0693405497379
10.76 0.0691845556814
10.78 0.0690075750476
10.8 0.0688079176878
10.82 0.0685838846787
10.84 0.0683337854813
10.86 0.0680559547903
10.88 0.0677487689009
10.9 0.0674106613875
10.92 0.0670401379285
10.94 0.0666357901295
10.96 0.0661963081849
10.98 0.0657204922606
11.0 0.0652072625243
11.02 0.0646556676992
11.04 0.064064892132
11.06 0.0634342613216
11.08 0.0627632459081
11.1 0.0620514641405
11.12 0.0612986828709
11.14 0.0605048171055
11.16 0.0596699282392
11.18 0.0587942210122
11.2 0.057878039333
11.22 0.0569218610783
11.24 0.0559262919712
11.26 0.0548920587073
11.28 0.0538200014121
11.3 0.0527110656179
11.32 0.0515662938257
11.34 0.0503868168287
11.36 0.0491738448966
11.38 0.0479286589032
11.4 0.0466526015605
11.42 0.045347068768
11.44 0.0440135012424
11.46 0.0426533764131
11.48 0.0412682007169
11.5 0.0398595022733
11.52 0.0384288240321
11.54 0.0369777173734
11.56 0.0355077362065
11.58 0.0340204315763
11.6 0.0325173467526
11.62 0.0310000128334
11.64 0.0294699448142
11.66 0.027928638151
11.68 0.0263775657344
11.7 0.0248181753413
11.72 0.0232518874228
11.74 0.021680093331
11.76 0.0201041538349
11.78 0.0185253979783
11.8 0.0169451222257
11.82 0.0153645898411
11.84 0.0137850305271
11.86 0.0122076402234
11.88 0.0106335811271
11.9 0.00906398180631
11.92 0.00749993749598
11.94 0.0059425104414
11.96 0.0043927303667
11.98 0.00285159498234
12.0 0.00132007053707
12.02 -0.000200907579735
12.04 -0.00171043425325
12.06 -0.00320763401682
12.08 -0.00469166047835
12.1 -0.00616169572411
12.12 -0.00761694978504
12.14 -0.00905666011056
12.16 -0.0104800911085
12.18 -0.0118865337113
12.2 -0.0132753050067
12.22 -0.0146457479227
12.24 -0.0159972309573
12.26 -0.0173291479835
12.28 -0.0186409180982
12.3 -0.0199319855453
12.32 -0.0212018196779
12.34 -0.0224499149971
12.36 -0.0236757912351
12.38 -0.0248789934809
12.4 -0.0260590923801
12.42 -0.0272156843472
12.44 -0.0283483918433
12.46 -0.0294568636665
12.48 -0.0305407752918
12.5 -0.0315998292086
12.52 -0.0326337552968
12.54 -0.033642311187
12.56 -0.0346252826417
12.58 -0.0355824839106
12.6 -0.0365137580725
12.62 -0.0374189773606
12.64 -0.038298043434
12.66 -0.0391508876186
12.68 -0.0399774710815
12.7 -0.0407777849481
12.72 -0.0415518503372
12.74 -0.0422997183197
12.76 -0.0430214697684
12.78 -0.0437172151233
12.8 -0.0443870940268
12.82 -0.0450312748482
12.84 -0.0456499540802
12.86 -0.0462433555921
12.88 -0.0468117297561
12.9 -0.0473553524142
12.92 -0.0478745237062
12.94 -0.0483695667447
12.96 -0.048840826136
12.98 -0.0492886663544
13.0 -0.0497134699666
13.02 -0.0501156357138
13.04 -0.0504955764552
13.06 -0.0508537169836
13.08 -0.0511904917188
13.1 -0.0515063422976
13.12 -0.0518017150638
13.14 -0.0520770584805
13.16 -0.0523328204799
13.18 -0.0525694457685
13.2 -0.052787373102
13.22 -0.0529870325613
13.24 -0.0531688428402
13.26 -0.0533332085725
13.28 -0.0534805177179
13.3 -0.0536111390353
13.32 -0.0537254196559
13.34 -0.0538236827886
13.36 -0.0539062255682
13.38 -0.0539733170796
13.4 -0.0540251965614
13.42 -0.0540620718189
13.44 -0.0540841178585
13.46 -0.0540914757457
13.48 -0.0540842517188
13.5 -0.054062516549
13.52 -0.0540263051551
13.54 -0.0539756164874
13.56 -0.053910413671
13.58 -0.0538306244019
13.6 -0.0537361416099
13.62 -0.0536268243616
13.64 -0.0535024989997
13.66 -0.0533629605155
13.68 -0.0532079741247
13.7 -0.0530372770423
13.72 -0.052850580434
13.74 -0.0526475715278
13.76 -0.0524279158587
13.78 -0.0521912596327
13.8 -0.0519372321893
13.82 -0.0516654485324
13.84 -0.0513755119107
13.86 -0.0510670164405
13.88 -0.0507395497185
13.9 -0.0503926954441
13.92 -0.050026035993
13.94 -0.0496391549607
13.96 -0.0492316396225
13.98 -0.0488030833359
14.0 -0.0483530878273
14.02 -0.0478812653953
14.04 -0.0473872409851
14.06 -0.0468706541442
14.08 -0.0463311608549
14.1 -0.0457684352223
14.12 -0.0451821710325
14.14 -0.0445720831695
14.16 -0.0439379088947
14.18 -0.0432794089839
14.2 -0.0425963687368
14.22 -0.0418885988468
14.24 -0.0411559361539
14.26 -0.0403982442688
14.28 -0.0396154140815
14.3 -0.0388073641815
14.32 -0.0379740411505
14.34 -0.037115419789
14.36 -0.036231503248
14.38 -0.0353223230985
14.4 -0.0343879393211
14.42 -0.0334284402595
14.44 -0.0324439425164
14.46 -0.031434590819
14.48 -0.0304005578522
14.5 -0.0293420440764
14.52 -0.0282592775366
14.54 -0.0271525136629
14.56 -0.0260220350766
14.58 -0.0248681514212
14.6 -0.0236911991868
14.62 -0.022491541588
14.64 -0.0212695684495
14.66 -0.0200256961409
14.68 -0.0187603675522
14.7 -0.0174740520993
14.72 -0.0161672457937
14.74 -0.0148404713645
14.76 -0.0134942784099
14.78 -0.012129243629
14.8 -0.0107459711
14.82 -0.00934509260273
14.84 -0.00792726801388
14.86 -0.00649318573273
14.88 -0.00504356317853
14.9 -0.00357914731986
14.92 -0.00210071523829
14.94 -0.000609074753292
14.96 0.000894934960409
14.98 0.00241044270018
15.0 0.00393654459022
15.02 0.00547230339358
15.04 0.00701674788548
15.06 0.008568872222
15.08 0.0101276353592
15.1 0.0116919605484
15.12 0.0132607348858
15.14 0.014832808999
15.16 0.0164069968202
15.18 0.0179820755305
15.2 0.0195567856846
15.22 0.0211298315061
15.24 0.0226998814452
15.26 0.0242655689786
15.28 0.0258254937061
15.3 0.0273782227512
15.32 0.0289222925439
15.34 0.0304562109483
15.36 0.031978459829
15.38 0.0334874980348
15.4 0.0349817648538
15.42 0.0364596839562
15.44 0.0379196678265
15.46 0.039360122722
15.48 0.0407794541372
15.5 0.0421760728145
15.52 0.0435484012371
15.54 0.0448948806509
15.56 0.0462139785314
15.58 0.0475041965099
15.6 0.0487640786749
15.62 0.0499922202139
15.64 0.0511872763167
15.66 0.0523479712732
15.68 0.0534731076396
15.7 0.0545615754267
15.72 0.0556123611445
15.74 0.0566245566148
15.76 0.057597367419
15.78 0.0585301208366
15.8 0.0594222731589
15.82 0.0602734162222
15.84 0.061083283035
15.86 0.0618517523816
15.88 0.0625788522557
15.9 0.0632647620251
15.92 0.0639098132407
15.94 0.0645144889949
15.96 0.0650794217451
15.98 0.0656053896241
16.0 0.0660933111315
16.02 0.0665442382799
16.04 0.0669593481819
16.06 0.067339933152
16.08 0.0676873893738
16.1 0.0680032042789
16.12 0.0682889426953
16.14 0.0685462319648
16.16 0.0687767461667
16.18 0.0689821896127
16.2 0.0691642798236
16.22 0.0693247301711
16.24 0.0694652323944
16.26 0.0695874392058
16.28 0.0696929471638
16.3 0.0697832800684
16.32 0.0698598730192
16.34 0.0699240573686
16.36 0.0699770467259
16.38 0.0700199241802
16.4 0.0700536308944
16.42 0.0700789561969
16.44 0.0700965292913
16.46 0.070106812665
16.48 0.0701100972899
16.5 0.0701064996488
16.52 0.0700959606316
16.54 0.0700782463076
16.56 0.0700529505679
16.58 0.0700194995912
16.6 0.0699771581103
16.62 0.0699250373579
16.64 0.0698621046563
16.66 0.0697871944892
16.68 0.0696990209527
16.7 0.0695961914324
16.72 0.0694772213376
16.74 0.0693405497378
16.76 0.0691845556812
16.78 0.0690075750478
16.8 0.0688079176877
16.82 0.0685838846788
16.84 0.0683337854811
16.86 0.0680559547903
16.88 0.067748768901
16.9 0.0674106613874
16.92 0.0670401379281
16.94 0.0666357901304
16.96 0.0661963081845
16.98 0.0657204922607
17.0 0.0652072625247
17.02 0.0646556676981
17.04 0.0640648921327
17.06 0.0634342613213
17.08 0.0627632459078
17.1 0.0620514641413
17.12 0.0612986828704
17.14 0.060504817105
17.16 0.0596699282402
17.18 0.0587942210114
17.2 0.0578780393339
17.22 0.0569218610777
17.24 0.0559262919716
17.26 0.0548920587062
17.28 0.0538200014134
17.3 0.0527110656175
17.32 0.0515662938253
17.34 0.0503868168299
17.36 0.0491738448953
17.38 0.0479286589037
17.4 0.0466526015599
17.42 0.0453470687693
17.44 0.0440135012417
17.46 0.0426533764129
17.48 0.0412682007161
17.5 0.0398595022746
17.52 0.0384288240319
17.54 0.0369777173727
17.56 0.0355077362074
17.58 0.0340204315756
17.6 0.032517346753
17.62 0.031000012833
17.64 0.0294699448164
17.66 0.0279286381484
17.68 0.0263775657357
17.7 0.02481817534
17.72 0.0232518874243
17.74 0.0216800933304
17.76 0.0201041538345
17.78 0.0185253979795
17.8 0.0169451222243
17.82 0.0153645898415
17.84 0.013785030527
17.86 0.0122076402254
17.88 0.010633581125
17.9 0.00906398180664
17.92 0.00749993749533
17.94 0.00594251044261
17.96 0.00439273036625
17.98 0.0028515949819
18.0 0.00132007053839
18.02 -0.000200907581499
18.04 -0.00171043425237
18.06 -0.003207634017
18.08 -0.00469166047692
18.1 -0.00616169572552
18.12 -0.007616949785
18.14 -0.00905666011029
18.16 -0.0104800911089
18.18 -0.0118865337112
18.2 -0.0132753050069
18.22 -0.0146457479217
18.24 -0.0159972309587
18.26 -0.0173291479823
18.28 -0.0186409180994
18.3 -0.0199319855437
18.32 -0.0212018196787
18.34 -0.0224499149976
18.36 -0.0236757912339
18.38 -0.024878993482
18.4 -0.0260590923797
18.42 -0.0272156843477
18.44 -0.0283483918422
18.46 -0.0294568636675
18.48 -0.0305407752917
18.5 -0.0315998292086
18.52 -0.0326337552954
18.54 -0.0336423111885
18.56 -0.0346252826418
18.58 -0.0355824839095
18.6 -0.0365137580733
18.62 -0.0374189773603
18.64 -0.0382980434343
18.66 -0.0391508876183
18.68 -0.0399774710817
18.7 -0.0407777849477
18.72 -0.0415518503379
18.74 -0.0422997183184
18.76 -0.0430214697692
18.78 -0.0437172151239
18.8 -0.0443870940258
18.82 -0.0450312748488
18.84 -0.0456499540801
18.86 -0.0462433555921
18.88 -0.046811729756
18.9 -0.0473553524143
18.92 -0.0478745237062
18.94 -0.0483695667446
18.96 -0.0488408261357
18.98 -0.0492886663547
19.0 -0.0497134699666
19.02 -0.0501156357138
19.04 -0.0504955764552
19.06 -0.0508537169836
19.08 -0.0511904917188
19.1 -0.0515063422976
19.12 -0.0518017150638
19.14 -0.0520770584805
19.16 -0.05233282048
19.18 -0.0525694457682
19.2 -0.0527873731021
19.22 -0.0529870325613
19.24 -0.0531688428402
19.26 -0.0533332085727
19.28 -0.0534805177175
19.3 -0.0536111390355
19.32 -0.0537254196559
19.34 -0.0538236827886
19.36 -0.0539062255682
19.38 -0.0539733170796
19.4 -0.0540251965614
19.42 -0.0540620718189
19.44 -0.0540841178585
19.46 -0.0540914757457
19.48 -0.0540842517188
19.5 -0.054062516549
19.52 -0.0540263051551
19.54 -0.0539756164874
19.56 -0.053910413671
19.58 -0.0538306244019
19.6 -0.05373614161
19.62 -0.0536268243615
19.64 -0.0535024989996
19.66 -0.0533629605157
19.68 -0.0532079741247
19.7 -0.0530372770423
19.72 -0.052850580434
19.74 -0.0526475715278
19.76 -0.0524279158585
19.78 -0.052191259633
19.8 -0.0519372321893
19.82 -0.0516654485325
19.84 -0.0513755119105
19.86 -0.0510670164403
19.88 -0.0507395497187
19.9 -0.0503926954441
19.92 -0.050026035993
19.94 -0.0496391549607
19.96 -0.0492316396225
19.98 -0.048803083336
20.0 -0.0483530878267
20.02 -0.0478812653959
20.04 -0.0473872409852
20.06 -0.0468706541437
20.08 -0.0463311608549
20.1 -0.0457684352224
20.12 -0.0451821710325
20.14 -0.0445720831695
20.16 -0.0439379088946
20.18 -0.0432794089839
20.2 -0.042596368737
20.22 -0.0418885988466
20.24 -0.0411559361544
20.26 -0.0403982442684
20.28 -0.0396154140815
20.3 -0.0388073641818
20.32 -0.03797404115
20.34 -0.037115419789
20.36 -0.0362315032487
20.38 -0.0353223230974
20.4 -0.0343879393218
20.42 -0.0334284402588
20.44 -0.0324439425174
20.46 -0.0314345908181
20.48 -0.0304005578526
20.5 -0.0293420440769
20.52 -0.0282592775358
20.54 -0.0271525136624
20.56 -0.0260220350773
20.58 -0.0248681514217
20.6 -0.0236911991868
20.62 -0.0224915415866
20.64 -0.0212695684511
20.66 -0.0200256961399
20.68 -0.0187603675532
20.7 -0.0174740520983
20.72 -0.0161672457943
20.74 -0.0148404713642
20.76 -0.01349427841
20.78 -0.0121292436291
20.8 -0.0107459711002
20.82 -0.00934509260213
20.84 -0.00792726801462
20.86 -0.0064931857314
20.88 -0.00504356318016
20.9 -0.00357914731818
20.92 -0.00210071523953
20.94 -0.000609074753605
20.96 0.000894934960914
20.98 0.0024104427015
21.0 0.00393654458794
21.02 0.00547230339499
21.04 0.00701674788484
21.06 0.00856887222309
21.08 0.0101276353574
21.1 0.0116919605502
21.12 0.0132607348848
21.14 0.0148328089989
21.16 0.01640699682
21.18 0.0179820755314
21.2 0.0195567856844
21.22 0.0211298315057
21.24 0.0226998814445
21.26 0.0242655689811
21.28 0.0258254937036
21.3 0.027378222752
21.32 0.0289222925434
21.34 0.0304562109496
21.36 0.0319784598277
21.38 0.0334874980353
21.4 0.0349817648537
21.42 0.0364596839564
21.44 0.0379196678257
21.46 0.0393601227234
21.48 0.0407794541366
21.5 0.0421760728148
21.52 0.0435484012358
21.54 0.0448948806526
21.56 0.0462139785301
21.58 0.0475041965106
21.6 0.0487640786747
21.62 0.0499922202138
21.64 0.0511872763173
21.66 0.0523479712722
21.68 0.0534731076396
21.7 0.054561575428
21.72 0.0556123611427
21.74 0.0566245566164
21.76 0.057597367418
21.78 0.0585301208379
21.8 0.0594222731578
21.82 0.0602734162225
21.84 0.061083283035
21.86 0.061851752382
21.88 0.0625788522544
21.9 0.0632647620263
21.92 0.0639098132403
21.94 0.0645144889948
21.96 0.0650794217453
21.98 0.0656053896243
22.0 0.0660933111307
22.02 0.0665442382803
22.04 0.0669593481819
22.06 0.067339933152
22.08 0.0676873893738
22.1 0.0680032042789
22.12 0.0682889426953
22.14 0.0685462319647
22.16 0.0687767461664
22.18 0.0689821896139
22.2 0.0691642798223
22.22 0.0693247301716
22.24 0.0694652323944
22.26 0.0695874392058
22.28 0.0696929471638
22.3 0.0697832800684
22.32 0.0698598730194
22.34 0.0699240573684
22.36 0.0699770467259
22.38 0.0700199241803
22.4 0.0700536308944
22.42 0.0700789561969
22.44 0.0700965292913
22.46 0.070106812665
22.48 0.0701100972899
22.5 0.0701064996488
22.52 0.0700959606316
22.54 0.0700782463076
22.56 0.0700529505679
22.58 0.0700194995911
22.6 0.0699771581105
22.62 0.0699250373578
22.64 0.0698621046563
22.66 0.0697871944892
22.68 0.0696990209527
22.7 0.0695961914324
22.72 0.0694772213375
22.74 0.0693405497379
22.76 0.0691845556812
22.78 0.0690075750477
22.8 0.0688079176879
22.82 0.0685838846787
22.84 0.0683337854813
22.86 0.06805595479
22.88 0.0677487689012
22.9 0.0674106613873
22.92 0.0670401379281
22.94 0.0666357901304
22.96 0.0661963081845
22.98 0.0657204922607
23.0 0.0652072625247
23.02 0.0646556676978
23.04 0.0640648921332
23.06 0.0634342613213
23.08 0.0627632459076
23.1 0.062051464141
23.12 0.0612986828713
23.14 0.0605048171045
23.16 0.0596699282402
23.18 0.0587942210114
23.2 0.0578780393343
23.22 0.0569218610768
23.24 0.0559262919721
23.26 0.0548920587062
23.28 0.0538200014134
23.3 0.0527110656171
23.32 0.0515662938262
23.34 0.0503868168296
23.36 0.049173844895
23.38 0.0479286589038
23.4 0.04665260156
23.42 0.0453470687689
23.44 0.0440135012424
23.46 0.0426533764117
23.48 0.0412682007183
23.5 0.0398595022721
23.52 0.0384288240339
23.54 0.0369777173716
23.56 0.0355077362079
23.58 0.0340204315753
23.6 0.0325173467531
23.62 0.0310000128332
23.64 0.0294699448156
23.66 0.0279286381485
23.68 0.0263775657364
23.7 0.0248181753396
23.72 0.0232518874243
23.74 0.0216800933301
23.76 0.0201041538352
23.78 0.0185253979792
23.8 0.0169451222243
23.82 0.0153645898417
23.84 0.0137850305266
23.86 0.0122076402247
23.88 0.0106335811268
23.9 0.0090639818051
23.92 0.0074999374974
23.94 0.00594251043966
23.96 0.00439273036854
23.98 0.00285159498178
24.0 0.00132007053724
24.02 -0.000200907581113
24.04 -0.00171043425225
24.06 -0.00320763401638
24.08 -0.00469166047817
24.1 -0.00616169572566
24.12 -0.00761694978351
24.14 -0.00905666011165
24.16 -0.0104800911082
24.18 -0.0118865337115
24.2 -0.0132753050061
24.22 -0.0146457479223
24.24 -0.0159972309587
24.26 -0.0173291479828
24.28 -0.0186409180985
24.3 -0.0199319855447
24.32 -0.0212018196777
24.34 -0.0224499149981
24.36 -0.0236757912339
24.38 -0.0248789934822
24.4 -0.0260590923793
24.42 -0.0272156843474
24.44 -0.0283483918431
24.46 -0.0294568636671
24.48 -0.0305407752913
24.5 -0.0315998292083
24.52 -0.0326337552966
24.54 -0.0336423111879
24.56 -0.0346252826414
24.58 -0.0355824839105
24.6 -0.0365137580719
24.62 -0.0374189773613
24.64 -0.0382980434337
24.66 -0.0391508876186
24.68 -0.0399774710817
24.7 -0.0407777849473
24.72 -0.041551850338
24.74 -0.0422997183198
24.76 -0.0430214697678
24.78 -0.0437172151242
24.8 -0.0443870940258
24.82 -0.0450312748492
24.84 -0.0456499540792
24.86 -0.0462433555924
24.88 -0.0468117297563
24.9 -0.0473553524142
24.92 -0.0478745237062
24.94 -0.0483695667444
24.96 -0.0488408261362
24.98 -0.0492886663546
25.0 -0.0497134699664
25.02 -0.050115635714
25.04 -0.0504955764552
25.06 -0.0508537169836
25.08 -0.0511904917188
25.1 -0.0515063422976
25.12 -0.0518017150639
25.14 -0.0520770584803
25.16 -0.0523328204798
25.18 -0.052569445769
25.2 -0.0527873731016
25.22 -0.0529870325614
25.24 -0.0531688428402
25.26 -0.0533332085727
25.28 -0.0534805177175
25.3 -0.0536111390354
25.32 -0.0537254196561
25.34 -0.0538236827885
25.36 -0.0539062255682
25.38 -0.0539733170796
25.4 -0.0540251965614
25.42 -0.0540620718189
25.44 -0.0540841178585
25.46 -0.0540914757457
25.48 -0.0540842517188
25.5 -0.054062516549
25.52 -0.0540263051551
25.54 -0.0539756164874
25.56 -0.053910413671
25.58 -0.0538306244019
25.6 -0.05373614161
25.62 -0.0536268243614
25.64 -0.0535024989998
25.66 -0.0533629605156
25.68 -0.0532079741247
25.7 -0.053037277042
25.72 -0.0528505804344
25.74 -0.0526475715277
25.76 -0.0524279158583
25.78 -0.0521912596332
25.8 -0.0519372321891
25.82 -0.0516654485324
25.84 -0.051375511911
25.86 -0.0510670164401
25.88 -0.0507395497187
25.9 -0.0503926954437
25.92 -0.0500260359939
25.94 -0.0496391549603
25.96 -0.0492316396225
25.98 -0.048803083336
26.0 -0.0483530878267
26.02 -0.0478812653963
26.04 -0.0473872409838
26.06 -0.0468706541453
26.08 -0.0463311608548
26.1 -0.0457684352216
26.12 -0.0451821710329
26.14 -0.0445720831693
26.16 -0.0439379088949
26.18 -0.043279408984
26.2 -0.042596368736
26.22 -0.0418885988482
26.24 -0.0411559361538
26.26 -0.0403982442671
26.28 -0.0396154140831
26.3 -0.0388073641814
26.32 -0.03797404115
26.34 -0.0371154197887
26.36 -0.0362315032485
26.38 -0.0353223230993
26.4 -0.03438793932
26.42 -0.0334284402593
26.44 -0.0324439425169
26.46 -0.0314345908192
26.48 -0.0304005578513
26.5 -0.0293420440776
26.52 -0.0282592775364
26.54 -0.0271525136614
26.56 -0.0260220350782
26.58 -0.02486815142
26.6 -0.0236911991881
26.62 -0.0224915415876
26.64 -0.021269568448
26.66 -0.0200256961436
26.68 -0.0187603675512
26.7 -0.0174740520971
26.72 -0.0161672457964
26.74 -0.0148404713635
26.76 -0.01349427841
26.78 -0.0121292436284
26.8 -0.0107459711003
26.82 -0.00934509260482
26.84 -0.00792726801178
26.86 -0.00649318573215
26.88 -0.00504356317955
26.9 -0.00357914731973
26.92 -0.00210071523811
26.94 -0.000609074754162
26.96 0.000894934960221
26.98 0.0024104427029
27.0 0.00393654458762
27.02 0.00547230339499
27.04 0.0070167478844
27.06 0.00856887222179
27.08 0.0101276353614
27.1 0.0116919605453
27.12 0.0132607348874
27.14 0.0148328090001
27.16 0.0164069968177
27.18 0.0179820755323
27.2 0.0195567856849
27.22 0.0211298315039
27.24 0.0226998814478
27.26 0.0242655689775
27.28 0.0258254937056
27.3 0.0273782227516
27.32 0.0289222925439
27.34 0.0304562109484
27.36 0.0319784598299
27.38 0.0334874980329
27.4 0.0349817648542
27.42 0.0364596839572
27.44 0.0379196678261
27.46 0.0393601227229
27.48 0.0407794541359
27.5 0.0421760728146
27.52 0.0435484012382
27.54 0.0448948806488
27.56 0.0462139785326
27.58 0.0475041965111
27.6 0.048764078674
27.62 0.0499922202133
27.64 0.0511872763177
27.66 0.0523479712718
27.68 0.0534731076408
27.7 0.0545615754265
27.72 0.0556123611444
27.74 0.0566245566148
27.76 0.0575973674189
27.78 0.0585301208366
27.8 0.05942227316
27.82 0.0602734162205
27.84 0.0610832830352
27.86 0.0618517523831
27.88 0.0625788522543
27.9 0.0632647620259
27.92 0.0639098132405
27.94 0.0645144889941
27.96 0.0650794217462
27.98 0.065605389623
28.0 0.066093311132
28.02 0.0665442382799
28.04 0.0669593481819
28.06 0.0673399331519
28.08 0.0676873893739
28.1 0.0680032042787
28.12 0.0682889426954
28.14 0.0685462319645
28.16 0.0687767461669
28.18 0.0689821896131
28.2 0.0691642798231
28.22 0.0693247301707
28.24 0.0694652323951
28.26 0.0695874392055
28.28 0.0696929471639
28.3 0.0697832800687
28.32 0.0698598730191
28.34 0.0699240573687
28.36 0.0699770467263
28.38 0.0700199241792
28.4 0.0700536308949
28.42 0.0700789561969
28.44 0.0700965292913
28.46 0.070106812665
28.48 0.0701100972899
28.5 0.0701064996488
28.52 0.0700959606316
28.54 0.0700782463075
28.56 0.070052950568
28.58 0.0700194995911
28.6 0.0699771581105
28.62 0.0699250373576
28.64 0.0698621046563
28.66 0.0697871944894
28.68 0.0696990209522
28.7 0.0695961914332
28.72 0.0694772213372
28.74 0.0693405497378
28.76 0.0691845556812
28.78 0.0690075750478
28.8 0.0688079176873
28.82 0.06858388468
28.84 0.0683337854799
28.86 0.0680559547907
28.88 0.0677487689014
28.9 0.0674106613862
28.92 0.0670401379293
28.94 0.06663579013
28.96 0.0661963081845
28.98 0.0657204922607
29.0 0.0652072625247
29.02 0.0646556676981
29.04 0.0640648921327
29.06 0.0634342613214
29.08 0.0627632459076
29.1 0.0620514641417
29.12 0.0612986828703
29.14 0.060504817105
29.16 0.0596699282402
29.18 0.0587942210114
29.2 0.0578780393339
29.22 0.0569218610777
29.24 0.0559262919713
29.26 0.0548920587072
29.28 0.0538200014118
29.3 0.0527110656188
29.32 0.0515662938252
29.34 0.0503868168283
29.36 0.0491738448974
29.38 0.0479286589036
29.4 0.0466526015584
29.42 0.04534706877
29.44 0.0440135012418
29.46 0.0426533764129
29.48 0.0412682007162
29.5 0.0398595022737
29.52 0.0384288240327
29.54 0.036977717374
29.56 0.0355077362058
29.58 0.0340204315759
29.6 0.0325173467535
29.62 0.0310000128322
29.64 0.0294699448159
29.66 0.0279286381501
29.68 0.0263775657341
29.7 0.0248181753426
29.72 0.0232518874208
29.74 0.0216800933329
29.76 0.0201041538346
29.78 0.0185253979771
29.8 0.0169451222265
29.82 0.0153645898424
29.84 0.0137850305244
29.86 0.012207640226
29.88 0.010633581125
29.9 0.00906398180763
29.92 0.00749993749477
29.94 0.00594251044172
29.96 0.00439273036714
29.98 0.00285159498331
30.0 0.00132007053648
30.02 -0.000200907580989
30.04 -0.00171043425174
30.06 -0.00320763401838
30.08 -0.00469166047679
30.1 -0.00616169572411
30.12 -0.00761694978658
30.14 -0.00905666010889
30.16 -0.0104800911103
30.18 -0.01188653371
30.2 -0.0132753050067
30.22 -0.0146457479233
30.24 -0.015997230957
30.26 -0.0173291479822
30.28 -0.0186409181008
30.3 -0.0199319855436
30.32 -0.0212018196784
30.34 -0.0224499149976
30.36 -0.0236757912344
30.38 -0.0248789934813
30.4 -0.0260590923799
30.42 -0.0272156843466
30.44 -0.0283483918436
30.46 -0.0294568636671
30.48 -0.0305407752908
30.5 -0.0315998292099
30.52 -0.0326337552955
30.54 -0.0336423111867
30.56 -0.0346252826431
30.58 -0.0355824839101
30.6 -0.0365137580722
30.62 -0.0374189773607
30.64 -0.0382980434343
30.66 -0.0391508876188
30.68 -0.039977471081
30.7 -0.0407777849474
30.72 -0.0415518503381
30.74 -0.0422997183195
30.76 -0.0430214697679
30.78 -0.0437172151247
30.8 -0.0443870940255
30.82 -0.0450312748497
30.84 -0.0456499540784
30.86 -0.0462433555924
30.88 -0.0468117297573
30.9 -0.0473553524128
30.92 -0.047874523707
30.94 -0.0483695667445
30.96 -0.0488408261363
30.98 -0.0492886663534
31.0 -0.0497134699672
31.02 -0.0501156357144
31.04 -0.0504955764548
31.06 -0.0508537169836
31.08 -0.0511904917191
31.1 -0.0515063422973
31.12 -0.0518017150639
31.14 -0.0520770584801
31.16 -0.0523328204803
31.18 -0.0525694457686
31.2 -0.0527873731017
31.22 -0.0529870325617
31.24 -0.0531688428399
31.26 -0.0533332085731
31.28 -0.053480517717
31.3 -0.0536111390356
31.32 -0.0537254196561
31.34 -0.0538236827885
31.36 -0.0539062255682
31.38 -0.0539733170796
31.4 -0.0540251965614
31.42 -0.0540620718189
31.44 -0.0540841178585
31.46 -0.0540914757457
31.48 -0.0540842517188
31.5 -0.054062516549
31.52 -0.0540263051551
31.54 -0.0539756164874
31.56 -0.0539104136708
31.58 -0.0538306244023
31.6 -0.0537361416098
31.62 -0.0536268243614
31.64 -0.0535024989998
31.66 -0.0533629605153
31.68 -0.0532079741251
31.7 -0.0530372770415
31.72 -0.0528505804351
31.74 -0.0526475715274
31.76 -0.0524279158577
31.78 -0.052191259634
31.8 -0.0519372321889
31.82 -0.0516654485322
31.84 -0.051375511911
31.86 -0.0510670164406
31.88 -0.050739549718
31.9 -0.0503926954444
31.92 -0.050026035993
31.94 -0.0496391549607
31.96 -0.0492316396225
31.98 -0.0488030833355
32.0 -0.0483530878282
32.02 -0.047881265395
32.04 -0.0473872409843
32.06 -0.046870654145
32.08 -0.046331160855
32.1 -0.0457684352212
32.12 -0.0451821710336
32.14 -0.0445720831686
32.16 -0.0439379088954
32.18 -0.0432794089843
32.2 -0.0425963687353
32.22 -0.0418885988484
32.24 -0.0411559361533
32.26 -0.040398244268
32.28 -0.0396154140824
32.3 -0.0388073641822
32.32 -0.0379740411494
32.34 -0.0371154197887
32.36 -0.0362315032485
32.38 -0.0353223230983
32.4 -0.0343879393211
32.42 -0.0334284402594
32.44 -0.0324439425177
32.46 -0.031434590818
32.48 -0.0304005578519
32.5 -0.0293420440765
32.52 -0.0282592775376
32.54 -0.0271525136607
32.56 -0.026022035079
32.58 -0.0248681514189
32.6 -0.0236911991889
32.62 -0.0224915415879
32.64 -0.021269568447
32.66 -0.0200256961438
32.68 -0.0187603675515
32.7 -0.0174740520977
32.72 -0.0161672457962
32.74 -0.014840471363
32.76 -0.0134942784096
32.78 -0.0121292436294
32.8 -0.0107459710996
32.82 -0.00934509260362
32.84 -0.00792726801327
32.86 -0.00649318573201
32.88 -0.00504356318078
32.9 -0.00357914731787
32.92 -0.00210071523891
32.94 -0.000609074753164
32.96 0.000894934958645
32.98 0.00241044270397
33.0 0.00393654458711
33.02 0.00547230339563
33.04 0.00701674788351
33.06 0.00856887222203
33.08 0.0101276353617
33.1 0.0116919605453
33.12 0.0132607348878
33.14 0.014832808999
33.16 0.0164069968178
33.18 0.0179820755324
33.2 0.0195567856853
33.22 0.0211298315054
33.24 0.0226998814452
33.26 0.0242655689793
33.28 0.0258254937048
33.3 0.0273782227524
33.32 0.0289222925419
33.34 0.0304562109502
33.36 0.0319784598292
33.38 0.0334874980338
33.4 0.0349817648533
33.42 0.0364596839578
33.44 0.0379196678256
33.46 0.0393601227215
33.48 0.0407794541397
33.5 0.0421760728115
33.52 0.0435484012396
33.54 0.0448948806484
33.56 0.0462139785332
33.58 0.0475041965099
33.6 0.0487640786736
33.62 0.0499922202148
33.64 0.0511872763169
33.66 0.0523479712728
33.68 0.0534731076395
33.7 0.0545615754274
33.72 0.0556123611439
33.74 0.0566245566153
33.76 0.0575973674174
33.78 0.0585301208381
33.8 0.0594222731592
33.82 0.0602734162216
33.84 0.0610832830341
33.86 0.061851752384
33.88 0.0625788522533
33.9 0.0632647620253
33.92 0.063909813243
33.94 0.0645144889928
33.96 0.0650794217463
33.98 0.065605389623
34.0 0.0660933111325
34.02 0.066544238279
34.04 0.0669593481823
34.06 0.0673399331515
34.08 0.0676873893744
34.1 0.0680032042792
34.12 0.068288942695
34.14 0.0685462319646
34.16 0.0687767461663
34.18 0.0689821896141
34.2 0.0691642798221
34.22 0.0693247301716
34.24 0.0694652323946
34.26 0.0695874392055
34.28 0.069692947164
34.3 0.0697832800689
34.32 0.0698598730182
34.34 0.0699240573692
34.36 0.0699770467263
34.38 0.0700199241792
34.4 0.0700536308949
34.42 0.0700789561969
34.44 0.0700965292913
34.46 0.070106812665
34.48 0.0701100972898
34.5 0.070106499649
34.52 0.0700959606315
34.54 0.0700782463075
34.56 0.0700529505675
34.58 0.0700194995921
34.6 0.0699771581098
34.62 0.0699250373579
34.64 0.0698621046563
34.66 0.0697871944892
34.68 0.0696990209523
34.7 0.0695961914328
34.72 0.0694772213381
34.74 0.0693405497368
34.76 0.0691845556822
34.78 0.0690075750476
34.8 0.0688079176867
34.82 0.0685838846803
34.84 0.0683337854799
34.86 0.0680559547907
34.88 0.0677487689015
34.9 0.067410661386
34.92 0.0670401379298
34.94 0.0666357901291
34.96 0.0661963081849
34.98 0.0657204922607
35.0 0.0652072625243
35.02 0.0646556676986
35.04 0.0640648921329
35.06 0.0634342613213
35.08 0.0627632459076
35.1 0.0620514641415
35.12 0.0612986828698
35.14 0.0605048171056
35.16 0.0596699282403
35.18 0.0587942210106
35.2 0.0578780393342
35.22 0.0569218610787
35.24 0.0559262919701
35.26 0.0548920587076
35.28 0.0538200014113
35.3 0.0527110656196
35.32 0.0515662938253
35.34 0.0503868168274
35.36 0.0491738448979
35.38 0.0479286589032
35.4 0.0466526015597
35.42 0.0453470687684
35.44 0.0440135012422
35.46 0.0426533764133
35.48 0.0412682007174
35.5 0.0398595022729
35.52 0.0384288240323
35.54 0.0369777173727
35.56 0.0355077362069
35.58 0.0340204315754
35.6 0.0325173467548
35.62 0.0310000128305
35.64 0.0294699448177
35.66 0.0279286381494
35.68 0.0263775657333
35.7 0.0248181753431
35.72 0.0232518874202
35.74 0.0216800933343
35.76 0.020104153834
35.78 0.0185253979767
35.8 0.016945122227
35.82 0.0153645898412
35.84 0.0137850305261
35.86 0.0122076402246
35.88 0.010633581126
35.9 0.00906398180698
35.92 0.0074999374964
35.94 0.0059425104401
35.96 0.00439273036802
35.98 0.00285159498134
36.0 0.00132007053763
36.02 -0.000200907580617
36.04 -0.00171043425124
36.06 -0.00320763401882
36.08 -0.00469166047703
36.1 -0.00616169572419
36.12 -0.00761694978645
36.14 -0.00905666010934
36.16 -0.0104800911101
36.18 -0.0118865337089
36.2 -0.0132753050069
36.22 -0.0146457479245
36.24 -0.0159972309561
36.26 -0.0173291479835
36.28 -0.0186409180991
36.3 -0.0199319855447
36.32 -0.0212018196769
36.34 -0.0224499149999
36.36 -0.0236757912321
36.38 -0.0248789934824
36.4 -0.0260590923798
36.42 -0.0272156843478
36.44 -0.0283483918427
36.46 -0.0294568636669
36.48 -0.0305407752904
36.5 -0.03159982921
36.52 -0.0326337552963
36.54 -0.0336423111866
36.56 -0.0346252826437
36.58 -0.0355824839084
36.6 -0.0365137580738
36.62 -0.0374189773591
36.64 -0.0382980434343
36.66 -0.0391508876203
36.68 -0.0399774710794
36.7 -0.0407777849491
36.72 -0.0415518503373
36.74 -0.0422997183195
36.76 -0.0430214697679
36.78 -0.0437172151242
36.8 -0.0443870940265
36.82 -0.0450312748487
36.84 -0.0456499540796
36.86 -0.0462433555922
36.88 -0.0468117297565
36.9 -0.047355352414
36.92 -0.0478745237056
36.94 -0.0483695667452
36.96 -0.0488408261363
36.98 -0.0492886663534
37.0 -0.0497134699679
37.02 -0.0501156357131
37.04 -0.0504955764559
37.06 -0.0508537169827
37.08 -0.0511904917192
37.1 -0.051506342298
37.12 -0.0518017150632
37.14 -0.0520770584807
37.16 -0.0523328204799
37.18 -0.0525694457686
37.2 -0.0527873731017
37.22 -0.0529870325614
37.24 -0.0531688428405
37.26 -0.0533332085725
37.28 -0.0534805177175
37.3 -0.0536111390355
37.32 -0.0537254196559
37.34 -0.0538236827887
37.36 -0.053906225568
37.38 -0.0539733170797
37.4 -0.0540251965614
37.42 -0.0540620718189
37.44 -0.0540841178585
37.46 -0.0540914757457
37.48 -0.0540842517188
37.5 -0.054062516549
37.52 -0.0540263051551
37.54 -0.0539756164874
37.56 -0.053910413671
37.58 -0.0538306244019
37.6 -0.05373614161
37.62 -0.0536268243614
37.64 -0.0535024989998
37.66 -0.0533629605158
37.68 -0.0532079741242
37.7 -0.0530372770425
37.72 -0.0528505804339
37.74 -0.052647571528
37.76 -0.052427915858
37.78 -0.0521912596336
37.8 -0.0519372321893
37.82 -0.051665448532
37.84 -0.051375511911
37.86 -0.0510670164403
37.88 -0.0507395497184
37.9 -0.0503926954445
37.92 -0.0500260359924
37.94 -0.0496391549616
37.96 -0.0492316396225
37.98 -0.0488030833346
38.0 -0.0483530878286
38.02 -0.0478812653948
38.04 -0.0473872409847
38.06 -0.0468706541448
38.08 -0.046331160855
38.1 -0.0457684352219
38.12 -0.0451821710321
38.14 -0.04457208317
38.16 -0.0439379088945
38.18 -0.0432794089842
38.2 -0.0425963687363
38.22 -0.0418885988478
38.24 -0.0411559361536
38.26 -0.0403982442679
38.28 -0.0396154140824
38.3 -0.0388073641822
38.32 -0.0379740411484
38.34 -0.0371154197906
38.36 -0.0362315032468
38.38 -0.0353223230998
38.4 -0.0343879393212
38.42 -0.0334284402575
38.44 -0.0324439425185
38.46 -0.0314345908184
38.48 -0.0304005578517
38.5 -0.0293420440765
38.52 -0.0282592775376
38.54 -0.0271525136616
38.56 -0.0260220350773
38.58 -0.0248681514207
38.6 -0.0236911991873
38.62 -0.0224915415876
38.64 -0.021269568449
38.66 -0.0200256961429
38.68 -0.0187603675515
38.7 -0.0174740520977
38.72 -0.016167245795
38.74 -0.0148404713655
38.76 -0.0134942784068
38.78 -0.0121292436322
38.8 -0.0107459710997
38.82 -0.00934509260064
38.84 -0.00792726801553
38.86 -0.00649318573045
38.88 -0.00504356318157
38.9 -0.00357914731787
38.92 -0.00210071523904
38.94 -0.000609074753977
38.96 0.000894934960536
38.98 0.00241044270219
39.0 0.00393654458922
39.02 0.00547230339282
39.04 0.00701674788624
39.06 0.00856887222179
39.08 0.0101276353597
39.1 0.0116919605467
39.12 0.0132607348871
39.14 0.0148328089992
39.16 0.0164069968191
39.18 0.0179820755299
39.2 0.0195567856881
39.22 0.0211298315022
39.24 0.0226998814458
39.26 0.0242655689814
39.28 0.0258254937033
39.3 0.0273782227532
39.32 0.0289222925416
39.34 0.0304562109501
39.36 0.0319784598291
39.38 0.0334874980333
39.4 0.0349817648546
39.42 0.0364596839563
39.44 0.0379196678271
39.46 0.0393601227215
39.48 0.0407794541381
39.5 0.0421760728132
39.52 0.0435484012379
39.54 0.0448948806493
39.56 0.0462139785332
39.58 0.0475041965099
39.6 0.0487640786749
39.62 0.0499922202122
39.64 0.0511872763189
39.66 0.0523479712713
39.68 0.05347310764
39.7 0.0545615754281
39.72 0.0556123611426
39.74 0.0566245566171
39.76 0.0575973674165
39.78 0.0585301208381
39.8 0.0594222731592
39.82 0.0602734162212
39.84 0.061083283035
39.86 0.0618517523825
39.88 0.0625788522552
39.9 0.0632647620253
39.92 0.0639098132412
39.94 0.0645144889941
39.96 0.0650794217455
39.98 0.0656053896234
