0.0 0.536438358662
0.02 0.542365467891
0.04 0.548291289045
0.06 0.554215454213
0.08 0.560137528789
0.1 0.566057010282
0.12 0.571973327193
0.14 0.577885837935
0.16 0.583793829733
0.18 0.589696517552
0.2 0.595593042981
0.22 0.601482473088
0.24 0.607363799246
0.26 0.613235935904
0.28 0.619097719292
0.3 0.624947906121
0.32 0.630785172184
0.34 0.636608110954
0.36 0.642415232122
0.38 0.648204960124
0.4 0.653975632657
0.42 0.659725499179
0.44 0.665452719452
0.46 0.671155362112
0.48 0.676831403293
0.5 0.682478725352
0.52 0.68809511569
0.54 0.693678265715
0.56 0.699225769976
0.58 0.704735125492
0.6 0.710203731306
0.62 0.715628888319
0.64 0.721007799405
0.66 0.726337569869
0.68 0.731615208287
0.7 0.736837627719
0.72 0.742001647397
0.74 0.747103994868
0.76 0.752141308658
0.78 0.757110141452
0.8 0.762006963876
0.82 0.766828168845
0.84 0.771570076543
0.86 0.776228940036
0.88 0.780800951539
0.9 0.785282249334
0.92 0.789668925377
0.94 0.793957033536
0.96 0.79814259852
0.98 0.802221625418
1.0 0.806190109889
1.02 0.81004404891
1.04 0.813779452116
1.06 0.817392353608
1.08 0.820878824262
1.1 0.824234984403
1.12 0.827457016841
1.14 0.830541180138
1.16 0.83348382209
1.18 0.836281393272
1.2 0.838930460615
1.22 0.841427720878
1.24 0.843770013945
1.26 0.845954335825
1.28 0.847977851294
1.3 0.849837906003
1.32 0.85153203806
1.34 0.853057988878
1.36 0.854413713288
1.38 0.855597388766
1.4 0.856607423737
1.42 0.857442464851
1.44 0.858101403176
1.46 0.858583379277
1.48 0.858887787081
1.5 0.859014276551
1.52 0.858962755114
1.54 0.858733387829
1.56 0.858326596306
1.58 0.857743056408
1.6 0.8569836947
1.62 0.856049683744
1.64 0.854942436257
1.66 0.853663598174
1.68 0.852215040717
1.7 0.850598851503
1.72 0.84881732481
1.74 0.846872951046
1.76 0.84476840556
1.78 0.84250653684
1.8 0.840090354239
1.82 0.837523015293
1.84 0.834807812761
1.86 0.831948161447
1.88 0.828947584949
1.9 0.825809702364
1.92 0.822538215112
1.94 0.819136893871
1.96 0.815609565813
1.98 0.811960102082
2.0 0.808192405707
2.02 0.804310399897
2.04 0.800318016862
2.06 0.796219187115
2.08 0.792017829372
2.1 0.787717841014
2.12 0.783323089177
2.14 0.778837402452
2.16 0.774264563222
2.18 0.76960830064
2.2 0.764872284223
2.22 0.76006011808
2.24 0.75517533574
2.26 0.750221395565
2.28 0.745201676748
2.3 0.74011947582
2.32 0.734978003726
2.34 0.729780383312
2.36 0.724529647344
2.38 0.719228736889
2.4 0.713880500114
2.42 0.708487691428
2.44 0.703052970948
2.46 0.697578904246
2.48 0.692067962356
2.5 0.686522521996
2.52 0.680944865978
2.54 0.67533718379
2.56 0.669701572286
2.58 0.664040036512
2.6 0.65835449058
2.62 0.652646758623
2.64 0.646918575772
2.66 0.641171589157
2.68 0.635407358906
2.7 0.629627359135
2.72 0.623832978901
2.74 0.618025523134
2.76 0.612206213528
2.78 0.606376189361
2.8 0.600536508306
2.82 0.594688147165
2.84 0.588832002567
2.86 0.582968891648
2.88 0.577099552668
2.9 0.571224645654
2.92 0.565344753027
2.94 0.559460380227
2.96 0.553571956446
2.98 0.547679835357
3.0 0.541784295994
3.02 0.535885543755
3.04 0.529983711565
3.06 0.524078861266
3.08 0.51817098526
3.1 0.512260008458
3.12 0.506345790599
3.14 0.500428128976
3.16 0.494506761648
3.18 0.488581371183
3.2 0.482651589027
3.22 0.476717000532
3.24 0.47077715072
3.26 0.464831550901
3.28 0.458879686124
3.3 0.452921023635
3.32 0.446955022295
3.34 0.440981143144
3.36 0.434998861043
3.38 0.42900767754
3.4 0.423007134925
3.42 0.416996831558
3.44 0.410976438437
3.46 0.404945717018
3.48 0.398904538258
3.5 0.392852902855
3.52 0.386790962554
3.54 0.380719042498
3.56 0.374637664461
3.58 0.368547570759
3.6 0.362449748782
3.62 0.356345455775
3.64 0.350236243735
3.66 0.344123984103
3.68 0.338010891909
3.7 0.33189954912
3.72 0.325792926728
3.74 0.319694405294
3.76 0.313607793488
3.78 0.307537344274
3.8 0.301487768297
3.82 0.295464244122
3.84 0.289472424901
3.86 0.283518441145
3.88 0.277608899251
3.9 0.271750875518
3.92 0.265951905392
3.94 0.260219967769
3.96 0.254563464224
3.98 0.248991193133
4.0 0.243512318658
4.02 0.238136334736
4.04 0.232873024206
4.06 0.227732413334
4.08 0.22272472201
4.1 0.217860310084
4.12 0.213149620184
4.14 0.208603117623
4.16 0.204231227878
4.18 0.200044272297
4.2 0.196052402633
4.22 0.192265535073
4.24 0.188693284448
4.26 0.185344899289
4.28 0.182229198358
4.3 0.179354509415
4.32 0.17672861071
4.34 0.174358675923
4.36 0.172251223036
4.38 0.170412067687
4.4 0.168846281462
4.42 0.167558155549
4.44 0.166551170095
4.46 0.165827969575
4.48 0.165390344414
4.5 0.16523921901
4.52 0.165374646295
4.54 0.165795808852
4.56 0.166501026597
4.58 0.167487770889
4.6 0.168752684999
4.62 0.170291610611
4.64 0.172099620219
4.66 0.174171054955
4.68 0.176499567554
4.7 0.17907816997
4.72 0.181899285137
4.74 0.184954802408
4.76 0.188236135992
4.78 0.191734285893
4.8 0.195439900631
4.82 0.199343341145
4.84 0.203434745211
4.86 0.207704091709
4.88 0.212141264102
4.9 0.216736112501
4.92 0.221478513709
4.94 0.226358428712
4.96 0.231365957049
4.98 0.23649138768
5.0 0.241725245884
5.02 0.24705833589
5.04 0.252481778969
5.06 0.257987046801
5.08 0.263565989986
5.1 0.269210861653
5.12 0.274914336216
5.14 0.280669523296
5.16 0.286469977063
5.18 0.292309701075
5.2 0.29818314897
5.22 0.304085221253
5.24 0.310011258485
5.26 0.31595703128
5.28 0.321918727409
5.3 0.327892936439
5.32 0.333876632247
5.34 0.339867153799
5.36 0.345862184547
5.38 0.351859730816
5.4 0.357858099424
5.42 0.363855874966
5.44 0.36985189693
5.46 0.375845236923
5.48 0.381835176269
5.5 0.387821184092
5.52 0.393802896124
5.54 0.399780094329
5.56 0.405752687425
5.58 0.411720692471
5.6 0.417684217479
5.62 0.423643445152
5.64 0.429598617755
5.66 0.435550023096
5.68 0.441497981632
5.7 0.447442834667
5.72 0.453384933592
5.74 0.459324630147
5.76 0.46526226764
5.78 0.471198173037
5.8 0.477132649965
5.82 0.483065972407
5.84 0.488998379202
5.86 0.494930069124
5.88 0.500861196625
5.9 0.506791868043
5.92 0.512722138351
5.94 0.518652008259
5.96 0.524581421737
5.98 0.530510263815
6.0 0.536438358663
6.02 0.542365467891
6.04 0.548291289045
6.06 0.554215454213
6.08 0.560137528789
6.1 0.566057010282
6.12 0.571973327193
6.14 0.577885837935
6.16 0.583793829733
6.18 0.589696517552
6.2 0.59559304298
6.22 0.601482473087
6.24 0.607363799248
6.26 0.613235935904
6.28 0.619097719291
6.3 0.624947906121
6.32 0.630785172185
6.34 0.636608110953
6.36 0.642415232122
6.38 0.648204960124
6.4 0.653975632657
6.42 0.659725499177
6.44 0.665452719454
6.46 0.671155362111
6.48 0.676831403293
6.5 0.682478725353
6.52 0.688095115689
6.54 0.693678265716
6.56 0.699225769976
6.58 0.704735125492
6.6 0.710203731306
6.62 0.715628888319
6.64 0.721007799405
6.66 0.72633756987
6.68 0.731615208288
6.7 0.736837627718
6.72 0.742001647398
6.74 0.747103994868
6.76 0.752141308658
6.78 0.757110141451
6.8 0.762006963877
6.82 0.766828168844
6.84 0.771570076542
6.86 0.776228940037
6.88 0.780800951538
6.9 0.785282249334
6.92 0.789668925376
6.94 0.793957033537
6.96 0.798142598519
6.98 0.802221625418
7.0 0.806190109889
7.02 0.81004404891
7.04 0.813779452116
7.06 0.817392353608
7.08 0.820878824262
7.1 0.824234984403
7.12 0.827457016841
7.14 0.830541180138
7.16 0.83348382209
7.18 0.836281393272
7.2 0.838930460615
7.22 0.841427720878
7.24 0.843770013945
7.26 0.845954335826
7.28 0.847977851294
7.3 0.849837906004
7.32 0.85153203806
7.34 0.853057988878
7.36 0.854413713288
7.38 0.855597388766
7.4 0.856607423737
7.42 0.857442464851
7.44 0.858101403176
7.46 0.858583379277
7.48 0.858887787081
7.5 0.859014276551
7.52 0.858962755114
7.54 0.858733387829
7.56 0.858326596306
7.58 0.857743056408
7.6 0.8569836947
7.62 0.856049683744
7.64 0.854942436257
7.66 0.853663598174
7.68 0.852215040717
7.7 0.850598851503
7.72 0.84881732481
7.74 0.846872951046
7.76 0.84476840556
7.78 0.84250653684
7.8 0.840090354239
7.82 0.837523015293
7.84 0.834807812761
7.86 0.831948161447
7.88 0.828947584949
7.9 0.825809702364
7.92 0.822538215112
7.94 0.819136893871
7.96 0.815609565813
7.98 0.811960102082
8.0 0.808192405707
8.02 0.804310399898
8.04 0.800318016861
8.06 0.796219187115
8.08 0.792017829372
8.1 0.787717841013
8.12 0.783323089179
8.14 0.778837402451
8.16 0.774264563222
8.18 0.76960830064
8.2 0.764872284223
8.22 0.760060118079
8.24 0.755175335741
8.26 0.750221395564
8.28 0.745201676747
8.3 0.740119475821
8.32 0.734978003726
8.34 0.729780383312
8.36 0.724529647345
8.38 0.719228736888
8.4 0.713880500115
8.42 0.708487691428
8.44 0.703052970947
8.46 0.697578904247
8.48 0.692067962355
8.5 0.686522521997
8.52 0.680944865977
8.54 0.67533718379
8.56 0.669701572287
8.58 0.664040036511
8.6 0.65835449058
8.62 0.652646758623
8.64 0.646918575772
8.66 0.641171589157
8.68 0.635407358906
8.7 0.629627359135
8.72 0.623832978901
8.74 0.618025523134
8.76 0.612206213527
8.78 0.606376189361
8.8 0.600536508306
8.82 0.594688147165
8.84 0.588832002567
8.86 0.582968891649
8.88 0.577099552666
8.9 0.571224645656
8.92 0.565344753024
8.94 0.55946038023
8.96 0.553571956444
8.98 0.547679835357
9.0 0.541784295995
9.02 0.535885543754
9.04 0.529983711565
9.06 0.524078861267
9.08 0.518170985259
9.1 0.512260008458
9.12 0.5063457906
9.14 0.500428128975
9.16 0.494506761649
9.18 0.488581371183
9.2 0.482651589026
9.22 0.476717000534
9.24 0.470777150718
9.26 0.464831550903
9.28 0.458879686125
9.3 0.452921023634
9.32 0.446955022294
9.34 0.440981143144
9.36 0.434998861043
9.38 0.42900767754
9.4 0.423007134924
9.42 0.416996831558
9.44 0.410976438437
9.46 0.404945717017
9.48 0.398904538258
9.5 0.392852902855
9.52 0.386790962553
9.54 0.380719042499
9.56 0.374637664459
9.58 0.368547570761
9.6 0.362449748781
9.62 0.356345455777
9.64 0.350236243734
9.66 0.344123984103
9.68 0.338010891909
9.7 0.331899549121
9.72 0.325792926728
9.74 0.319694405294
9.76 0.313607793488
9.78 0.307537344273
9.8 0.301487768299
9.82 0.29546424412
9.84 0.289472424903
9.86 0.283518441143
9.88 0.277608899251
9.9 0.271750875518
9.92 0.265951905392
9.94 0.260219967769
9.96 0.254563464224
9.98 0.248991193133
10.0 0.243512318658
10.02 0.238136334736
10.04 0.232873024206
10.06 0.227732413335
10.08 0.222724722008
10.1 0.217860310085
10.12 0.213149620183
10.14 0.208603117623
10.16 0.204231227878
10.18 0.200044272298
10.2 0.196052402632
10.22 0.192265535073
10.24 0.188693284449
10.26 0.185344899288
10.28 0.182229198358
10.3 0.179354509415
10.32 0.17672861071
10.34 0.174358675923
10.36 0.172251223037
10.38 0.170412067684
10.4 0.168846281463
10.42 0.167558155549
10.44 0.166551170095
10.46 0.165827969575
10.48 0.165390344414
10.5 0.16523921901
10.52 0.165374646295
10.54 0.165795808852
10.56 0.166501026597
10.58 0.167487770889
10.6 0.168752684999
10.62 0.170291610611
10.64 0.172099620219
10.66 0.174171054955
10.68 0.176499567554
10.7 0.17907816997
10.72 0.181899285136
10.74 0.184954802409
10.76 0.188236135992
10.78 0.191734285893
10.8 0.195439900631
10.82 0.199343341145
10.84 0.203434745212
10.86 0.207704091709
10.88 0.212141264101
10.9 0.216736112501
10.92 0.22147851371
10.94 0.22635842871
10.96 0.23136595705
10.98 0.236491387679
11.0 0.241725245884
11.02 0.24705833589
11.04 0.252481778969
11.06 0.257987046801
11.08 0.263565989986
11.1 0.269210861653
11.12 0.274914336216
11.14 0.280669523296
11.16 0.286469977063
11.18 0.292309701075
11.2 0.29818314897
11.22 0.304085221253
11.24 0.310011258484
11.26 0.315957031281
11.28 0.321918727408
11.3 0.327892936439
11.32 0.333876632247
11.34 0.339867153796
11.36 0.345862184551
11.38 0.351859730814
11.4 0.357858099424
11.42 0.363855874965
11.44 0.36985189693
11.46 0.375845236924
11.48 0.38183517627
11.5 0.38782118409
11.52 0.393802896125
11.54 0.399780094329
11.56 0.405752687425
11.58 0.411720692472
11.6 0.417684217477
11.62 0.423643445154
11.64 0.429598617754
11.66 0.435550023098
11.68 0.44149798163
11.7 0.447442834669
11.72 0.453384933591
11.74 0.459324630148
11.76 0.465262267639
11.78 0.471198173037
11.8 0.477132649965
11.82 0.483065972406
11.84 0.488998379203
11.86 0.494930069123
11.88 0.500861196627
11.9 0.506791868043
11.92 0.512722138352
11.94 0.518652008259
11.96 0.524581421736
11.98 0.530510263816
12.0 0.536438358661
12.02 0.542365467894
12.04 0.548291289043
12.06 0.554215454214
12.08 0.560137528789
12.1 0.566057010282
12.12 0.571973327193
12.14 0.577885837935
12.16 0.583793829733
12.18 0.589696517551
12.2 0.595593042981
12.22 0.601482473088
12.24 0.607363799248
12.26 0.613235935902
12.28 0.619097719293
12.3 0.62494790612
12.32 0.630785172184
12.34 0.636608110955
12.36 0.64241523212
12.38 0.648204960125
12.4 0.653975632656
12.42 0.659725499179
12.44 0.665452719452
12.46 0.671155362113
12.48 0.676831403292
12.5 0.682478725353
12.52 0.688095115689
12.54 0.693678265715
12.56 0.699225769977
12.58 0.70473512549
12.6 0.710203731306
12.62 0.715628888319
12.64 0.721007799405
12.66 0.72633756987
12.68 0.731615208287
12.7 0.736837627718
12.72 0.742001647398
12.74 0.747103994868
12.76 0.752141308658
12.78 0.757110141452
12.8 0.762006963876
12.82 0.766828168845
12.84 0.771570076542
12.86 0.776228940037
12.88 0.780800951538
12.9 0.785282249334
12.92 0.789668925377
12.94 0.793957033536
12.96 0.798142598519
12.98 0.802221625418
13.0 0.806190109888
13.02 0.810044048911
13.04 0.813779452116
13.06 0.817392353607
13.08 0.820878824261
13.1 0.824234984404
13.12 0.82745701684
13.14 0.830541180138
13.16 0.83348382209
13.18 0.836281393272
13.2 0.838930460615
13.22 0.841427720878
13.24 0.843770013944
13.26 0.845954335826
13.28 0.847977851293
13.3 0.849837906004
13.32 0.85153203806
13.34 0.853057988878
13.36 0.854413713288
13.38 0.855597388766
13.4 0.856607423737
13.42 0.857442464851
13.44 0.858101403176
13.46 0.858583379277
13.48 0.858887787081
13.5 0.859014276551
13.52 0.858962755114
13.54 0.858733387829
13.56 0.858326596306
13.58 0.857743056408
13.6 0.8569836947
13.62 0.856049683744
13.64 0.854942436257
13.66 0.853663598174
13.68 0.852215040717
13.7 0.850598851503
13.72 0.84881732481
13.74 0.846872951047
13.76 0.844768405559
13.78 0.84250653684
13.8 0.840090354239
13.82 0.837523015293
13.84 0.834807812761
13.86 0.831948161447
13.88 0.828947584949
13.9 0.825809702365
13.92 0.822538215111
13.94 0.819136893871
13.96 0.815609565813
13.98 0.811960102082
14.0 0.808192405706
14.02 0.804310399898
14.04 0.800318016861
14.06 0.796219187115
14.08 0.792017829372
14.1 0.787717841014
14.12 0.783323089177
14.14 0.778837402452
14.16 0.774264563222
14.18 0.76960830064
14.2 0.764872284222
14.22 0.76006011808
14.24 0.75517533574
14.26 0.750221395564
14.28 0.745201676748
14.3 0.740119475822
14.32 0.734978003725
14.34 0.729780383311
14.36 0.724529647345
14.38 0.719228736889
14.4 0.713880500114
14.42 0.708487691428
14.44 0.703052970948
14.46 0.697578904246
14.48 0.692067962356
14.5 0.686522521996
14.52 0.680944865979
14.54 0.675337183788
14.56 0.669701572288
14.58 0.664040036511
14.6 0.658354490581
14.62 0.652646758622
14.64 0.646918575771
14.66 0.641171589158
14.68 0.635407358906
14.7 0.629627359133
14.72 0.623832978902
14.74 0.618025523135
14.76 0.612206213526
14.78 0.606376189362
14.8 0.600536508306
14.82 0.594688147166
14.84 0.588832002567
14.86 0.582968891647
14.88 0.577099552669
14.9 0.571224645654
14.92 0.565344753027
14.94 0.559460380227
14.96 0.553571956447
14.98 0.547679835353
15.0 0.541784295996
15.02 0.535885543756
15.04 0.529983711564
15.06 0.524078861267
15.08 0.518170985258
15.1 0.51226000846
15.12 0.506345790598
15.14 0.500428128976
15.16 0.494506761649
15.18 0.488581371181
15.2 0.482651589028
15.22 0.476717000532
15.24 0.470777150721
15.26 0.464831550899
15.28 0.458879686128
15.3 0.452921023633
15.32 0.446955022295
15.34 0.440981143142
15.36 0.434998861044
15.38 0.429007677541
15.4 0.423007134925
15.42 0.416996831558
15.44 0.410976438436
15.46 0.404945717018
15.48 0.398904538258
15.5 0.392852902856
15.52 0.386790962552
15.54 0.3807190425
15.56 0.374637664459
15.58 0.368547570759
15.6 0.362449748783
15.62 0.356345455776
15.64 0.350236243734
15.66 0.344123984103
15.68 0.33801089191
15.7 0.33189954912
15.72 0.325792926729
15.74 0.319694405294
15.76 0.313607793489
15.78 0.307537344272
15.8 0.301487768296
15.82 0.295464244124
15.84 0.289472424902
15.86 0.283518441143
15.88 0.277608899251
15.9 0.271750875519
15.92 0.26595190539
15.94 0.26021996777
15.96 0.254563464224
15.98 0.248991193133
16.0 0.243512318658
16.02 0.238136334736
16.04 0.232873024206
16.06 0.227732413335
16.08 0.222724722009
16.1 0.217860310083
16.12 0.213149620186
16.14 0.208603117623
16.16 0.204231227878
16.18 0.200044272297
16.2 0.196052402633
16.22 0.192265535073
16.24 0.188693284448
16.26 0.185344899289
16.28 0.182229198358
16.3 0.179354509415
16.32 0.17672861071
16.34 0.174358675923
16.36 0.172251223036
16.38 0.170412067686
16.4 0.168846281462
16.42 0.167558155549
16.44 0.166551170095
16.46 0.165827969575
16.48 0.165390344414
16.5 0.16523921901
16.52 0.165374646295
16.54 0.165795808852
16.56 0.166501026597
16.58 0.167487770889
16.6 0.168752684999
16.62 0.170291610611
16.64 0.172099620219
16.66 0.174171054955
16.68 0.176499567555
16.7 0.17907816997
16.72 0.181899285137
16.74 0.184954802408
16.76 0.188236135992
16.78 0.191734285893
16.8 0.195439900631
16.82 0.199343341145
16.84 0.203434745211
16.86 0.207704091709
16.88 0.212141264102
16.9 0.216736112501
16.92 0.221478513709
16.94 0.226358428712
16.96 0.231365957049
16.98 0.236491387679
17.0 0.241725245885
17.02 0.247058335888
17.04 0.25248177897
17.06 0.257987046801
17.08 0.263565989986
17.1 0.269210861655
17.12 0.274914336215
17.14 0.280669523295
17.16 0.286469977065
17.18 0.292309701073
17.2 0.298183148972
17.22 0.304085221251
17.24 0.310011258485
17.26 0.315957031279
17.28 0.321918727411
17.3 0.327892936438
17.32 0.333876632247
17.34 0.339867153799
17.36 0.345862184549
17.38 0.351859730815
17.4 0.357858099423
17.42 0.363855874968
17.44 0.369851896929
17.46 0.375845236923
17.48 0.381835176268
17.5 0.387821184093
17.52 0.393802896124
17.54 0.399780094328
17.56 0.405752687427
17.58 0.41172069247
17.6 0.417684217478
17.62 0.423643445153
17.64 0.429598617758
17.66 0.435550023093
17.68 0.441497981632
17.7 0.447442834666
17.72 0.453384933594
17.74 0.459324630147
17.76 0.465262267638
17.78 0.47119817304
17.8 0.477132649962
17.82 0.483065972407
17.84 0.488998379202
17.86 0.494930069127
17.88 0.500861196622
17.9 0.506791868044
17.92 0.512722138351
17.94 0.518652008262
17.96 0.524581421735
17.98 0.530510263815
18.0 0.536438358664
18.02 0.542365467891
18.04 0.548291289045
18.06 0.554215454214
18.08 0.560137528791
18.1 0.566057010279
18.12 0.571973327193
18.14 0.577885837936
18.16 0.583793829732
18.18 0.589696517551
18.2 0.595593042981
18.22 0.60148247309
18.24 0.607363799245
18.26 0.613235935905
18.28 0.619097719291
18.3 0.624947906123
18.32 0.630785172182
18.34 0.636608110954
18.36 0.642415232122
18.38 0.648204960123
18.4 0.653975632657
18.42 0.659725499178
18.44 0.665452719454
18.46 0.67115536211
18.48 0.676831403293
18.5 0.682478725353
18.52 0.688095115692
18.54 0.693678265712
18.56 0.699225769977
18.58 0.704735125492
18.6 0.710203731305
18.62 0.715628888319
18.64 0.721007799404
18.66 0.726337569871
18.68 0.731615208287
18.7 0.736837627719
18.72 0.742001647396
18.74 0.747103994871
18.76 0.752141308657
18.78 0.757110141451
18.8 0.762006963878
18.82 0.766828168844
18.84 0.771570076542
18.86 0.776228940037
18.88 0.780800951538
18.9 0.785282249334
18.92 0.789668925377
18.94 0.793957033537
18.96 0.798142598519
18.98 0.802221625418
19.0 0.806190109888
19.02 0.810044048911
19.04 0.813779452116
19.06 0.817392353607
19.08 0.820878824261
19.1 0.824234984404
19.12 0.82745701684
19.14 0.830541180138
19.16 0.83348382209
19.18 0.836281393272
19.2 0.838930460615
19.22 0.841427720878
19.24 0.843770013944
19.26 0.845954335826
19.28 0.847977851294
19.3 0.849837906003
19.32 0.85153203806
19.34 0.853057988878
19.36 0.854413713288
19.38 0.855597388766
19.4 0.856607423737
19.42 0.857442464851
19.44 0.858101403176
19.46 0.858583379277
19.48 0.858887787081
19.5 0.859014276551
19.52 0.858962755114
19.54 0.858733387829
19.56 0.858326596306
19.58 0.857743056408
19.6 0.8569836947
19.62 0.856049683744
19.64 0.854942436257
19.66 0.853663598174
19.68 0.852215040717
19.7 0.850598851503
19.72 0.84881732481
19.74 0.846872951047
19.76 0.84476840556
19.78 0.842506536839
19.8 0.840090354239
19.82 0.837523015293
19.84 0.834807812762
19.86 0.831948161447
19.88 0.828947584948
19.9 0.825809702365
19.92 0.822538215111
19.94 0.819136893871
19.96 0.815609565813
19.98 0.811960102082
20.0 0.808192405707
20.02 0.804310399897
20.04 0.800318016861
20.06 0.796219187116
20.08 0.792017829372
20.1 0.787717841014
20.12 0.783323089177
20.14 0.778837402452
20.16 0.774264563222
20.18 0.76960830064
20.2 0.764872284222
20.22 0.760060118081
20.24 0.755175335739
20.26 0.750221395565
20.28 0.745201676747
20.3 0.740119475821
20.32 0.734978003726
20.34 0.729780383311
20.36 0.724529647344
20.38 0.719228736891
20.4 0.713880500113
20.42 0.708487691429
20.44 0.703052970946
20.46 0.697578904248
20.48 0.692067962355
20.5 0.686522521995
20.52 0.68094486598
20.54 0.675337183789
20.56 0.669701572286
20.58 0.66404003651
20.6 0.658354490581
20.62 0.652646758625
20.64 0.646918575768
20.66 0.64117158916
20.68 0.635407358904
20.7 0.629627359135
20.72 0.623832978901
20.74 0.618025523136
20.76 0.612206213526
20.78 0.606376189362
20.8 0.600536508306
20.82 0.594688147167
20.84 0.588832002565
20.86 0.582968891649
20.88 0.577099552666
20.9 0.571224645658
20.92 0.565344753024
20.94 0.559460380227
20.96 0.553571956448
20.98 0.547679835356
21.0 0.541784295991
21.02 0.535885543759
21.04 0.529983711563
21.06 0.524078861269
21.08 0.518170985255
21.1 0.512260008464
21.12 0.506345790596
21.14 0.500428128976
21.16 0.494506761649
21.18 0.488581371183
21.2 0.482651589028
21.22 0.476717000531
21.24 0.470777150719
21.26 0.464831550904
21.28 0.458879686122
21.3 0.452921023635
21.32 0.446955022294
21.34 0.440981143145
21.36 0.434998861041
21.38 0.429007677542
21.4 0.423007134925
21.42 0.416996831558
21.44 0.410976438434
21.46 0.404945717021
21.48 0.398904538257
21.5 0.392852902856
21.52 0.386790962549
21.54 0.380719042504
21.56 0.374637664456
21.58 0.368547570761
21.6 0.362449748783
21.62 0.356345455776
21.64 0.350236243736
21.66 0.344123984101
21.68 0.33801089191
21.7 0.331899549123
21.72 0.325792926725
21.74 0.319694405297
21.76 0.313607793487
21.78 0.307537344275
21.8 0.301487768293
21.82 0.295464244124
21.84 0.289472424902
21.86 0.283518441144
21.88 0.277608899249
21.9 0.271750875522
21.92 0.265951905389
21.94 0.26021996777
21.96 0.254563464224
21.98 0.248991193134
22.0 0.243512318656
22.02 0.238136334737
22.04 0.232873024206
22.06 0.227732413335
22.08 0.222724722009
22.1 0.217860310083
22.12 0.213149620186
22.14 0.208603117622
22.16 0.204231227877
22.18 0.2000442723
22.2 0.19605240263
22.22 0.192265535074
22.24 0.188693284448
22.26 0.185344899289
22.28 0.182229198358
22.3 0.179354509415
22.32 0.17672861071
22.34 0.174358675923
22.36 0.172251223036
22.38 0.170412067686
22.4 0.168846281462
22.42 0.167558155549
22.44 0.166551170095
22.46 0.165827969575
22.48 0.165390344414
22.5 0.16523921901
22.52 0.165374646295
22.54 0.165795808852
22.56 0.166501026597
22.58 0.167487770889
22.6 0.168752684999
22.62 0.170291610611
22.64 0.172099620219
22.66 0.174171054955
22.68 0.176499567555
22.7 0.17907816997
22.72 0.181899285137
22.74 0.184954802409
22.76 0.188236135992
22.78 0.191734285893
22.8 0.195439900631
22.82 0.199343341145
22.84 0.203434745212
22.86 0.207704091708
22.88 0.212141264102
22.9 0.216736112501
22.92 0.221478513709
22.94 0.226358428712
22.96 0.231365957049
22.98 0.236491387679
23.0 0.241725245885
23.02 0.247058335887
23.04 0.252481778971
23.06 0.257987046801
23.08 0.263565989985
23.1 0.269210861654
23.12 0.274914336217
23.14 0.280669523294
23.16 0.286469977065
23.18 0.292309701073
23.2 0.298183148973
23.22 0.30408522125
23.24 0.310011258486
23.26 0.315957031279
23.28 0.321918727411
23.3 0.327892936437
23.32 0.333876632249
23.34 0.339867153798
23.36 0.345862184548
23.38 0.351859730815
23.4 0.357858099423
23.42 0.363855874967
23.44 0.36985189693
23.46 0.375845236921
23.48 0.381835176273
23.5 0.387821184088
23.52 0.393802896128
23.54 0.399780094325
23.56 0.405752687428
23.58 0.411720692469
23.6 0.417684217479
23.62 0.423643445153
23.64 0.429598617757
23.66 0.435550023093
23.68 0.441497981634
23.7 0.447442834665
23.72 0.453384933594
23.74 0.459324630146
23.76 0.46526226764
23.78 0.471198173039
23.8 0.477132649962
23.82 0.483065972407
23.84 0.488998379201
23.86 0.494930069126
23.88 0.500861196626
23.9 0.506791868041
23.92 0.512722138355
23.94 0.518652008255
23.96 0.52458142174
23.98 0.530510263815
24.0 0.536438358662
24.02 0.542365467891
24.04 0.548291289045
24.06 0.554215454215
24.08 0.560137528789
24.1 0.566057010279
24.12 0.571973327196
24.14 0.577885837933
24.16 0.583793829733
24.18 0.589696517551
24.2 0.595593042982
24.22 0.601482473089
24.24 0.607363799245
24.26 0.613235935904
24.28 0.619097719293
24.3 0.624947906121
24.32 0.630785172184
24.34 0.636608110953
24.36 0.642415232122
24.38 0.648204960123
24.4 0.653975632658
24.42 0.659725499179
24.44 0.665452719452
24.46 0.671155362111
24.48 0.676831403293
24.5 0.682478725353
24.52 0.688095115689
24.54 0.693678265713
24.56 0.699225769978
24.58 0.70473512549
24.6 0.710203731308
24.62 0.715628888318
24.64 0.721007799405
24.66 0.72633756987
24.68 0.731615208287
24.7 0.73683762772
24.72 0.742001647396
24.74 0.747103994868
24.76 0.752141308659
24.78 0.75711014145
24.8 0.762006963878
24.82 0.766828168843
24.84 0.771570076544
24.86 0.776228940036
24.88 0.780800951538
24.9 0.785282249334
24.92 0.789668925377
24.94 0.793957033537
24.96 0.798142598518
24.98 0.802221625418
25.0 0.806190109889
25.02 0.810044048911
25.04 0.813779452116
25.06 0.817392353608
25.08 0.820878824262
25.1 0.824234984404
25.12 0.82745701684
25.14 0.830541180138
25.16 0.83348382209
25.18 0.836281393271
25.2 0.838930460616
25.22 0.841427720878
25.24 0.843770013944
25.26 0.845954335826
25.28 0.847977851294
25.3 0.849837906004
25.32 0.85153203806
25.34 0.853057988878
25.36 0.854413713288
25.38 0.855597388766
25.4 0.856607423737
25.42 0.857442464851
25.44 0.858101403176
25.46 0.858583379277
25.48 0.858887787081
25.5 0.859014276551
25.52 0.858962755114
25.54 0.858733387829
25.56 0.858326596306
25.58 0.857743056408
25.6 0.8569836947
25.62 0.856049683744
25.64 0.854942436257
25.66 0.853663598174
25.68 0.852215040717
25.7 0.850598851503
25.72 0.848817324809
25.74 0.846872951047
25.76 0.84476840556
25.78 0.842506536839
25.8 0.84009035424
25.82 0.837523015293
25.84 0.834807812761
25.86 0.831948161448
25.88 0.828947584948
25.9 0.825809702365
25.92 0.82253821511
25.94 0.819136893872
25.96 0.815609565813
25.98 0.811960102082
26.0 0.808192405707
26.02 0.804310399896
26.04 0.800318016864
26.06 0.796219187113
26.08 0.792017829372
26.1 0.787717841015
26.12 0.783323089177
26.14 0.778837402452
26.16 0.774264563222
26.18 0.769608300639
26.2 0.764872284223
26.22 0.760060118078
26.24 0.755175335741
26.26 0.750221395567
26.28 0.745201676744
26.3 0.740119475822
26.32 0.734978003726
26.34 0.729780383312
26.36 0.724529647344
26.38 0.719228736888
26.4 0.713880500116
26.42 0.708487691428
26.44 0.703052970947
26.46 0.697578904246
26.48 0.692067962357
26.5 0.686522521994
26.52 0.680944865979
26.54 0.675337183791
26.56 0.669701572285
26.58 0.664040036514
26.6 0.658354490578
26.62 0.652646758623
26.64 0.646918575774
26.66 0.641171589153
26.68 0.635407358908
26.7 0.629627359137
26.72 0.623832978896
26.74 0.618025523137
26.76 0.612206213526
26.78 0.606376189363
26.8 0.600536508306
26.82 0.594688147161
26.84 0.588832002571
26.86 0.582968891648
26.88 0.577099552667
26.9 0.571224645654
26.92 0.565344753027
26.94 0.559460380226
26.96 0.553571956447
26.98 0.547679835359
27.0 0.54178429599
27.02 0.535885543759
27.04 0.529983711562
27.06 0.524078861266
27.08 0.518170985263
27.1 0.512260008454
27.12 0.506345790602
27.14 0.500428128979
27.16 0.494506761644
27.18 0.488581371184
27.2 0.482651589029
27.22 0.476717000527
27.24 0.470777150727
27.26 0.464831550897
27.28 0.458879686127
27.3 0.452921023634
27.32 0.446955022295
27.34 0.440981143143
27.36 0.434998861045
27.38 0.429007677537
27.4 0.423007134926
27.42 0.41699683156
27.44 0.410976438435
27.46 0.40494571702
27.48 0.398904538255
27.5 0.392852902856
27.52 0.386790962554
27.54 0.380719042496
27.56 0.374637664461
27.58 0.368547570762
27.6 0.362449748781
27.62 0.356345455775
27.64 0.350236243737
27.66 0.3441239841
27.68 0.338010891912
27.7 0.331899549119
27.72 0.325792926729
27.74 0.319694405294
27.76 0.313607793489
27.78 0.307537344272
27.8 0.301487768298
27.82 0.29546424412
27.84 0.289472424902
27.86 0.283518441146
27.88 0.277608899248
27.9 0.271750875521
27.92 0.265951905389
27.94 0.260219967768
27.96 0.254563464226
27.98 0.248991193131
28.0 0.243512318659
28.02 0.238136334736
28.04 0.232873024206
28.06 0.227732413335
28.08 0.222724722009
28.1 0.217860310082
28.12 0.213149620186
28.14 0.208603117622
28.16 0.204231227878
28.18 0.200044272298
28.2 0.196052402632
28.22 0.192265535072
28.24 0.18869328445
28.26 0.185344899288
28.28 0.182229198358
28.3 0.179354509415
28.32 0.17672861071
28.34 0.174358675923
28.36 0.172251223037
28.38 0.170412067684
28.4 0.168846281463
28.42 0.167558155549
28.44 0.166551170095
28.46 0.165827969575
28.48 0.165390344414
28.5 0.16523921901
28.52 0.165374646295
28.54 0.165795808852
28.56 0.166501026597
28.58 0.167487770889
28.6 0.168752684999
28.62 0.170291610611
28.64 0.172099620219
28.66 0.174171054955
28.68 0.176499567554
28.7 0.179078169971
28.72 0.181899285136
28.74 0.184954802408
28.76 0.188236135992
28.78 0.191734285893
28.8 0.19543990063
28.82 0.199343341147
28.84 0.203434745209
28.86 0.20770409171
28.88 0.212141264103
28.9 0.216736112498
28.92 0.221478513712
28.94 0.226358428711
28.96 0.231365957049
28.98 0.236491387679
29.0 0.241725245885
29.02 0.247058335888
29.04 0.25248177897
29.06 0.257987046801
29.08 0.263565989985
29.1 0.269210861655
29.12 0.274914336215
29.14 0.280669523295
29.16 0.286469977065
29.18 0.292309701073
29.2 0.298183148972
29.22 0.304085221251
29.24 0.310011258484
29.26 0.315957031281
29.28 0.321918727407
29.3 0.327892936441
29.32 0.333876632247
29.34 0.339867153795
29.36 0.345862184553
29.38 0.351859730815
29.4 0.357858099419
29.42 0.363855874969
29.44 0.369851896929
29.46 0.375845236923
29.48 0.381835176268
29.5 0.387821184091
29.52 0.393802896126
29.54 0.39978009433
29.56 0.405752687423
29.58 0.411720692471
29.6 0.417684217479
29.62 0.423643445151
29.64 0.429598617757
29.66 0.435550023096
29.68 0.441497981629
29.7 0.447442834672
29.72 0.453384933586
29.74 0.459324630152
29.76 0.465262267639
29.78 0.471198173035
29.8 0.477132649967
29.82 0.483065972409
29.84 0.488998379197
29.86 0.494930069129
29.88 0.500861196622
29.9 0.506791868046
29.92 0.512722138349
29.94 0.51865200826
29.96 0.524581421737
29.98 0.530510263818
30.0 0.53643835866
30.02 0.542365467892
30.04 0.548291289046
30.06 0.554215454211
30.08 0.560137528792
30.1 0.566057010282
30.12 0.57197332719
30.14 0.577885837939
30.16 0.583793829729
30.18 0.589696517554
30.2 0.595593042981
30.22 0.601482473086
30.24 0.607363799248
30.26 0.613235935905
30.28 0.619097719288
30.3 0.624947906124
30.32 0.630785172183
30.34 0.636608110954
30.36 0.642415232121
30.38 0.648204960124
30.4 0.653975632657
30.42 0.659725499181
30.44 0.665452719451
30.46 0.671155362111
30.48 0.676831403295
30.5 0.68247872535
30.52 0.688095115691
30.54 0.693678265716
30.56 0.699225769974
30.58 0.704735125491
30.6 0.710203731307
30.62 0.715628888319
30.64 0.721007799404
30.66 0.72633756987
30.68 0.731615208288
30.7 0.736837627719
30.72 0.742001647396
30.74 0.747103994869
30.76 0.752141308659
30.78 0.75711014145
30.8 0.762006963878
30.82 0.766828168843
30.84 0.771570076545
30.86 0.776228940036
30.88 0.780800951536
30.9 0.785282249337
30.92 0.789668925375
30.94 0.793957033537
30.96 0.798142598518
30.98 0.80222162542
31.0 0.806190109887
31.02 0.81004404891
31.04 0.813779452117
31.06 0.817392353607
31.08 0.820878824261
31.1 0.824234984404
31.12 0.82745701684
31.14 0.830541180139
31.16 0.833483822089
31.18 0.836281393272
31.2 0.838930460616
31.22 0.841427720878
31.24 0.843770013945
31.26 0.845954335825
31.28 0.847977851295
31.3 0.849837906003
31.32 0.85153203806
31.34 0.853057988878
31.36 0.854413713288
31.38 0.855597388766
31.4 0.856607423737
31.42 0.857442464851
31.44 0.858101403176
31.46 0.858583379277
31.48 0.858887787081
31.5 0.859014276551
31.52 0.858962755114
31.54 0.858733387829
31.56 0.858326596306
31.58 0.857743056407
31.6 0.8569836947
31.62 0.856049683744
31.64 0.854942436257
31.66 0.853663598174
31.68 0.852215040716
31.7 0.850598851505
31.72 0.848817324808
31.74 0.846872951047
31.76 0.844768405561
31.78 0.842506536838
31.8 0.84009035424
31.82 0.837523015293
31.84 0.834807812761
31.86 0.831948161447
31.88 0.82894758495
31.9 0.825809702364
31.92 0.822538215112
31.94 0.819136893871
31.96 0.815609565813
31.98 0.811960102083
32.0 0.808192405704
32.02 0.804310399899
32.04 0.800318016863
32.06 0.796219187113
32.08 0.792017829372
32.1 0.787717841016
32.12 0.783323089175
32.14 0.778837402453
32.16 0.774264563221
32.18 0.769608300639
32.2 0.764872284225
32.22 0.760060118078
32.24 0.755175335741
32.26 0.750221395565
32.28 0.745201676746
32.3 0.740119475821
32.32 0.734978003727
32.34 0.729780383312
32.36 0.724529647344
32.38 0.71922873689
32.4 0.713880500114
32.42 0.708487691428
32.44 0.703052970946
32.46 0.697578904248
32.48 0.692067962356
32.5 0.686522521996
32.52 0.680944865977
32.54 0.675337183792
32.56 0.669701572283
32.58 0.664040036516
32.6 0.658354490577
32.62 0.652646758623
32.64 0.646918575776
32.66 0.641171589152
32.68 0.635407358908
32.7 0.629627359136
32.72 0.623832978897
32.74 0.618025523138
32.76 0.612206213527
32.78 0.606376189361
32.8 0.600536508307
32.82 0.594688147164
32.84 0.588832002568
32.86 0.582968891648
32.88 0.577099552664
32.9 0.571224645658
32.92 0.565344753025
32.94 0.559460380228
32.96 0.553571956444
32.98 0.547679835361
33.0 0.541784295989
33.02 0.53588554376
33.04 0.52998371156
33.06 0.524078861267
33.08 0.518170985264
33.1 0.512260008454
33.12 0.506345790603
33.14 0.500428128977
33.16 0.494506761644
33.18 0.488581371185
33.2 0.48265158903
33.22 0.47671700053
33.24 0.470777150721
33.26 0.4648315509
33.28 0.458879686125
33.3 0.452921023636
33.32 0.446955022291
33.34 0.440981143146
33.36 0.434998861044
33.38 0.429007677539
33.4 0.423007134924
33.42 0.416996831561
33.44 0.410976438433
33.46 0.404945717017
33.48 0.398904538264
33.5 0.392852902849
33.52 0.386790962557
33.54 0.380719042495
33.56 0.374637664463
33.58 0.368547570759
33.6 0.36244974878
33.62 0.356345455778
33.64 0.350236243735
33.66 0.344123984102
33.68 0.338010891909
33.7 0.331899549121
33.72 0.325792926728
33.74 0.319694405295
33.76 0.313607793485
33.78 0.307537344276
33.8 0.301487768297
33.82 0.295464244122
33.84 0.2894724249
33.86 0.283518441148
33.88 0.277608899246
33.9 0.271750875519
33.92 0.265951905395
33.94 0.260219967766
33.96 0.254563464227
33.98 0.248991193131
34.0 0.24351231866
34.02 0.238136334734
34.04 0.232873024207
34.06 0.227732413334
34.08 0.22272472201
34.1 0.217860310083
34.12 0.213149620185
34.14 0.208603117622
34.16 0.204231227877
34.18 0.2000442723
34.2 0.19605240263
34.22 0.192265535074
34.24 0.188693284449
34.26 0.185344899288
34.28 0.182229198359
34.3 0.179354509416
34.32 0.176728610708
34.34 0.174358675924
34.36 0.172251223037
34.38 0.170412067684
34.4 0.168846281463
34.42 0.167558155549
34.44 0.166551170095
34.46 0.165827969575
34.48 0.165390344414
34.5 0.165239219011
34.52 0.165374646295
34.54 0.165795808852
34.56 0.166501026596
34.58 0.167487770891
34.6 0.168752684997
34.62 0.170291610611
34.64 0.172099620219
34.66 0.174171054955
34.68 0.176499567554
34.7 0.17907816997
34.72 0.181899285138
34.74 0.184954802406
34.76 0.188236135994
34.78 0.191734285893
34.8 0.195439900629
34.82 0.199343341148
34.84 0.203434745209
34.86 0.20770409171
34.88 0.212141264103
34.9 0.216736112498
34.92 0.221478513713
34.94 0.226358428709
34.96 0.23136595705
34.98 0.236491387679
35.0 0.241725245884
35.02 0.247058335889
35.04 0.252481778971
35.06 0.257987046801
35.08 0.263565989985
35.1 0.269210861655
35.12 0.274914336214
35.14 0.280669523297
35.16 0.286469977065
35.18 0.292309701072
35.2 0.298183148972
35.22 0.304085221254
35.24 0.310011258482
35.26 0.315957031282
35.28 0.321918727406
35.3 0.327892936442
35.32 0.333876632247
35.34 0.339867153793
35.36 0.345862184554
35.38 0.351859730814
35.4 0.357858099422
35.42 0.363855874965
35.44 0.36985189693
35.46 0.375845236924
35.48 0.381835176271
35.5 0.387821184089
35.52 0.393802896125
35.54 0.399780094328
35.56 0.405752687426
35.58 0.411720692469
35.6 0.417684217482
35.62 0.423643445147
35.64 0.429598617761
35.66 0.435550023095
35.68 0.441497981627
35.7 0.447442834673
35.72 0.453384933585
35.74 0.459324630155
35.76 0.465262267637
35.78 0.471198173034
35.8 0.477132649968
35.82 0.483065972406
35.84 0.488998379201
35.86 0.494930069126
35.88 0.500861196624
35.9 0.506791868045
35.92 0.512722138353
35.94 0.518652008256
35.96 0.524581421739
35.98 0.530510263814
36.0 0.536438358662
36.02 0.542365467892
36.04 0.548291289047
36.06 0.55421545421
36.08 0.560137528791
36.1 0.566057010282
36.12 0.57197332719
36.14 0.577885837938
36.16 0.583793829729
36.18 0.589696517556
36.2 0.59559304298
36.22 0.601482473084
36.24 0.60736379925
36.26 0.613235935902
36.28 0.619097719292
36.3 0.624947906121
36.32 0.630785172186
36.34 0.636608110949
36.36 0.642415232126
36.38 0.648204960122
36.4 0.653975632657
36.42 0.659725499178
36.44 0.665452719453
36.46 0.671155362112
36.48 0.676831403295
36.5 0.68247872535
36.52 0.68809511569
36.54 0.693678265716
36.56 0.699225769973
36.58 0.704735125494
36.6 0.710203731304
36.62 0.715628888321
36.64 0.721007799404
36.66 0.726337569867
36.68 0.731615208291
36.7 0.736837627716
36.72 0.742001647398
36.74 0.747103994869
36.76 0.752141308659
36.78 0.75711014145
36.8 0.762006963876
36.82 0.766828168844
36.84 0.771570076544
36.86 0.776228940037
36.88 0.780800951537
36.9 0.785282249335
36.92 0.789668925378
36.94 0.793957033535
36.96 0.798142598518
36.98 0.80222162542
37.0 0.806190109886
37.02 0.810044048913
37.04 0.813779452115
37.06 0.817392353609
37.08 0.820878824261
37.1 0.824234984403
37.12 0.827457016841
37.14 0.830541180137
37.16 0.83348382209
37.18 0.836281393272
37.2 0.838930460616
37.22 0.841427720879
37.24 0.843770013944
37.26 0.845954335826
37.28 0.847977851294
37.3 0.849837906003
37.32 0.85153203806
37.34 0.853057988878
37.36 0.854413713288
37.38 0.855597388766
37.4 0.856607423737
37.42 0.857442464851
37.44 0.858101403176
37.46 0.858583379277
37.48 0.858887787081
37.5 0.859014276551
37.52 0.858962755114
37.54 0.858733387829
37.56 0.858326596306
37.58 0.857743056408
37.6 0.8569836947
37.62 0.856049683744
37.64 0.854942436257
37.66 0.853663598174
37.68 0.852215040718
37.7 0.850598851503
37.72 0.84881732481
37.74 0.846872951046
37.76 0.844768405561
37.78 0.842506536838
37.8 0.84009035424
37.82 0.837523015293
37.84 0.834807812761
37.86 0.831948161448
37.88 0.828947584949
37.9 0.825809702364
37.92 0.822538215113
37.94 0.81913689387
37.96 0.815609565813
37.98 0.811960102084
38.0 0.808192405704
38.02 0.804310399899
38.04 0.800318016862
38.06 0.796219187114
38.08 0.792017829372
38.1 0.787717841015
38.12 0.783323089178
38.14 0.778837402451
38.16 0.774264563222
38.18 0.769608300639
38.2 0.764872284223
38.22 0.760060118079
38.24 0.755175335741
38.26 0.750221395566
38.28 0.745201676746
38.3 0.740119475821
38.32 0.734978003729
38.34 0.729780383308
38.36 0.724529647348
38.38 0.719228736887
38.4 0.713880500114
38.42 0.708487691432
38.44 0.703052970944
38.46 0.697578904247
38.48 0.692067962357
38.5 0.686522521996
38.52 0.680944865977
38.54 0.67533718379
38.56 0.669701572286
38.58 0.664040036513
38.6 0.65835449058
38.62 0.652646758623
38.64 0.646918575772
38.66 0.641171589154
38.68 0.635407358908
38.7 0.629627359136
38.72 0.623832978899
38.74 0.618025523133
38.76 0.612206213533
38.78 0.606376189355
38.8 0.600536508307
38.82 0.59468814717
38.84 0.588832002563
38.86 0.582968891651
38.88 0.577099552663
38.9 0.571224645658
38.92 0.565344753025
38.94 0.559460380226
38.96 0.553571956447
38.98 0.547679835358
39.0 0.541784295994
39.02 0.535885543754
39.04 0.529983711566
39.06 0.524078861266
39.08 0.518170985259
39.1 0.512260008457
39.12 0.506345790601
39.14 0.500428128977
39.16 0.494506761647
39.18 0.488581371179
39.2 0.482651589036
39.22 0.476717000523
39.24 0.470777150722
39.26 0.464831550905
39.28 0.458879686122
39.3 0.452921023637
39.32 0.44695502229
39.34 0.440981143146
39.36 0.434998861044
39.38 0.429007677538
39.4 0.423007134927
39.42 0.416996831558
39.44 0.410976438437
39.46 0.404945717017
39.48 0.39890453826
39.5 0.392852902853
39.52 0.386790962553
39.54 0.380719042497
39.56 0.374637664463
39.58 0.368547570759
39.6 0.362449748783
39.62 0.356345455772
39.64 0.350236243739
39.66 0.344123984099
39.68 0.33801089191
39.7 0.331899549123
39.72 0.325792926725
39.74 0.319694405299
39.76 0.313607793483
39.78 0.307537344276
39.8 0.301487768297
39.82 0.295464244121
39.84 0.289472424902
39.86 0.283518441145
39.88 0.27760889925
39.9 0.271750875519
39.92 0.265951905391
39.94 0.260219967768
39.96 0.254563464225
39.98 0.248991193132
