0.0 -0.0431412965648
0.02 -0.0497360424115
0.04 -0.0562461755726
0.06 -0.0626672102662
0.08 -0.0689948298004
0.1 -0.0752248858783
0.12 -0.0813533981207
0.14 -0.0873765538395
0.16 -0.0932907081713
0.18 -0.099092384457
0.2 -0.104778275015
0.22 -0.11034524223
0.24 -0.115790319992
0.26 -0.121110715477
0.28 -0.126303811301
0.3 -0.131367167923
0.32 -0.136298526455
0.34 -0.14109581168
0.36 -0.145757135378
0.38 -0.150280799876
0.4 -0.154665301777
0.42 -0.158909335889
0.44 -0.163011799224
0.46 -0.166971795093
0.48 -0.170788637229
0.5 -0.174461853836
0.52 -0.177991191587
0.54 -0.181376619426
0.56 -0.184618332172
0.58 -0.187716753819
0.6 -0.190672540486
0.62 -0.19348658291
0.64 -0.196160008458
0.66 -0.198694182539
0.68 -0.201090709328
0.7 -0.203351431821
0.72 -0.205478430998
0.74 -0.207474024158
0.76 -0.209340762248
0.78 -0.211081426225
0.8 -0.212699022269
0.82 -0.214196775887
0.84 -0.215578124813
0.86 -0.216846710656
0.88 -0.218006369285
0.9 -0.219061119915
0.92 -0.220015152855
0.94 -0.220872815972
0.96 -0.221638599813
0.98 -0.222317121477
1.0 -0.222913107194
1.02 -0.223431373763
1.04 -0.22387680879
1.06 -0.224254349963
1.08 -0.224568963276
1.1 -0.224825620505
1.12 -0.225029275886
1.14 -0.225184842285
1.16 -0.225297166876
1.18 -0.225371006613
1.2 -0.225411003564
1.22 -0.225421660361
1.24 -0.225407315919
1.26 -0.225372121624
1.28 -0.225320018161
1.3 -0.225254713259
1.32 -0.225179660392
1.34 -0.225098038803
1.36 -0.225012734868
1.38 -0.224926325097
1.4 -0.224841060825
1.42 -0.224758854815
1.44 -0.224681269865
1.46 -0.224609509486
1.48 -0.224544410846
1.5 -0.224486439936
1.52 -0.224435689047
1.54 -0.224391876602
1.56 -0.224354349323
1.58 -0.224322086654
1.6 -0.224293707517
1.62 -0.224267479215
1.64 -0.224241328428
1.66 -0.224212854252
1.68 -0.224179343038
1.7 -0.224137785019
1.72 -0.224084892443
1.74 -0.224017119167
1.76 -0.223930681414
1.78 -0.223821579603
1.8 -0.223685621015
1.82 -0.223518443124
1.84 -0.223315537376
1.86 -0.223072273276
1.88 -0.222783922535
1.9 -0.222445683186
1.92 -0.222052703382
1.94 -0.221600104874
1.96 -0.221083005842
1.98 -0.220496543128
2.0 -0.219835893587
2.02 -0.21909629458
2.04 -0.218273063408
2.06 -0.217361615715
2.08 -0.216357482687
2.1 -0.2152563271
2.12 -0.214053958095
2.14 -0.212746344736
2.16 -0.211329628268
2.18 -0.209800133144
2.2 -0.208154376786
2.22 -0.206389078132
2.24 -0.204501164992
2.26 -0.202487780272
2.28 -0.200346287065
2.3 -0.198074272759
2.32 -0.195669552077
2.34 -0.193130169322
2.36 -0.19045439964
2.38 -0.187640749612
2.4 -0.184687957078
2.42 -0.18159499037
2.44 -0.178361046949
2.46 -0.174985551579
2.48 -0.171468154087
2.5 -0.167808726761
2.52 -0.164007361496
2.54 -0.160064366701
2.56 -0.155980264092
2.58 -0.151755785353
2.6 -0.147391868813
2.62 -0.142889656101
2.64 -0.138250488908
2.66 -0.133475905833
2.68 -0.128567639415
2.7 -0.123527613326
2.72 -0.118357939831
2.74 -0.113060917479
2.76 -0.107639029053
2.78 -0.102094939894
2.8 -0.0964314964483
2.82 -0.0906517252033
2.84 -0.0847588319354
2.86 -0.0787562012623
2.88 -0.0726473965763
2.9 -0.0664361602241
2.92 -0.0601264140093
2.94 -0.0537222600054
2.96 -0.0472279815062
2.98 -0.0406480442971
3.0 -0.0339870979995
3.02 -0.0272499775442
3.04 -0.0204417047002
3.06 -0.0135674895677
3.08 -0.00663273196258
3.1 0.000356977372664
3.12 0.00739585585762
3.14 0.0144779285349
3.16 0.021597028049
3.18 0.0287467952214
3.2 0.0359206804095
3.22 0.0431119457384
3.24 0.0503136683269
3.26 0.0575187447862
3.28 0.0647198969403
3.3 0.071909679146
3.32 0.0790804871487
3.34 0.0862245688515
3.36 0.0933340369331
3.38 0.100400883625
3.4 0.107416997667
3.42 0.114374183613
3.44 0.121264183569
3.46 0.128078701407
3.48 0.134809429525
3.5 0.141448078182
3.52 0.147986407284
3.54 0.154416260676
3.56 0.160729602757
3.58 0.166918557168
3.6 0.172975447555
3.62 0.178892839859
3.64 0.184663586006
3.66 0.190280868526
3.68 0.195738245624
3.7 0.201029696306
3.72 0.206149664893
3.74 0.211093104449
3.76 0.215855518415
3.78 0.22043299987
3.8 0.224822267678
3.82 0.229020698969
3.84 0.233026357173
3.86 0.23683801507
3.88 0.240455172222
3.9 0.243878066262
3.92 0.24710767754
3.94 0.25014572676
3.96 0.252994665283
3.98 0.255657657914
4.0 0.258138558032
4.02 0.260441875141
4.04 0.262572734944
4.06 0.264536832224
4.08 0.266340376851
4.1 0.267990033531
4.12 0.269492855726
4.14 0.270856214595
4.16 0.272087723642
4.18 0.27319515995
4.2 0.274186382935
4.22 0.275069251525
4.24 0.275851540798
4.26 0.276540859069
4.28 0.277144566312
4.3 0.277669695097
4.32 0.278122874738
4.34 0.278510259737
4.36 0.278837463261
4.38 0.279109496452
4.4 0.279330714265
4.42 0.27950476846
4.44 0.279634568263
4.46 0.279722249133
4.48 0.279769150012
4.5 0.279775799242
4.52 0.279741909363
4.54 0.279666380789
4.56 0.279547314361
4.58 0.279382032549
4.6 0.279167109184
4.62 0.278898407184
4.64 0.278571124075
4.66 0.278179844561
4.68 0.27771859968
4.7 0.277180931795
4.72 0.276559964644
4.74 0.27584847772
4.76 0.275038983925
4.78 0.274123809808
4.8 0.273095177216
4.82 0.271945285523
4.84 0.270666393428
4.86 0.269250899338
4.88 0.267691419426
4.9 0.265980862463
4.92 0.264112500557
4.94 0.262080035106
4.96 0.259877657155
4.98 0.257500101711
5.0 0.254942695401
5.02 0.252201397165
5.04 0.249272831689
5.06 0.246154315455
5.08 0.242843875333
5.1 0.23934025982
5.12 0.235642943147
5.14 0.231752122406
5.16 0.227668708285
5.18 0.223394309629
5.2 0.218931212496
5.22 0.214282354269
5.24 0.209451293299
5.26 0.2044421749
5.28 0.199259694169
5.3 0.19390905639
5.32 0.18839593557
5.34 0.182726431765
5.36 0.176907027731
5.38 0.170944545504
5.4 0.164846103236
5.42 0.158619072954
5.44 0.152271039444
5.46 0.145809760644
5.48 0.139243129886
5.5 0.1325791401
5.52 0.125825850257
5.54 0.118991354128
5.56 0.112083751383
5.58 0.105111121225
5.6 0.0980814983647
5.62 0.091002851437
5.64 0.0838830637839
5.66 0.0767299164494
5.68 0.0695510733442
5.7 0.0623540684655
5.72 0.0551462949695
5.74 0.0479349960548
5.76 0.0407272574303
5.78 0.0335300012132
5.8 0.0263499812484
5.82 0.0191937794417
5.84 0.0120678032715
5.86 0.0049782840401
5.88 -0.00206872399498
5.9 -0.00906734399099
5.92 -0.0160118762687
5.94 -0.0228967977838
5.96 -0.0297167612011
5.98 -0.036466593856
6.0 -0.0431412965637
6.02 -0.0497360424121
6.04 -0.0562461755726
6.06 -0.0626672102662
6.08 -0.0689948298004
6.1 -0.0752248858783
6.12 -0.0813533981207
6.14 -0.0873765538395
6.16 -0.0932907081713
6.18 -0.099092384457
6.2 -0.104778275016
6.22 -0.110345242231
6.24 -0.115790319989
6.26 -0.121110715477
6.28 -0.126303811302
6.3 -0.131367167923
6.32 -0.136298526455
6.34 -0.14109581168
6.36 -0.145757135378
6.38 -0.150280799876
6.4 -0.154665301776
6.42 -0.158909335892
6.44 -0.163011799219
6.46 -0.166971795095
6.48 -0.170788637228
6.5 -0.174461853835
6.52 -0.177991191589
6.54 -0.181376619424
6.56 -0.184618332173
6.58 -0.187716753819
6.6 -0.190672540486
6.62 -0.19348658291
6.64 -0.196160008459
6.66 -0.198694182538
6.68 -0.201090709327
6.7 -0.203351431823
6.72 -0.205478430997
6.74 -0.207474024159
6.76 -0.209340762247
6.78 -0.211081426227
6.8 -0.212699022266
6.82 -0.214196775888
6.84 -0.215578124814
6.86 -0.216846710654
6.88 -0.218006369286
6.9 -0.219061119915
6.92 -0.220015152855
6.94 -0.22087281597
6.96 -0.221638599814
6.98 -0.222317121477
7.0 -0.222913107194
7.02 -0.223431373763
7.04 -0.22387680879
7.06 -0.224254349963
7.08 -0.224568963276
7.1 -0.224825620505
7.12 -0.225029275886
7.14 -0.225184842285
7.16 -0.225297166876
7.18 -0.225371006613
7.2 -0.225411003564
7.22 -0.225421660361
7.24 -0.225407315919
7.26 -0.225372121623
7.28 -0.225320018162
7.3 -0.225254713258
7.32 -0.225179660392
7.34 -0.225098038802
7.36 -0.225012734868
7.38 -0.224926325097
7.4 -0.224841060825
7.42 -0.224758854815
7.44 -0.224681269865
7.46 -0.224609509486
7.48 -0.224544410846
7.5 -0.224486439936
7.52 -0.224435689047
7.54 -0.224391876602
7.56 -0.224354349323
7.58 -0.224322086654
7.6 -0.224293707517
7.62 -0.224267479214
7.64 -0.224241328429
7.66 -0.224212854252
7.68 -0.224179343038
7.7 -0.224137785019
7.72 -0.224084892443
7.74 -0.224017119167
7.76 -0.223930681414
7.78 -0.223821579603
7.8 -0.223685621015
7.82 -0.223518443124
7.84 -0.223315537376
7.86 -0.223072273276
7.88 -0.222783922535
7.9 -0.222445683186
7.92 -0.222052703382
7.94 -0.221600104875
7.96 -0.221083005842
7.98 -0.220496543128
8.0 -0.219835893587
8.02 -0.219096294579
8.04 -0.21827306341
8.06 -0.217361615714
8.08 -0.216357482687
8.1 -0.215256327101
8.12 -0.214053958093
8.14 -0.212746344737
8.16 -0.211329628268
8.18 -0.209800133144
8.2 -0.208154376786
8.22 -0.206389078132
8.24 -0.20450116499
8.26 -0.202487780273
8.28 -0.200346287066
8.3 -0.198074272758
8.32 -0.195669552077
8.34 -0.193130169323
8.36 -0.190454399638
8.38 -0.187640749612
8.4 -0.184687957077
8.42 -0.181594990371
8.44 -0.17836104695
8.46 -0.174985551578
8.48 -0.171468154088
8.5 -0.167808726759
8.52 -0.164007361497
8.54 -0.160064366701
8.56 -0.155980264091
8.58 -0.151755785355
8.6 -0.147391868812
8.62 -0.142889656101
8.64 -0.138250488908
8.66 -0.133475905833
8.68 -0.128567639415
8.7 -0.123527613326
8.72 -0.118357939831
8.74 -0.113060917477
8.76 -0.107639029054
8.78 -0.102094939894
8.8 -0.0964314964483
8.82 -0.0906517252033
8.84 -0.0847588319354
8.86 -0.0787562012606
8.88 -0.0726473965797
8.9 -0.0664361602213
8.92 -0.0601264140138
8.94 -0.0537222599992
8.96 -0.047227981509
8.98 -0.0406480442977
9.0 -0.0339870979978
9.02 -0.027249977546
9.04 -0.0204417047006
9.06 -0.0135674895656
9.08 -0.00663273196411
9.1 0.000356977373163
9.12 0.00739585585833
9.14 0.0144779285334
9.16 0.0215970280502
9.18 0.0287467952205
9.2 0.035920680409
9.22 0.0431119457419
9.24 0.0503136683227
9.26 0.0575187447883
9.28 0.0647198969407
9.3 0.0719096791447
9.32 0.0790804871482
9.34 0.0862245688528
9.36 0.0933340369323
9.38 0.100400883626
9.4 0.107416997665
9.42 0.114374183613
9.44 0.121264183569
9.46 0.128078701407
9.48 0.134809429526
9.5 0.141448078182
9.52 0.147986407282
9.54 0.154416260678
9.56 0.160729602753
9.58 0.16691855717
9.6 0.172975447553
9.62 0.178892839863
9.64 0.184663586004
9.66 0.190280868526
9.68 0.195738245624
9.7 0.201029696307
9.72 0.206149664893
9.74 0.211093104448
9.76 0.215855518416
9.78 0.220432999868
9.8 0.224822267682
9.82 0.229020698967
9.84 0.233026357175
9.86 0.236838015066
9.88 0.240455172223
9.9 0.243878066262
9.92 0.24710767754
9.94 0.25014572676
9.96 0.252994665283
9.98 0.255657657915
10.0 0.258138558032
10.02 0.260441875141
10.04 0.262572734944
10.06 0.264536832226
10.08 0.266340376848
10.1 0.267990033534
10.12 0.269492855723
10.14 0.270856214597
10.16 0.272087723642
10.18 0.273195159951
10.2 0.274186382934
10.22 0.275069251525
10.24 0.275851540799
10.26 0.276540859068
10.28 0.277144566313
10.3 0.277669695097
10.32 0.278122874738
10.34 0.278510259737
10.36 0.278837463263
10.38 0.279109496448
10.4 0.279330714268
10.42 0.27950476846
10.44 0.279634568263
10.46 0.279722249133
10.48 0.279769150012
10.5 0.279775799242
10.52 0.279741909363
10.54 0.279666380789
10.56 0.279547314361
10.58 0.279382032549
10.6 0.279167109184
10.62 0.278898407184
10.64 0.278571124075
10.66 0.278179844562
10.68 0.27771859968
10.7 0.277180931795
10.72 0.276559964644
10.74 0.27584847772
10.76 0.275038983925
10.78 0.274123809808
10.8 0.273095177216
10.82 0.271945285522
10.84 0.270666393429
10.86 0.269250899338
10.88 0.267691419426
10.9 0.265980862463
10.92 0.264112500559
10.94 0.262080035102
10.96 0.259877657157
10.98 0.257500101711
11.0 0.254942695402
11.02 0.252201397165
11.04 0.249272831689
11.06 0.246154315455
11.08 0.242843875333
11.1 0.23934025982
11.12 0.235642943147
11.14 0.231752122406
11.16 0.227668708286
11.18 0.223394309628
11.2 0.218931212497
11.22 0.214282354269
11.24 0.209451293298
11.26 0.204442174903
11.28 0.199259694168
11.3 0.19390905639
11.32 0.188395935571
11.34 0.182726431759
11.36 0.176907027738
11.38 0.1709445455
11.4 0.164846103237
11.42 0.158619072952
11.44 0.152271039445
11.46 0.145809760645
11.48 0.139243129888
11.5 0.132579140097
11.52 0.125825850258
11.54 0.118991354127
11.56 0.112083751383
11.58 0.105111121227
11.6 0.0980814983613
11.62 0.0910028514391
11.64 0.0838830637814
11.66 0.0767299164532
11.68 0.0695510733408
11.7 0.0623540684688
11.72 0.0551462949674
11.74 0.0479349960557
11.76 0.0407272574295
11.78 0.0335300012141
11.8 0.0263499812487
11.82 0.0191937794402
11.84 0.0120678032723
11.86 0.00497828403793
11.88 -0.00206872399231
11.9 -0.00906734399099
11.92 -0.016011876268
11.94 -0.0228967977833
11.96 -0.0297167612039
11.98 -0.0364665938549
12.0 -0.0431412965665
12.02 -0.0497360424059
12.04 -0.0562461755771
12.06 -0.0626672102651
12.08 -0.0689948298015
12.1 -0.0752248858778
12.12 -0.0813533981195
12.14 -0.087376553839
12.16 -0.0932907081713
12.18 -0.0990923844591
12.2 -0.104778275015
12.22 -0.110345242231
12.24 -0.11579031999
12.26 -0.12111071548
12.28 -0.126303811298
12.3 -0.131367167925
12.32 -0.136298526456
12.34 -0.141095811677
12.36 -0.145757135382
12.38 -0.150280799873
12.4 -0.154665301778
12.42 -0.158909335888
12.44 -0.163011799224
12.46 -0.166971795092
12.48 -0.170788637229
12.5 -0.174461853835
12.52 -0.177991191589
12.54 -0.181376619425
12.56 -0.18461833217
12.58 -0.187716753822
12.6 -0.190672540485
12.62 -0.19348658291
12.64 -0.196160008459
12.66 -0.198694182537
12.68 -0.201090709329
12.7 -0.203351431822
12.72 -0.205478430997
12.74 -0.207474024158
12.76 -0.209340762248
12.78 -0.211081426225
12.8 -0.212699022269
12.82 -0.214196775887
12.84 -0.215578124814
12.86 -0.216846710654
12.88 -0.218006369286
12.9 -0.219061119915
12.92 -0.220015152855
12.94 -0.220872815971
12.96 -0.221638599814
12.98 -0.222317121477
13.0 -0.222913107195
13.02 -0.223431373761
13.04 -0.223876808791
13.06 -0.224254349964
13.08 -0.224568963277
13.1 -0.224825620503
13.12 -0.225029275887
13.14 -0.225184842285
13.16 -0.225297166876
13.18 -0.225371006613
13.2 -0.225411003564
13.22 -0.225421660361
13.24 -0.225407315919
13.26 -0.225372121622
13.28 -0.225320018163
13.3 -0.225254713259
13.32 -0.225179660392
13.34 -0.225098038803
13.36 -0.225012734868
13.38 -0.224926325097
13.4 -0.224841060825
13.42 -0.224758854815
13.44 -0.224681269865
13.46 -0.224609509486
13.48 -0.224544410846
13.5 -0.224486439936
13.52 -0.224435689047
13.54 -0.224391876602
13.56 -0.224354349323
13.58 -0.224322086654
13.6 -0.224293707517
13.62 -0.224267479215
13.64 -0.224241328429
13.66 -0.224212854251
13.68 -0.224179343039
13.7 -0.224137785019
13.72 -0.224084892443
13.74 -0.224017119167
13.76 -0.223930681415
13.78 -0.223821579603
13.8 -0.223685621015
13.82 -0.223518443125
13.84 -0.223315537375
13.86 -0.223072273276
13.88 -0.222783922536
13.9 -0.222445683186
13.92 -0.222052703383
13.94 -0.221600104875
13.96 -0.221083005841
13.98 -0.220496543128
14.0 -0.219835893589
14.02 -0.219096294578
14.04 -0.21827306341
14.06 -0.217361615714
14.08 -0.216357482687
14.1 -0.215256327099
14.12 -0.214053958096
14.14 -0.212746344735
14.16 -0.211329628269
14.18 -0.209800133144
14.2 -0.208154376787
14.22 -0.20638907813
14.24 -0.204501164991
14.26 -0.202487780274
14.28 -0.200346287065
14.3 -0.198074272755
14.32 -0.19566955208
14.34 -0.193130169323
14.36 -0.190454399638
14.38 -0.187640749611
14.4 -0.184687957079
14.42 -0.181594990371
14.44 -0.178361046948
14.46 -0.174985551579
14.48 -0.171468154087
14.5 -0.16780872676
14.52 -0.164007361494
14.54 -0.160064366705
14.56 -0.155980264089
14.58 -0.151755785355
14.6 -0.147391868811
14.62 -0.142889656102
14.64 -0.13825048891
14.66 -0.133475905831
14.68 -0.128567639415
14.7 -0.123527613329
14.72 -0.11835793983
14.74 -0.113060917476
14.76 -0.107639029056
14.78 -0.102094939893
14.8 -0.0964314964483
14.82 -0.0906517252022
14.84 -0.0847588319358
14.86 -0.0787562012646
14.88 -0.0726473965746
14.9 -0.0664361602241
14.92 -0.0601264140093
14.94 -0.0537222600049
14.96 -0.0472279815039
14.98 -0.0406480443033
15.0 -0.0339870979961
15.02 -0.0272499775425
15.04 -0.0204417047024
15.06 -0.0135674895672
15.08 -0.00663273196495
15.1 0.000356977376736
15.12 0.00739585585544
15.14 0.0144779285354
15.16 0.0215970280512
15.18 0.0287467952167
15.2 0.0359206804126
15.22 0.043111945738
15.24 0.0503136683286
15.26 0.0575187447815
15.28 0.0647198969458
15.3 0.071909679143
15.32 0.0790804871499
15.34 0.086224568849
15.36 0.0933340369335
15.38 0.100400883628
15.4 0.107416997666
15.42 0.114374183613
15.44 0.121264183567
15.46 0.128078701408
15.48 0.134809429526
15.5 0.141448078183
15.52 0.14798640728
15.54 0.15441626068
15.56 0.160729602753
15.58 0.166918557168
15.6 0.172975447556
15.62 0.178892839861
15.64 0.184663586004
15.66 0.190280868526
15.68 0.195738245625
15.7 0.201029696305
15.72 0.206149664894
15.74 0.211093104448
15.76 0.215855518417
15.78 0.220432999867
15.8 0.224822267677
15.82 0.229020698973
15.84 0.233026357173
15.86 0.236838015066
15.88 0.240455172223
15.9 0.243878066264
15.92 0.247107677536
15.94 0.250145726763
15.96 0.252994665283
15.98 0.255657657915
16.0 0.258138558032
16.02 0.260441875141
16.04 0.262572734944
16.06 0.264536832226
16.08 0.266340376849
16.1 0.267990033529
16.12 0.269492855728
16.14 0.270856214595
16.16 0.272087723642
16.18 0.273195159951
16.2 0.274186382935
16.22 0.275069251525
16.24 0.275851540798
16.26 0.276540859069
16.28 0.277144566312
16.3 0.277669695097
16.32 0.278122874738
16.34 0.278510259737
16.36 0.278837463262
16.38 0.279109496452
16.4 0.279330714266
16.42 0.27950476846
16.44 0.279634568263
16.46 0.279722249133
16.48 0.279769150012
16.5 0.279775799242
16.52 0.279741909363
16.54 0.279666380789
16.56 0.279547314361
16.58 0.279382032549
16.6 0.279167109184
16.62 0.278898407185
16.64 0.278571124075
16.66 0.278179844561
16.68 0.277718599681
16.7 0.277180931795
16.72 0.276559964645
16.74 0.27584847772
16.76 0.275038983925
16.78 0.274123809809
16.8 0.273095177216
16.82 0.271945285523
16.84 0.270666393428
16.86 0.269250899338
16.88 0.267691419426
16.9 0.265980862463
16.92 0.264112500557
16.94 0.262080035106
16.96 0.259877657155
16.98 0.257500101711
17.0 0.254942695403
17.02 0.252201397161
17.04 0.249272831692
17.06 0.246154315454
17.08 0.242843875332
17.1 0.239340259824
17.12 0.235642943145
17.14 0.231752122404
17.16 0.227668708289
17.18 0.223394309625
17.2 0.2189312125
17.22 0.214282354267
17.24 0.2094512933
17.26 0.204442174899
17.28 0.199259694173
17.3 0.193909056389
17.32 0.18839593557
17.34 0.182726431764
17.36 0.176907027733
17.38 0.170944545502
17.4 0.164846103234
17.42 0.158619072957
17.44 0.152271039442
17.46 0.145809760644
17.48 0.139243129885
17.5 0.132579140103
17.52 0.125825850257
17.54 0.118991354125
17.56 0.112083751387
17.58 0.105111121224
17.6 0.098081498363
17.62 0.0910028514374
17.64 0.0838830637899
17.66 0.0767299164431
17.68 0.0695510733459
17.7 0.0623540684638
17.72 0.0551462949729
17.74 0.0479349960536
17.76 0.0407272574278
17.78 0.0335300012187
17.8 0.0263499812433
17.82 0.0191937794417
17.84 0.012067803272
17.86 0.00497828404542
17.88 -0.00206872400027
17.9 -0.0090673439898
17.92 -0.0160118762704
17.94 -0.0228967977788
17.96 -0.0297167612056
17.98 -0.0364665938566
18.0 -0.0431412965614
18.02 -0.0497360424127
18.04 -0.0562461755737
18.06 -0.0626672102656
18.08 -0.0689948297966
18.1 -0.0752248858827
18.12 -0.0813533981196
18.14 -0.0873765538378
18.16 -0.093290708173
18.18 -0.0990923844586
18.2 -0.104778275015
18.22 -0.110345242227
18.24 -0.115790319995
18.26 -0.121110715476
18.28 -0.126303811302
18.3 -0.131367167919
18.32 -0.136298526459
18.34 -0.141095811679
18.36 -0.145757135377
18.38 -0.150280799878
18.4 -0.154665301777
18.42 -0.15890933589
18.44 -0.16301179922
18.46 -0.166971795095
18.48 -0.170788637229
18.5 -0.174461853835
18.52 -0.177991191584
18.54 -0.181376619431
18.56 -0.18461833217
18.58 -0.187716753818
18.6 -0.190672540488
18.62 -0.193486582909
18.64 -0.19616000846
18.66 -0.198694182536
18.68 -0.201090709329
18.7 -0.203351431821
18.72 -0.205478431
18.74 -0.207474024153
18.76 -0.20934076225
18.78 -0.211081426228
18.8 -0.212699022266
18.82 -0.214196775889
18.84 -0.215578124814
18.86 -0.216846710654
18.88 -0.218006369286
18.9 -0.219061119916
18.92 -0.220015152855
18.94 -0.220872815971
18.96 -0.221638599814
18.98 -0.222317121477
19.0 -0.222913107195
19.02 -0.223431373761
19.04 -0.223876808791
19.06 -0.224254349964
19.08 -0.224568963277
19.1 -0.224825620503
19.12 -0.225029275887
19.14 -0.225184842285
19.16 -0.225297166876
19.18 -0.225371006613
19.2 -0.225411003564
19.22 -0.225421660361
19.24 -0.225407315919
19.26 -0.225372121623
19.28 -0.225320018161
19.3 -0.225254713259
19.32 -0.225179660392
19.34 -0.225098038803
19.36 -0.225012734868
19.38 -0.224926325097
19.4 -0.224841060825
19.42 -0.224758854815
19.44 -0.224681269865
19.46 -0.224609509486
19.48 -0.224544410846
19.5 -0.224486439936
19.52 -0.224435689047
19.54 -0.224391876602
19.56 -0.224354349323
19.58 -0.224322086654
19.6 -0.224293707517
19.62 -0.224267479215
19.64 -0.224241328428
19.66 -0.224212854252
19.68 -0.224179343038
19.7 -0.224137785019
19.72 -0.224084892443
19.74 -0.224017119167
19.76 -0.223930681414
19.78 -0.223821579604
19.8 -0.223685621015
19.82 -0.223518443125
19.84 -0.223315537375
19.86 -0.223072273275
19.88 -0.222783922537
19.9 -0.222445683186
19.92 -0.222052703383
19.94 -0.221600104875
19.96 -0.221083005841
19.98 -0.220496543129
20.0 -0.219835893586
20.02 -0.219096294581
20.04 -0.21827306341
20.06 -0.217361615713
20.08 -0.216357482687
20.1 -0.2152563271
20.12 -0.214053958095
20.14 -0.212746344735
20.16 -0.211329628268
20.18 -0.209800133144
20.2 -0.208154376788
20.22 -0.20638907813
20.24 -0.204501164993
20.26 -0.202487780272
20.28 -0.200346287066
20.3 -0.198074272757
20.32 -0.195669552077
20.34 -0.193130169323
20.36 -0.190454399641
20.38 -0.187640749607
20.4 -0.184687957081
20.42 -0.181594990369
20.44 -0.178361046951
20.46 -0.174985551576
20.48 -0.171468154088
20.5 -0.167808726762
20.52 -0.164007361492
20.54 -0.160064366703
20.56 -0.155980264092
20.58 -0.151755785357
20.6 -0.147391868811
20.62 -0.142889656097
20.64 -0.138250488915
20.66 -0.133475905828
20.68 -0.128567639418
20.7 -0.123527613326
20.72 -0.118357939832
20.74 -0.113060917475
20.76 -0.107639029057
20.78 -0.102094939893
20.8 -0.0964314964489
20.82 -0.0906517252001
20.84 -0.0847588319386
20.86 -0.0787562012595
20.88 -0.0726473965808
20.9 -0.0664361602181
20.92 -0.0601264140138
20.94 -0.053722260006
20.96 -0.0472279815022
20.98 -0.0406480442982
21.0 -0.0339870980046
21.02 -0.0272499775374
21.04 -0.0204417047047
21.06 -0.0135674895632
21.08 -0.00663273197171
21.1 0.000356977384
21.12 0.00739585585157
21.14 0.0144779285351
21.16 0.0215970280502
21.18 0.02874679522
21.2 0.0359206804116
21.22 0.0431119457364
21.24 0.0503136683261
21.26 0.0575187447912
21.28 0.0647198969365
21.3 0.071909679146
21.32 0.0790804871482
21.34 0.0862245688541
21.36 0.0933340369284
21.38 0.10040088363
21.4 0.107416997666
21.42 0.114374183614
21.44 0.121264183564
21.46 0.128078701414
21.48 0.134809429524
21.5 0.141448078184
21.52 0.147986407275
21.54 0.154416260686
21.56 0.160729602748
21.58 0.166918557171
21.6 0.172975447556
21.62 0.178892839861
21.64 0.184663586006
21.66 0.190280868523
21.68 0.195738245625
21.7 0.20102969631
21.72 0.206149664887
21.74 0.211093104454
21.76 0.215855518413
21.78 0.220432999872
21.8 0.224822267673
21.82 0.229020698974
21.84 0.233026357173
21.86 0.236838015068
21.88 0.240455172219
21.9 0.243878066269
21.92 0.247107677534
21.94 0.250145726762
21.96 0.252994665284
21.98 0.255657657916
22.0 0.258138558029
22.02 0.260441875143
22.04 0.262572734944
22.06 0.264536832226
22.08 0.266340376849
22.1 0.267990033529
22.12 0.269492855728
22.14 0.270856214595
22.16 0.27208772364
22.18 0.273195159955
22.2 0.27418638293
22.22 0.275069251527
22.24 0.275851540798
22.26 0.276540859069
22.28 0.277144566312
22.3 0.277669695097
22.32 0.278122874738
22.34 0.278510259736
22.36 0.278837463262
22.38 0.279109496452
22.4 0.279330714266
22.42 0.27950476846
22.44 0.279634568263
22.46 0.279722249133
22.48 0.279769150012
22.5 0.279775799242
22.52 0.279741909363
22.54 0.279666380789
22.56 0.279547314361
22.58 0.279382032549
22.6 0.279167109184
22.62 0.278898407185
22.64 0.278571124075
22.66 0.278179844561
22.68 0.277718599681
22.7 0.277180931795
22.72 0.276559964644
22.74 0.27584847772
22.76 0.275038983924
22.78 0.274123809808
22.8 0.273095177216
22.82 0.271945285522
22.84 0.270666393429
22.86 0.269250899337
22.88 0.267691419427
22.9 0.265980862463
22.92 0.264112500557
22.94 0.262080035106
22.96 0.259877657155
22.98 0.257500101711
23.0 0.254942695403
23.02 0.252201397159
23.04 0.249272831694
23.06 0.246154315454
23.08 0.242843875331
23.1 0.239340259822
23.12 0.235642943149
23.14 0.231752122403
23.16 0.227668708289
23.18 0.223394309625
23.2 0.218931212502
23.22 0.214282354264
23.24 0.209451293301
23.26 0.204442174899
23.28 0.199259694173
23.3 0.193909056387
23.32 0.188395935573
23.34 0.182726431763
23.36 0.176907027731
23.38 0.170944545503
23.4 0.164846103235
23.42 0.158619072956
23.44 0.152271039445
23.46 0.14580976064
23.48 0.139243129893
23.5 0.132579140093
23.52 0.125825850264
23.54 0.118991354121
23.56 0.112083751388
23.58 0.105111121223
23.6 0.0980814983634
23.62 0.0910028514383
23.64 0.0838830637869
23.66 0.0767299164435
23.68 0.0695510733485
23.7 0.0623540684625
23.72 0.0551462949729
23.74 0.0479349960523
23.76 0.0407272574303
23.78 0.0335300012175
23.8 0.0263499812433
23.82 0.0191937794426
23.84 0.0120678032701
23.86 0.004978284043
23.88 -0.00206872399351
23.9 -0.00906734399556
23.92 -0.0160118762628
23.94 -0.0228967977897
23.96 -0.0297167611971
23.98 -0.0364665938571
24.0 -0.0431412965654
24.02 -0.0497360424115
24.04 -0.0562461755732
24.06 -0.0626672102634
24.08 -0.068994829801
24.1 -0.0752248858833
24.12 -0.0813533981141
24.14 -0.0873765538427
24.16 -0.0932907081705
24.18 -0.0990923844595
24.2 -0.104778275013
24.22 -0.110345242229
24.24 -0.115790319995
24.26 -0.121110715477
24.28 -0.126303811299
24.3 -0.131367167923
24.32 -0.136298526455
24.34 -0.141095811681
24.36 -0.145757135377
24.38 -0.150280799878
24.4 -0.154665301776
24.42 -0.158909335889
24.44 -0.163011799224
24.46 -0.166971795094
24.48 -0.170788637227
24.5 -0.174461853834
24.52 -0.177991191588
24.54 -0.181376619429
24.56 -0.18461833217
24.58 -0.187716753822
24.6 -0.190672540483
24.62 -0.193486582912
24.64 -0.196160008458
24.66 -0.198694182537
24.68 -0.201090709329
24.7 -0.203351431819
24.72 -0.205478431001
24.74 -0.207474024157
24.76 -0.209340762246
24.78 -0.211081426228
24.8 -0.212699022266
24.82 -0.21419677589
24.84 -0.215578124811
24.86 -0.216846710656
24.88 -0.218006369286
24.9 -0.219061119915
24.92 -0.220015152855
24.94 -0.22087281597
24.96 -0.221638599815
24.98 -0.222317121477
25.0 -0.222913107195
25.02 -0.223431373761
25.04 -0.223876808792
25.06 -0.224254349963
25.08 -0.224568963277
25.1 -0.224825620504
25.12 -0.225029275887
25.14 -0.225184842284
25.16 -0.225297166875
25.18 -0.225371006615
25.2 -0.225411003563
25.22 -0.225421660361
25.24 -0.225407315919
25.26 -0.225372121623
25.28 -0.225320018161
25.3 -0.225254713259
25.32 -0.225179660392
25.34 -0.225098038802
25.36 -0.225012734868
25.38 -0.224926325097
25.4 -0.224841060825
25.42 -0.224758854815
25.44 -0.224681269865
25.46 -0.224609509486
25.48 -0.224544410846
25.5 -0.224486439936
25.52 -0.224435689047
25.54 -0.224391876602
25.56 -0.224354349323
25.58 -0.224322086654
25.6 -0.224293707517
25.62 -0.224267479214
25.64 -0.224241328429
25.66 -0.224212854252
25.68 -0.224179343038
25.7 -0.224137785018
25.72 -0.224084892444
25.74 -0.224017119167
25.76 -0.223930681414
25.78 -0.223821579605
25.8 -0.223685621014
25.82 -0.223518443125
25.84 -0.223315537376
25.86 -0.223072273275
25.88 -0.222783922537
25.9 -0.222445683184
25.92 -0.222052703386
25.94 -0.221600104873
25.96 -0.221083005841
25.98 -0.220496543129
26.0 -0.219835893586
26.02 -0.219096294583
26.04 -0.218273063406
26.06 -0.217361615718
26.08 -0.216357482686
26.1 -0.215256327098
26.12 -0.214053958097
26.14 -0.212746344735
26.16 -0.211329628269
26.18 -0.209800133145
26.2 -0.208154376785
26.22 -0.206389078135
26.24 -0.204501164991
26.26 -0.202487780268
26.28 -0.200346287071
26.3 -0.198074272755
26.32 -0.195669552077
26.34 -0.193130169323
26.36 -0.19045439964
26.38 -0.187640749613
26.4 -0.184687957076
26.42 -0.18159499037
26.44 -0.17836104695
26.46 -0.17498555158
26.48 -0.171468154085
26.5 -0.167808726764
26.52 -0.164007361494
26.54 -0.160064366699
26.56 -0.155980264095
26.58 -0.15175578535
26.6 -0.147391868816
26.62 -0.142889656101
26.64 -0.138250488904
26.66 -0.133475905841
26.68 -0.128567639411
26.7 -0.123527613322
26.72 -0.118357939839
26.74 -0.113060917472
26.76 -0.107639029057
26.78 -0.10209493989
26.8 -0.0964314964496
26.82 -0.0906517252098
26.84 -0.0847588319282
26.86 -0.0787562012623
26.88 -0.0726473965786
26.9 -0.0664361602235
26.92 -0.0601264140088
26.94 -0.0537222600076
26.96 -0.0472279815051
26.98 -0.0406480442932
27.0 -0.0339870980057
27.02 -0.0272499775374
27.04 -0.0204417047064
27.06 -0.0135674895678
27.08 -0.00663273195684
27.1 0.000356977365208
27.12 0.00739585586171
27.14 0.0144779285395
27.16 0.0215970280415
27.18 0.0287467952234
27.2 0.0359206804133
27.22 0.0431119457296
27.24 0.0503136683387
27.26 0.0575187447777
27.28 0.0647198969441
27.3 0.0719096791443
27.32 0.0790804871499
27.34 0.0862245688494
27.36 0.0933340369366
27.38 0.100400883621
27.4 0.107416997668
27.42 0.114374183617
27.44 0.121264183565
27.46 0.128078701412
27.48 0.134809429521
27.5 0.141448078184
27.52 0.147986407285
27.54 0.154416260672
27.56 0.160729602757
27.58 0.166918557173
27.6 0.172975447553
27.62 0.178892839859
27.64 0.184663586008
27.66 0.190280868521
27.68 0.19573824563
27.7 0.201029696304
27.72 0.206149664893
27.74 0.211093104448
27.76 0.215855518417
27.78 0.220432999867
27.8 0.224822267681
27.82 0.229020698966
27.84 0.233026357174
27.86 0.236838015072
27.88 0.240455172218
27.9 0.243878066267
27.92 0.247107677535
27.94 0.25014572676
27.96 0.252994665287
27.98 0.255657657911
28.0 0.258138558034
28.02 0.260441875141
28.04 0.262572734944
28.06 0.264536832225
28.08 0.26634037685
28.1 0.267990033529
28.12 0.269492855729
28.14 0.270856214595
28.16 0.272087723642
28.18 0.273195159952
28.2 0.274186382933
28.22 0.275069251523
28.24 0.275851540801
28.26 0.276540859068
28.28 0.277144566313
28.3 0.277669695098
28.32 0.278122874737
28.34 0.278510259737
28.36 0.278837463263
28.38 0.279109496448
28.4 0.279330714268
28.42 0.27950476846
28.44 0.279634568263
28.46 0.279722249133
28.48 0.279769150012
28.5 0.279775799242
28.52 0.279741909363
28.54 0.279666380789
28.56 0.279547314362
28.58 0.279382032549
28.6 0.279167109184
28.62 0.278898407184
28.64 0.278571124075
28.66 0.278179844562
28.68 0.277718599679
28.7 0.277180931798
28.72 0.276559964643
28.74 0.27584847772
28.76 0.275038983925
28.78 0.274123809809
28.8 0.273095177214
28.82 0.271945285527
28.84 0.270666393424
28.86 0.269250899339
28.88 0.267691419428
28.9 0.265980862458
28.92 0.264112500561
28.94 0.262080035104
28.96 0.259877657155
28.98 0.257500101711
29.0 0.254942695403
29.02 0.252201397161
29.04 0.249272831692
29.06 0.246154315454
29.08 0.242843875331
29.1 0.239340259825
29.12 0.235642943145
29.14 0.231752122404
29.16 0.227668708289
29.18 0.223394309625
29.2 0.2189312125
29.22 0.214282354267
29.24 0.209451293299
29.26 0.204442174902
29.28 0.199259694167
29.3 0.193909056394
29.32 0.18839593557
29.34 0.182726431758
29.36 0.176907027741
29.38 0.170944545502
29.4 0.164846103229
29.42 0.15861907296
29.44 0.152271039443
29.46 0.145809760644
29.48 0.139243129885
29.5 0.132579140099
29.52 0.12582585026
29.54 0.11899135413
29.56 0.112083751381
29.58 0.105111121225
29.6 0.0980814983647
29.62 0.0910028514344
29.64 0.0838830637878
29.66 0.0767299164494
29.68 0.0695510733396
29.7 0.0623540684739
29.72 0.0551462949598
29.74 0.0479349960629
29.76 0.0407272574282
29.78 0.0335300012095
29.8 0.0263499812517
29.82 0.0191937794451
29.84 0.0120678032621
29.86 0.00497828404784
29.88 -0.00206872400028
29.9 -0.00906734398592
29.92 -0.0160118762726
29.94 -0.0228967977821
29.96 -0.0297167612022
29.98 -0.0364665938514
30.0 -0.0431412965682
30.02 -0.049736042411
30.04 -0.0562461755715
30.06 -0.0626672102707
30.08 -0.068994829796
30.1 -0.0752248858778
30.12 -0.0813533981249
30.14 -0.087376553833
30.16 -0.0932907081779
30.18 -0.0990923844542
30.2 -0.104778275015
30.22 -0.110345242233
30.24 -0.115790319989
30.26 -0.121110715475
30.28 -0.126303811307
30.3 -0.131367167918
30.32 -0.136298526458
30.34 -0.141095811679
30.36 -0.145757135379
30.38 -0.150280799875
30.4 -0.154665301778
30.42 -0.158909335886
30.44 -0.163011799225
30.46 -0.166971795094
30.48 -0.170788637226
30.5 -0.17446185384
30.52 -0.177991191585
30.54 -0.181376619424
30.56 -0.184618332176
30.58 -0.18771675382
30.6 -0.190672540484
30.62 -0.193486582911
30.64 -0.19616000846
30.66 -0.198694182538
30.68 -0.201090709326
30.7 -0.20335143182
30.72 -0.205478431001
30.74 -0.207474024157
30.76 -0.209340762245
30.78 -0.211081426229
30.8 -0.212699022265
30.82 -0.214196775891
30.84 -0.215578124809
30.86 -0.216846710655
30.88 -0.21800636929
30.9 -0.219061119911
30.92 -0.220015152857
30.94 -0.22087281597
30.96 -0.221638599816
30.98 -0.222317121473
31.0 -0.222913107197
31.02 -0.223431373764
31.04 -0.223876808789
31.06 -0.224254349964
31.08 -0.224568963278
31.1 -0.224825620502
31.12 -0.225029275887
31.14 -0.225184842283
31.16 -0.225297166877
31.18 -0.225371006613
31.2 -0.225411003564
31.22 -0.225421660362
31.24 -0.225407315919
31.26 -0.225372121625
31.28 -0.225320018159
31.3 -0.22525471326
31.32 -0.225179660392
31.34 -0.225098038802
31.36 -0.225012734868
31.38 -0.224926325097
31.4 -0.224841060825
31.42 -0.224758854815
31.44 -0.224681269865
31.46 -0.224609509486
31.48 -0.224544410846
31.5 -0.224486439936
31.52 -0.224435689047
31.54 -0.224391876602
31.56 -0.224354349322
31.58 -0.224322086655
31.6 -0.224293707516
31.62 -0.224267479214
31.64 -0.224241328429
31.66 -0.224212854251
31.68 -0.22417934304
31.7 -0.224137785016
31.72 -0.224084892447
31.74 -0.224017119165
31.76 -0.223930681412
31.78 -0.223821579607
31.8 -0.223685621013
31.82 -0.223518443124
31.84 -0.223315537377
31.86 -0.223072273275
31.88 -0.222783922534
31.9 -0.222445683187
31.92 -0.222052703382
31.94 -0.221600104875
31.96 -0.221083005841
31.98 -0.220496543127
32.0 -0.219835893591
32.02 -0.219096294578
32.04 -0.218273063407
32.06 -0.217361615718
32.08 -0.216357482687
32.1 -0.215256327096
32.12 -0.214053958099
32.14 -0.212746344733
32.16 -0.21132962827
32.18 -0.209800133146
32.2 -0.208154376782
32.22 -0.206389078135
32.24 -0.204501164989
32.26 -0.202487780271
32.28 -0.200346287068
32.3 -0.198074272757
32.32 -0.195669552076
32.34 -0.193130169323
32.36 -0.19045439964
32.38 -0.18764074961
32.4 -0.184687957079
32.42 -0.181594990371
32.44 -0.178361046952
32.46 -0.174985551576
32.48 -0.171468154086
32.5 -0.167808726761
32.52 -0.164007361498
32.54 -0.160064366698
32.56 -0.155980264098
32.58 -0.151755785347
32.6 -0.147391868819
32.62 -0.142889656102
32.64 -0.138250488901
32.66 -0.133475905841
32.68 -0.128567639412
32.7 -0.123527613323
32.72 -0.118357939839
32.74 -0.113060917471
32.76 -0.107639029055
32.78 -0.102094939894
32.8 -0.0964314964466
32.82 -0.0906517252056
32.84 -0.0847588319337
32.86 -0.0787562012617
32.88 -0.072647396583
32.9 -0.066436160217
32.92 -0.0601264140116
32.94 -0.0537222600043
32.96 -0.0472279815107
32.98 -0.0406480442892
33.0 -0.0339870980075
33.02 -0.0272499775351
33.04 -0.0204417047098
33.06 -0.0135674895668
33.08 -0.006632731956
33.1 0.000356977365517
33.12 0.00739585586313
33.14 0.0144779285356
33.16 0.0215970280418
33.18 0.0287467952239
33.2 0.035920680415
33.22 0.043111945735
33.24 0.0503136683286
33.26 0.0575187447845
33.28 0.0647198969407
33.3 0.0719096791476
33.32 0.0790804871423
33.34 0.0862245688561
33.36 0.093334036934
33.38 0.100400883624
33.4 0.107416997664
33.42 0.114374183619
33.44 0.121264183563
33.46 0.128078701406
33.48 0.134809429536
33.5 0.141448078172
33.52 0.14798640729
33.54 0.15441626067
33.56 0.16072960276
33.58 0.166918557168
33.6 0.172975447551
33.62 0.178892839865
33.64 0.184663586005
33.66 0.190280868525
33.68 0.195738245624
33.7 0.201029696308
33.72 0.206149664892
33.74 0.21109310445
33.76 0.215855518411
33.78 0.220432999873
33.8 0.224822267678
33.82 0.229020698971
33.84 0.23302635717
33.86 0.236838015075
33.88 0.240455172214
33.9 0.243878066265
33.92 0.247107677545
33.94 0.250145726755
33.96 0.252994665288
33.98 0.255657657911
34.0 0.258138558036
34.02 0.260441875138
34.04 0.262572734946
34.06 0.264536832224
34.08 0.266340376852
34.1 0.267990033531
34.12 0.269492855727
34.14 0.270856214595
34.16 0.27208772364
34.18 0.273195159956
34.2 0.274186382929
34.22 0.275069251527
34.24 0.275851540799
34.26 0.276540859068
34.28 0.277144566313
34.3 0.277669695099
34.32 0.278122874734
34.34 0.278510259739
34.36 0.278837463263
34.38 0.279109496448
34.4 0.279330714268
34.42 0.27950476846
34.44 0.279634568263
34.46 0.279722249133
34.48 0.279769150012
34.5 0.279775799243
34.52 0.279741909363
34.54 0.279666380789
34.56 0.27954731436
34.58 0.279382032553
34.6 0.279167109182
34.62 0.278898407185
34.64 0.278571124075
34.66 0.278179844561
34.68 0.277718599679
34.7 0.277180931796
34.72 0.276559964647
34.74 0.275848477716
34.76 0.275038983928
34.78 0.274123809808
34.8 0.273095177212
34.82 0.271945285528
34.84 0.270666393424
34.86 0.269250899339
34.88 0.267691419428
34.9 0.265980862458
34.92 0.264112500563
34.94 0.262080035101
34.96 0.259877657157
34.98 0.257500101711
35.0 0.254942695402
35.02 0.252201397163
35.04 0.249272831692
35.06 0.246154315454
35.08 0.242843875331
35.1 0.239340259824
35.12 0.235642943143
35.14 0.231752122407
35.16 0.22766870829
35.18 0.223394309622
35.2 0.218931212501
35.22 0.214282354271
35.24 0.209451293294
35.26 0.204442174904
35.28 0.199259694165
35.3 0.193909056396
35.32 0.18839593557
35.34 0.182726431754
35.36 0.176907027743
35.38 0.1709445455
35.4 0.164846103233
35.42 0.158619072954
35.44 0.152271039444
35.46 0.145809760646
35.48 0.13924312989
35.5 0.132579140096
35.52 0.125825850258
35.54 0.118991354125
35.56 0.112083751385
35.58 0.105111121223
35.6 0.0980814983697
35.62 0.091002851428
35.64 0.083883063795
35.66 0.0767299164469
35.68 0.0695510733366
35.7 0.0623540684756
35.72 0.0551462949573
35.74 0.0479349960683
35.76 0.0407272574256
35.78 0.0335300012084
35.8 0.0263499812532
35.82 0.0191937794406
35.84 0.0120678032686
35.86 0.00497828404252
35.88 -0.00206872399667
35.9 -0.0090673439883
35.92 -0.0160118762667
35.94 -0.022896797788
35.96 -0.0297167611989
35.98 -0.0364665938588
36.0 -0.0431412965642
36.02 -0.0497360424093
36.04 -0.0562461755698
36.06 -0.0626672102724
36.08 -0.0689948297964
36.1 -0.0752248858785
36.12 -0.0813533981243
36.14 -0.0873765538347
36.16 -0.0932907081773
36.18 -0.0990923844504
36.2 -0.104778275015
36.22 -0.110345242237
36.24 -0.115790319986
36.26 -0.12111071548
36.28 -0.126303811301
36.3 -0.131367167923
36.32 -0.136298526452
36.34 -0.141095811687
36.36 -0.145757135371
36.38 -0.150280799879
36.4 -0.154665301777
36.42 -0.15890933589
36.44 -0.163011799223
36.46 -0.166971795093
36.48 -0.170788637224
36.5 -0.17446185384
36.52 -0.177991191587
36.54 -0.181376619424
36.56 -0.184618332177
36.58 -0.187716753815
36.6 -0.190672540488
36.62 -0.193486582906
36.64 -0.19616000846
36.66 -0.198694182542
36.68 -0.201090709321
36.7 -0.203351431826
36.72 -0.205478430998
36.74 -0.207474024157
36.76 -0.209340762245
36.78 -0.211081426228
36.8 -0.212699022268
36.82 -0.214196775889
36.84 -0.215578124811
36.86 -0.216846710655
36.88 -0.218006369287
36.9 -0.219061119914
36.92 -0.220015152853
36.94 -0.220872815973
36.96 -0.221638599816
36.98 -0.222317121473
37.0 -0.222913107199
37.02 -0.223431373759
37.04 -0.223876808793
37.06 -0.224254349961
37.08 -0.224568963279
37.1 -0.224825620504
37.12 -0.225029275886
37.14 -0.225184842285
37.16 -0.225297166876
37.18 -0.225371006613
37.2 -0.225411003564
37.22 -0.225421660361
37.24 -0.225407315921
37.26 -0.225372121623
37.28 -0.225320018161
37.3 -0.225254713259
37.32 -0.225179660392
37.34 -0.225098038803
37.36 -0.225012734867
37.38 -0.224926325097
37.4 -0.224841060825
37.42 -0.224758854815
37.44 -0.224681269865
37.46 -0.224609509486
37.48 -0.224544410846
37.5 -0.224486439936
37.52 -0.224435689047
37.54 -0.224391876602
37.56 -0.224354349323
37.58 -0.224322086654
37.6 -0.224293707517
37.62 -0.224267479214
37.64 -0.224241328429
37.66 -0.224212854252
37.68 -0.224179343037
37.7 -0.224137785019
37.72 -0.224084892443
37.74 -0.224017119168
37.76 -0.223930681412
37.78 -0.223821579607
37.8 -0.223685621014
37.82 -0.223518443124
37.84 -0.223315537377
37.86 -0.223072273274
37.88 -0.222783922536
37.9 -0.222445683187
37.92 -0.222052703381
37.94 -0.221600104877
37.96 -0.221083005841
37.98 -0.220496543124
38.0 -0.219835893592
38.02 -0.219096294577
38.04 -0.218273063409
38.06 -0.217361615717
38.08 -0.216357482687
38.1 -0.215256327099
38.12 -0.214053958094
38.14 -0.212746344737
38.16 -0.211329628268
38.18 -0.209800133146
38.2 -0.208154376785
38.22 -0.206389078133
38.24 -0.20450116499
38.26 -0.202487780271
38.28 -0.200346287068
38.3 -0.198074272757
38.32 -0.195669552072
38.34 -0.193130169329
38.36 -0.190454399634
38.38 -0.187640749615
38.4 -0.18468795708
38.42 -0.181594990365
38.44 -0.178361046955
38.46 -0.174985551577
38.48 -0.171468154085
38.5 -0.167808726761
38.52 -0.164007361498
38.54 -0.1600643667
38.56 -0.155980264092
38.58 -0.151755785352
38.6 -0.147391868814
38.62 -0.142889656101
38.64 -0.138250488907
38.66 -0.133475905838
38.68 -0.128567639412
38.7 -0.123527613323
38.72 -0.118357939835
38.74 -0.11306091748
38.76 -0.107639029045
38.78 -0.102094939905
38.8 -0.0964314964473
38.82 -0.0906517251946
38.84 -0.0847588319418
38.86 -0.0787562012564
38.88 -0.0726473965856
38.9 -0.066436160217
38.92 -0.0601264140121
38.94 -0.0537222600071
38.96 -0.0472279815039
38.98 -0.0406480442954
39.0 -0.033987098
39.02 -0.0272499775454
39.04 -0.0204417046995
39.06 -0.0135674895678
39.08 -0.00663273196309
39.1 0.000356977370781
39.12 0.00739585586024
39.14 0.0144779285363
39.16 0.0215970280469
39.18 0.0287467952147
39.2 0.0359206804255
39.22 0.0431119457229
39.24 0.0503136683312
39.26 0.057518744792
39.28 0.0647198969357
39.3 0.0719096791502
39.32 0.0790804871414
39.34 0.0862245688557
39.36 0.0933340369336
39.38 0.100400883622
39.4 0.107416997669
39.42 0.114374183613
39.44 0.121264183569
39.46 0.128078701406
39.48 0.13480942953
39.5 0.141448078178
39.52 0.147986407283
39.54 0.154416260673
39.56 0.16072960276
39.58 0.166918557168
39.6 0.172975447557
39.62 0.178892839855
39.64 0.184663586013
39.66 0.190280868519
39.68 0.195738245626
39.7 0.20102969631
39.72 0.206149664887
39.74 0.211093104457
39.76 0.215855518408
39.78 0.220432999873
39.8 0.224822267678
39.82 0.229020698969
39.84 0.233026357173
39.86 0.23683801507
39.88 0.240455172222
39.9 0.243878066265
39.92 0.247107677538
39.94 0.25014572676
39.96 0.252994665284
39.98 0.255657657912
