0.0 -0.106345921633
0.02 -0.106003262921
0.04 -0.105500191507
0.06 -0.104838558609
0.08 -0.10402007518
0.1 -0.103046329677
0.12 -0.101918806453
0.14 -0.100638904806
0.16 -0.0992079585694
0.18 -0.0976272560357
0.2 -0.0958980602403
0.22 -0.0940216294926
0.24 -0.0919992379926
0.26 -0.089832196584
0.28 -0.0875218735384
0.3 -0.0850697151367
0.32 -0.0824772663286
0.34 -0.0797461910102
0.36 -0.0768782921525
0.38 -0.0738755315569
0.4 -0.0707400492031
0.42 -0.0674741821482
0.44 -0.0640804828509
0.46 -0.0605617368643
0.48 -0.0569209798323
0.5 -0.0531615136662
0.52 -0.0492869218386
0.54 -0.0453010836646
0.56 -0.0412081875162
0.58 -0.0370127428322
0.6 -0.0327195908091
0.62 -0.0283339137085
0.64 -0.0238612426238
0.66 -0.0193074636183
0.68 -0.0146788220676
0.7 -0.0099819252451
0.72 -0.0052237428125
0.74 -0.000411605329129
0.76 0.00444679949775
0.78 0.00934343274418
0.8 0.01426991265
0.82 0.0192175253643
0.84 0.0241772382373
0.86 0.02913971561
0.88 0.034095337227
0.9 0.0390342192061
0.92 0.0439462376456
0.94 0.0488210547236
0.96 0.0536481474266
0.98 0.058416838584
1.0 0.063116330436
1.02 0.067735740232
1.04 0.07226413812
1.06 0.0766905867682
1.08 0.0810041828608
1.1 0.0851940999502
1.12 0.0892496326687
1.14 0.0931602418107
1.16 0.0969156001946
1.18 0.100505638804
1.2 0.103920593034
1.22 0.107151048608
1.24 0.110187986855
1.26 0.113022828972
1.28 0.115647478961
1.3 0.118054364758
1.32 0.120236477412
1.34 0.122187407731
1.36 0.123901380309
1.38 0.125373284396
1.4 0.126598701565
1.42 0.127573929713
1.44 0.128296003287
1.46 0.128762709586
1.48 0.128972600813
1.5 0.128925001955
1.52 0.128620014324
1.54 0.128058514719
1.56 0.127242150234
1.58 0.126173328843
1.6 0.124855205684
1.62 0.123291665338
1.64 0.121487300232
1.66 0.119447385275
1.68 0.11717784914
1.7 0.114685242265
1.72 0.11197670208
1.74 0.109059915513
1.76 0.1059430794
1.78 0.102634858886
1.8 0.0991443443213
1.82 0.0954810069494
1.84 0.0916546537695
1.86 0.0876753818727
1.88 0.0835535327071
1.9 0.0792996464028
1.92 0.0749244167669
1.94 0.0704386468888
1.96 0.065853206011
1.98 0.0611789875738
2.0 0.0564268689648
2.02 0.0516076729343
2.04 0.0467321310902
2.06 0.0418108493888
2.08 0.0368542759988
2.1 0.0318726714372
2.12 0.0268760812171
2.14 0.0218743109432
2.16 0.0168769039806
2.18 0.0118931216711
2.2 0.00693192609192
2.22 0.00200196534522
2.24 -0.00288843865975
2.26 -0.00773130002561
2.28 -0.0125189762459
2.3 -0.0172441733999
2.32 -0.0218999490205
2.34 -0.0264797130129
2.36 -0.0309772263942
2.38 -0.0353865982691
2.4 -0.0397022809359
2.42 -0.043919063367
2.44 -0.0480320630408
2.46 -0.0520367163798
2.48 -0.0559287678222
2.5 -0.0597042575854
2.52 -0.0633595083886
2.54 -0.0668911110241
2.56 -0.0702959090819
2.58 -0.073570982711
2.6 -0.0767136317359
2.62 -0.0797213579907
2.64 -0.0825918471211
2.66 -0.0853229498346
2.68 -0.0879126627503
2.7 -0.0903591087905
2.72 -0.0926605174068
2.74 -0.0948152044628
2.76 -0.0968215519827
2.78 -0.0986779879115
2.8 -0.10038296569
2.82 -0.101934944045
2.84 -0.103332366821
2.86 -0.104573643051
2.88 -0.105657127372
2.9 -0.106581100776
2.92 -0.107343751887
2.94 -0.107943158905
2.96 -0.108377272161
2.98 -0.10864389766
3.0 -0.108740681596
3.02 -0.108665095962
3.04 -0.10841442563
3.06 -0.107985756879
3.08 -0.107375967641
3.1 -0.106581719788
3.12 -0.105599453496
3.14 -0.104425384139
3.16 -0.103055501788
3.18 -0.101485573798
3.2 -0.0997111505303
3.22 -0.0977275747283
3.24 -0.0955299947181
3.26 -0.0931133817474
3.28 -0.090472551841
3.3 -0.0876021923281
3.32 -0.0844968935025
3.34 -0.0811511854438
3.36 -0.0775595804768
3.38 -0.0737166212195
3.4 -0.0696169345242
3.42 -0.0652552913374
3.44 -0.0606266724775
3.46 -0.0557263402665
3.48 -0.0505499159762
3.5 -0.0450934625763
3.52 -0.0393535728079
3.54 -0.0333274617177
3.56 -0.0270130632947
3.58 -0.020409130523
3.6 -0.0135153376581
3.62 -0.00633238421905
3.64 0.00113790083737
3.66 0.0088924558617
3.68 0.0169268854073
3.7 0.02523536301
3.72 0.0338105391563
3.74 0.0426434562358
3.76 0.0517234719566
3.78 0.0610381931255
3.8 0.0705734211311
3.82 0.0803131110202
3.84 0.0902393454583
3.86 0.100332325033
3.88 0.110570376124
3.9 0.120929977315
3.92 0.131385805208
3.94 0.14191080011
3.96 0.152476251928
3.98 0.163051906264
4.0 0.173606090263
4.02 0.18410585777
4.04 0.194517152729
4.06 0.204804989658
4.08 0.214933649657
4.1 0.224866890313
4.12 0.234568167322
4.14 0.244000865929
4.16 0.253128539616
4.18 0.261915153831
4.2 0.270325332075
4.22 0.278324601983
4.24 0.285879638738
4.26 0.29295850352
4.28 0.299530874305
4.3 0.30556826715
4.32 0.311044245374
4.34 0.315934614927
4.36 0.320217604055
4.38 0.323874025545
4.4 0.326887420122
4.42 0.329244179863
4.44 0.330933650306
4.46 0.331948210676
4.48 0.332283331312
4.5 0.331937607995
4.52 0.330912772735
4.54 0.329213681085
4.56 0.326848275919
4.58 0.323827528084
4.6 0.320165354341
4.62 0.315878513258
4.64 0.310986480023
4.66 0.305511301109
4.68 0.299477430216
4.7 0.292911546785
4.72 0.285842358877
4.74 0.278300392282
4.76 0.270317767638
4.78 0.261927968086
4.8 0.253165599434
4.82 0.244066145477
4.84 0.234665720812
4.86 0.225000823802
4.88 0.215108092148
4.9 0.205024063632
4.92 0.194784944411
4.94 0.184426387318
4.96 0.173983282134
4.98 0.163489560005
5.0 0.152978013646
5.02 0.142480134839
5.04 0.132025970452
5.06 0.121643997919
5.08 0.111361020764
5.1 0.101202084429
5.12 0.0911904125668
5.14 0.081347363214
5.16 0.0716924046604
5.18 0.0622431097835
5.2 0.0530151680889
5.22 0.044022414151
5.24 0.0352768708647
5.26 0.0267888063414
5.28 0.0185668024282
5.3 0.0106178335333
5.32 0.00294735383842
5.34 -0.00444060864135
5.36 -0.0115433528934
5.38 -0.0183594019542
5.4 -0.0248883981315
5.42 -0.0311309971192
5.44 -0.0370887628329
5.46 -0.0427640637921
5.48 -0.0481599720509
5.5 -0.0532801656854
5.52 -0.0581288354224
5.54 -0.0627105959756
5.56 -0.0670304028125
5.58 -0.071093474273
5.6 -0.0749052197281
5.62 -0.07847117361
5.64 -0.0817969354751
5.66 -0.0848881161094
5.68 -0.0877502895136
5.7 -0.0903889506461
5.72 -0.0928094787698
5.74 -0.0950171060612
5.76 -0.097016891338
5.78 -0.0988136986068
5.8 -0.100412179916
5.82 -0.101816762678
5.84 -0.103031640545
5.86 -0.104060768121
5.88 -0.104907858736
5.9 -0.105576385331
5.92 -0.106069583944
5.94 -0.10639045972
5.96 -0.106541794985
5.98 -0.106526159373
6.0 -0.10634592163
6.02 -0.106003262923
6.04 -0.105500191507
6.06 -0.104838558609
6.08 -0.10402007518
6.1 -0.103046329677
6.12 -0.101918806453
6.14 -0.100638904806
6.16 -0.0992079585694
6.18 -0.0976272560357
6.2 -0.095898060242
6.22 -0.0940216294926
6.24 -0.0919992379874
6.26 -0.0898321965874
6.28 -0.0875218735384
6.3 -0.0850697151358
6.32 -0.0824772663313
6.34 -0.0797461910074
6.36 -0.0768782921534
6.38 -0.0738755315569
6.4 -0.0707400492013
6.42 -0.0674741821535
6.44 -0.0640804828457
6.46 -0.0605617368659
6.48 -0.0569209798334
6.5 -0.0531615136644
6.52 -0.0492869218403
6.54 -0.0453010836629
6.56 -0.041208187517
6.58 -0.0370127428322
6.6 -0.0327195908102
6.62 -0.0283339137064
6.64 -0.0238612426268
6.66 -0.0193074636152
6.68 -0.0146788220678
6.7 -0.00998192524681
6.72 -0.00522374281079
6.74 -0.000411605330413
6.76 0.00444679949861
6.78 0.00934343274247
6.8 0.0142699126526
6.82 0.0192175253631
6.84 0.0241772382364
6.86 0.0291397156109
6.88 0.0340953372277
6.9 0.0390342192053
6.92 0.0439462376448
6.94 0.0488210547253
6.96 0.0536481474257
6.98 0.058416838584
7.0 0.063116330436
7.02 0.067735740232
7.04 0.07226413812
7.06 0.0766905867682
7.08 0.0810041828608
7.1 0.0851940999502
7.12 0.0892496326687
7.14 0.0931602418107
7.16 0.0969156001946
7.18 0.100505638804
7.2 0.103920593034
7.22 0.107151048608
7.24 0.110187986855
7.26 0.113022828971
7.28 0.115647478962
7.3 0.118054364757
7.32 0.120236477413
7.34 0.122187407731
7.36 0.123901380309
7.38 0.125373284396
7.4 0.126598701565
7.42 0.127573929713
7.44 0.128296003287
7.46 0.128762709586
7.48 0.128972600813
7.5 0.128925001955
7.52 0.128620014324
7.54 0.128058514719
7.56 0.127242150234
7.58 0.126173328843
7.6 0.124855205684
7.62 0.123291665337
7.64 0.121487300233
7.66 0.119447385277
7.68 0.117177849138
7.7 0.114685242266
7.72 0.11197670208
7.74 0.109059915513
7.76 0.1059430794
7.78 0.102634858886
7.8 0.0991443443213
7.82 0.0954810069494
7.84 0.0916546537695
7.86 0.0876753818727
7.88 0.0835535327071
7.9 0.0792996464015
7.92 0.0749244167694
7.94 0.0704386468875
7.96 0.065853206011
7.98 0.0611789875738
8.0 0.0564268689648
8.02 0.0516076729352
8.04 0.0467321310885
8.06 0.0418108493897
8.08 0.0368542759988
8.1 0.0318726714359
8.12 0.0268760812197
8.14 0.0218743109419
8.16 0.0168769039806
8.18 0.0118931216699
8.2 0.00693192609421
8.22 0.00200196534409
8.24 -0.00288843865847
8.26 -0.00773130002621
8.28 -0.0125189762485
8.3 -0.0172441733979
8.32 -0.0218999490205
8.34 -0.0264797130159
8.36 -0.0309772263882
8.38 -0.035386598272
8.4 -0.039702280935
8.42 -0.0439190633679
8.44 -0.0480320630417
8.46 -0.05203671638
8.48 -0.055928767821
8.5 -0.0597042575857
8.52 -0.0633595083875
8.54 -0.0668911110251
8.56 -0.070295909081
8.58 -0.0735709827127
8.6 -0.0767136317351
8.62 -0.0797213579907
8.64 -0.0825918471211
8.66 -0.0853229498346
8.68 -0.0879126627503
8.7 -0.0903591087905
8.72 -0.0926605174086
8.74 -0.0948152044593
8.76 -0.0968215519844
8.78 -0.0986779879115
8.8 -0.10038296569
8.82 -0.101934944045
8.84 -0.103332366821
8.86 -0.104573643049
8.88 -0.105657127375
8.9 -0.106581100774
8.92 -0.107343751891
8.94 -0.1079431589
8.96 -0.108377272159
8.98 -0.108643897665
9.0 -0.108740681594
9.02 -0.108665095961
9.04 -0.108414425634
9.06 -0.107985756873
9.08 -0.107375967646
9.1 -0.106581719786
9.12 -0.105599453497
9.14 -0.104425384136
9.16 -0.103055501787
9.18 -0.101485573801
9.2 -0.0997111505318
9.22 -0.0977275747207
9.24 -0.0955299947245
9.26 -0.0931133817442
9.28 -0.0904725518436
9.3 -0.0876021923284
9.32 -0.0844968934999
9.34 -0.0811511854435
9.36 -0.0775595804797
9.38 -0.0737166212153
9.4 -0.0696169345299
9.42 -0.0652552913346
9.44 -0.0606266724775
9.46 -0.0557263402679
9.48 -0.0505499159734
9.5 -0.0450934625749
9.52 -0.0393535728134
9.54 -0.0333274617133
9.56 -0.0270130632995
9.58 -0.0204091305185
9.6 -0.0135153376612
9.62 -0.00633238421562
9.64 0.00113790083566
9.66 0.0088924558617
9.68 0.016926885406
9.7 0.0252353630127
9.72 0.0338105391563
9.74 0.0426434562318
9.76 0.0517234719593
9.78 0.0610381931238
9.8 0.0705734211359
9.82 0.0803131110159
9.84 0.0902393454626
9.86 0.100332325029
9.88 0.110570376126
9.9 0.120929977315
9.92 0.131385805208
9.94 0.14191080011
9.96 0.152476251926
9.98 0.163051906267
10.0 0.173606090262
10.02 0.184105857771
10.04 0.194517152727
10.06 0.204804989663
10.08 0.214933649653
10.1 0.224866890313
10.12 0.234568167323
10.14 0.244000865929
10.16 0.253128539615
10.18 0.261915153834
10.2 0.270325332073
10.22 0.27832460198
10.24 0.285879638742
10.26 0.292958503517
10.28 0.299530874306
10.3 0.30556826715
10.32 0.311044245374
10.34 0.315934614927
10.36 0.320217604058
10.38 0.323874025538
10.4 0.326887420127
10.42 0.329244179861
10.44 0.330933650306
10.46 0.331948210676
10.48 0.332283331312
10.5 0.331937607995
10.52 0.330912772735
10.54 0.329213681085
10.56 0.326848275919
10.58 0.323827528084
10.6 0.320165354341
10.62 0.315878513258
10.64 0.310986480021
10.66 0.305511301112
10.68 0.299477430214
10.7 0.292911546786
10.72 0.285842358874
10.74 0.278300392285
10.76 0.270317767639
10.78 0.261927968085
10.8 0.253165599435
10.82 0.244066145474
10.84 0.234665720816
10.86 0.225000823802
10.88 0.215108092146
10.9 0.205024063633
10.92 0.194784944413
10.94 0.184426387315
10.96 0.173983282135
10.98 0.163489560003
11.0 0.15297801365
11.02 0.142480134839
11.04 0.132025970449
11.06 0.12164399792
11.08 0.111361020765
11.1 0.101202084428
11.12 0.0911904125668
11.14 0.081347363214
11.16 0.0716924046617
11.18 0.0622431097809
11.2 0.0530151680902
11.22 0.044022414151
11.24 0.0352768708643
11.26 0.0267888063421
11.28 0.0185668024279
11.3 0.0106178335333
11.32 0.00294735384013
11.34 -0.00444060864917
11.36 -0.0115433528815
11.38 -0.0183594019627
11.4 -0.0248883981275
11.42 -0.0311309971209
11.44 -0.0370887628353
11.46 -0.0427640637894
11.48 -0.0481599720478
11.5 -0.0532801656899
11.52 -0.0581288354196
11.54 -0.062710595977
11.56 -0.0670304028125
11.58 -0.0710934742713
11.6 -0.0749052197316
11.62 -0.0784711736069
11.64 -0.0817969354797
11.66 -0.0848881161045
11.68 -0.0877502895171
11.7 -0.0903889506426
11.72 -0.092809478773
11.74 -0.0950171060582
11.76 -0.097016891341
11.78 -0.0988136986038
11.8 -0.100412179918
11.82 -0.101816762675
11.84 -0.103031640546
11.86 -0.104060768125
11.88 -0.104907858731
11.9 -0.105576385331
11.92 -0.106069583945
11.94 -0.106390459718
11.96 -0.106541794987
11.98 -0.106526159373
12.0 -0.106345921635
12.02 -0.106003262914
12.04 -0.105500191511
12.06 -0.104838558609
12.08 -0.10402007518
12.1 -0.103046329678
12.12 -0.10191880645
12.14 -0.100638904808
12.16 -0.0992079585694
12.18 -0.0976272560358
12.2 -0.0958980602419
12.22 -0.0940216294909
12.24 -0.0919992379908
12.26 -0.0898321965874
12.28 -0.087521873535
12.3 -0.0850697151376
12.32 -0.0824772663312
12.34 -0.0797461910076
12.36 -0.076878292155
12.38 -0.0738755315543
12.4 -0.0707400492021
12.42 -0.0674741821501
12.44 -0.0640804828528
12.46 -0.0605617368634
12.48 -0.0569209798303
12.5 -0.0531615136664
12.52 -0.0492869218403
12.54 -0.0453010836627
12.56 -0.0412081875175
12.58 -0.0370127428316
12.6 -0.0327195908104
12.62 -0.0283339137064
12.64 -0.0238612426258
12.66 -0.0193074636155
12.68 -0.0146788220702
12.7 -0.00998192524528
12.72 -0.00522374281164
12.74 -0.000411605329129
12.76 0.00444679949775
12.78 0.00934343274461
12.8 0.0142699126496
12.82 0.0192175253643
12.84 0.0241772382364
12.86 0.0291397156117
12.88 0.0340953372261
12.9 0.0390342192061
12.92 0.0439462376456
12.94 0.0488210547265
12.96 0.0536481474209
12.98 0.0584168385869
13.0 0.0631163304351
13.02 0.0677357402325
13.04 0.0722641381217
13.06 0.0766905867669
13.08 0.0810041828599
13.1 0.085194099952
13.12 0.0892496326679
13.14 0.0931602418107
13.16 0.0969156001946
13.18 0.100505638804
13.2 0.103920593034
13.22 0.107151048608
13.24 0.110187986853
13.26 0.113022828974
13.28 0.11564747896
13.3 0.118054364758
13.32 0.120236477412
13.34 0.122187407731
13.36 0.123901380309
13.38 0.125373284396
13.4 0.126598701565
13.42 0.127573929713
13.44 0.128296003287
13.46 0.128762709586
13.48 0.128972600813
13.5 0.128925001955
13.52 0.128620014324
13.54 0.128058514719
13.56 0.127242150234
13.58 0.126173328843
13.6 0.124855205683
13.62 0.123291665338
13.64 0.121487300232
13.66 0.119447385277
13.68 0.117177849139
13.7 0.114685242265
13.72 0.11197670208
13.74 0.109059915512
13.76 0.105943079402
13.78 0.102634858885
13.8 0.0991443443204
13.82 0.0954810069511
13.84 0.0916546537687
13.86 0.0876753818727
13.88 0.0835535327059
13.9 0.0792996464053
13.92 0.0749244167656
13.94 0.0704386468875
13.96 0.0658532060127
13.98 0.061178987577
14.0 0.0564268689582
14.02 0.051607672938
14.04 0.0467321310885
14.06 0.0418108493897
14.08 0.0368542759976
14.1 0.0318726714384
14.12 0.0268760812191
14.14 0.0218743109405
14.16 0.0168769039801
14.18 0.0118931216722
14.2 0.00693192609221
14.22 0.0020019653458
14.24 -0.00288843865932
14.26 -0.00773130002818
14.28 -0.0125189762466
14.3 -0.0172441733942
14.32 -0.0218999490253
14.34 -0.0264797130124
14.36 -0.0309772263946
14.38 -0.0353865982661
14.4 -0.0397022809378
14.42 -0.0439190633679
14.44 -0.04803206304
14.46 -0.0520367163808
14.48 -0.0559287678201
14.5 -0.0597042575874
14.52 -0.0633595083849
14.54 -0.0668911110285
14.56 -0.0702959090783
14.58 -0.0735709827146
14.6 -0.0767136317342
14.62 -0.0797213579906
14.64 -0.0825918471219
14.66 -0.0853229498329
14.68 -0.0879126627495
14.7 -0.090359108794
14.72 -0.0926605174068
14.74 -0.0948152044594
14.76 -0.0968215519844
14.78 -0.0986779879115
14.8 -0.10038296569
14.82 -0.101934944045
14.84 -0.10333236682
14.86 -0.104573643054
14.88 -0.10565712737
14.9 -0.106581100776
14.92 -0.107343751887
14.94 -0.107943158907
14.96 -0.108377272154
14.98 -0.108643897669
15.0 -0.108740681592
15.02 -0.10866509596
15.04 -0.108414425633
15.06 -0.107985756877
15.08 -0.107375967642
15.1 -0.106581719786
15.12 -0.105599453499
15.14 -0.104425384137
15.16 -0.103055501784
15.18 -0.101485573805
15.2 -0.0997111505241
15.22 -0.0977275747298
15.24 -0.0955299947164
15.26 -0.093113381751
15.28 -0.0904725518385
15.3 -0.0876021923301
15.32 -0.0844968934982
15.34 -0.0811511854484
15.36 -0.0775595804754
15.38 -0.073716621219
15.4 -0.0696169345216
15.42 -0.0652552913414
15.44 -0.0606266724781
15.46 -0.0557263402662
15.48 -0.0505499159734
15.5 -0.045093462576
15.52 -0.0393535728113
15.54 -0.0333274617129
15.56 -0.0270130633009
15.58 -0.0204091305216
15.6 -0.0135153376564
15.62 -0.00633238421734
15.64 0.00113790083566
15.66 0.0088924558617
15.68 0.0169268854087
15.7 0.025235363006
15.72 0.0338105391617
15.74 0.0426434562305
15.76 0.051723471961
15.78 0.0610381931247
15.8 0.0705734211272
15.82 0.0803131110237
15.84 0.0902393454609
15.86 0.100332325029
15.88 0.110570376126
15.9 0.120929977319
15.92 0.131385805199
15.94 0.141910800114
15.96 0.152476251926
15.98 0.163051906267
16.0 0.173606090262
16.02 0.18410585777
16.04 0.194517152729
16.06 0.204804989661
16.08 0.214933649654
16.1 0.22486689031
16.12 0.234568167325
16.14 0.24400086593
16.16 0.253128539613
16.18 0.261915153832
16.2 0.270325332077
16.22 0.278324601981
16.24 0.285879638737
16.26 0.292958503521
16.28 0.299530874305
16.3 0.30556826715
16.32 0.311044245374
16.34 0.315934614925
16.36 0.320217604057
16.38 0.323874025542
16.4 0.326887420124
16.42 0.329244179861
16.44 0.330933650306
16.46 0.331948210676
16.48 0.332283331312
16.5 0.331937607995
16.52 0.330912772735
16.54 0.329213681085
16.56 0.326848275919
16.58 0.323827528084
16.6 0.320165354339
16.62 0.31587851326
16.64 0.310986480021
16.66 0.305511301109
16.68 0.299477430217
16.7 0.292911546782
16.72 0.285842358879
16.74 0.278300392283
16.76 0.270317767635
16.78 0.261927968088
16.8 0.253165599434
16.82 0.244066145477
16.84 0.234665720812
16.86 0.225000823802
16.88 0.215108092148
16.9 0.205024063632
16.92 0.194784944411
16.94 0.184426387318
16.96 0.173983282134
16.98 0.163489560004
17.0 0.152978013651
17.02 0.142480134831
17.04 0.132025970456
17.06 0.121643997915
17.08 0.111361020766
17.1 0.101202084431
17.12 0.0911904125651
17.14 0.0813473632109
17.16 0.0716924046664
17.18 0.0622431097788
17.2 0.0530151680936
17.22 0.0440224141466
17.24 0.035276870866
17.26 0.0267888063396
17.28 0.0185668024317
17.3 0.0106178335316
17.32 0.00294735383976
17.34 -0.00444060864673
17.36 -0.0115433528853
17.38 -0.0183594019597
17.4 -0.0248883981319
17.42 -0.0311309971157
17.44 -0.0370887628346
17.46 -0.0427640637935
17.48 -0.0481599720498
17.5 -0.0532801656848
17.52 -0.0581288354186
17.54 -0.062710595983
17.56 -0.0670304028091
17.58 -0.0710934742733
17.6 -0.0749052197298
17.62 -0.0784711736086
17.64 -0.0817969354712
17.66 -0.0848881161148
17.68 -0.0877502895119
17.7 -0.0903889506478
17.72 -0.0928094787664
17.74 -0.0950171060614
17.76 -0.0970168913427
17.78 -0.0988136986001
17.8 -0.100412179921
17.82 -0.101816762678
17.84 -0.103031640543
17.86 -0.104060768119
17.88 -0.104907858738
17.9 -0.105576385331
17.92 -0.106069583946
17.94 -0.106390459714
17.96 -0.106541794989
17.98 -0.106526159375
18.0 -0.10634592163
18.02 -0.106003262921
18.04 -0.105500191507
18.06 -0.104838558608
18.08 -0.104020075181
18.1 -0.103046329677
18.12 -0.101918806453
18.14 -0.100638904804
18.16 -0.0992079585711
18.18 -0.0976272560374
18.2 -0.0958980602403
18.22 -0.0940216294892
18.24 -0.0919992379943
18.26 -0.089832196584
18.28 -0.0875218735384
18.3 -0.085069715136
18.32 -0.0824772663311
18.34 -0.0797461910075
18.36 -0.0768782921534
18.38 -0.0738755315577
18.4 -0.0707400492004
18.42 -0.0674741821518
18.44 -0.0640804828485
18.46 -0.0605617368649
18.48 -0.0569209798333
18.5 -0.0531615136654
18.52 -0.0492869218361
18.54 -0.0453010836687
18.56 -0.0412081875145
18.58 -0.0370127428323
18.6 -0.0327195908087
18.62 -0.0283339137076
18.64 -0.0238612426266
18.66 -0.0193074636168
18.68 -0.0146788220674
18.7 -0.009981925244
18.72 -0.00522374281685
18.74 -0.000411605325111
18.76 0.00444679949969
18.78 0.00934343273977
18.8 0.0142699126523
18.82 0.0192175253645
18.84 0.0241772382357
18.86 0.0291397156128
18.88 0.0340953372238
18.9 0.039034219208
18.92 0.0439462376433
18.94 0.0488210547281
18.96 0.0536481474205
18.98 0.0584168385884
19.0 0.0631163304339
19.02 0.0677357402325
19.04 0.0722641381217
19.06 0.0766905867669
19.08 0.0810041828599
19.1 0.085194099952
19.12 0.0892496326679
19.14 0.0931602418107
19.16 0.0969156001955
19.18 0.100505638802
19.2 0.103920593034
19.22 0.107151048608
19.24 0.110187986853
19.26 0.113022828974
19.28 0.11564747896
19.3 0.118054364758
19.32 0.120236477412
19.34 0.122187407731
19.36 0.123901380309
19.38 0.125373284396
19.4 0.126598701565
19.42 0.127573929713
19.44 0.128296003287
19.46 0.128762709586
19.48 0.128972600813
19.5 0.128925001955
19.52 0.128620014324
19.54 0.128058514719
19.56 0.127242150234
19.58 0.126173328843
19.6 0.124855205684
19.62 0.123291665338
19.64 0.121487300232
19.66 0.119447385275
19.68 0.11717784914
19.7 0.114685242265
19.72 0.11197670208
19.74 0.109059915512
19.76 0.105943079402
19.78 0.102634858883
19.8 0.099144344323
19.82 0.0954810069494
19.84 0.0916546537695
19.86 0.0876753818736
19.88 0.083553532705
19.9 0.0792996464053
19.92 0.0749244167656
19.94 0.0704386468875
19.96 0.0658532060127
19.98 0.0611789875741
20.0 0.0564268689653
20.02 0.0516076729318
20.04 0.0467321310917
20.06 0.041810849389
20.08 0.0368542759976
20.1 0.0318726714367
20.12 0.0268760812202
20.14 0.0218743109405
20.16 0.0168769039806
20.18 0.0118931216711
20.2 0.0069319260925
20.22 0.00200196534666
20.24 -0.00288843866216
20.26 -0.007731300022
20.28 -0.0125189762503
20.3 -0.0172441733981
20.32 -0.0218999490194
20.34 -0.0264797130135
20.36 -0.0309772263951
20.38 -0.0353865982669
20.4 -0.0397022809382
20.42 -0.0439190633664
20.44 -0.0480320630403
20.46 -0.0520367163833
20.48 -0.055928767818
20.5 -0.0597042575872
20.52 -0.0633595083843
20.54 -0.0668911110278
20.56 -0.07029590908
20.58 -0.0735709827154
20.6 -0.0767136317342
20.62 -0.0797213579873
20.64 -0.0825918471243
20.66 -0.0853229498349
20.68 -0.0879126627476
20.7 -0.0903591087923
20.72 -0.0926605174103
20.74 -0.0948152044559
20.76 -0.0968215519895
20.78 -0.0986779879064
20.8 -0.100382965692
20.82 -0.101934944045
20.84 -0.103332366822
20.86 -0.104573643049
20.88 -0.105657127375
20.9 -0.106581100774
20.92 -0.107343751887
20.94 -0.107943158907
20.96 -0.108377272156
20.98 -0.108643897664
21.0 -0.108740681598
21.02 -0.108665095958
21.04 -0.108414425633
21.06 -0.107985756875
21.08 -0.107375967648
21.1 -0.106581719777
21.12 -0.105599453504
21.14 -0.104425384134
21.16 -0.103055501787
21.18 -0.101485573802
21.2 -0.0997111505271
21.22 -0.0977275747273
21.24 -0.0955299947211
21.26 -0.0931133817422
21.28 -0.0904725518458
21.3 -0.0876021923281
21.32 -0.0844968934999
21.34 -0.0811511854432
21.36 -0.0775595804805
21.38 -0.0737166212173
21.4 -0.0696169345231
21.42 -0.0652552913386
21.44 -0.0606266724802
21.46 -0.0557263402649
21.48 -0.0505499159727
21.5 -0.045093462577
21.52 -0.0393535728151
21.54 -0.0333274617075
21.56 -0.027013063306
21.58 -0.0204091305158
21.6 -0.0135153376591
21.62 -0.00633238421869
21.64 0.00113790084007
21.66 0.00889245585694
21.68 0.0169268854087
21.7 0.0252353630098
21.72 0.0338105391548
21.74 0.0426434562396
21.76 0.0517234719549
21.78 0.0610381931285
21.8 0.0705734211247
21.82 0.0803131110241
21.84 0.0902393454609
21.86 0.10033232503
21.88 0.110570376122
21.9 0.120929977322
21.92 0.131385805199
21.94 0.141910800113
21.96 0.15247625193
21.98 0.163051906264
22.0 0.17360609026
22.02 0.184105857772
22.04 0.194517152729
22.06 0.204804989661
22.08 0.214933649654
22.1 0.22486689031
22.12 0.234568167327
22.14 0.244000865927
22.16 0.253128539614
22.18 0.261915153835
22.2 0.270325332073
22.22 0.278324601983
22.24 0.285879638737
22.26 0.292958503521
22.28 0.299530874305
22.3 0.30556826715
22.32 0.311044245377
22.34 0.315934614921
22.36 0.320217604057
22.38 0.323874025544
22.4 0.326887420124
22.42 0.329244179861
22.44 0.330933650306
22.46 0.331948210676
22.48 0.332283331312
22.5 0.331937607995
22.52 0.330912772735
22.54 0.329213681085
22.56 0.326848275919
22.58 0.323827528083
22.6 0.320165354342
22.62 0.315878513259
22.64 0.310986480021
22.66 0.305511301109
22.68 0.299477430217
22.7 0.292911546782
22.72 0.285842358877
22.74 0.278300392286
22.76 0.270317767634
22.78 0.261927968086
22.8 0.253165599436
22.82 0.244066145475
22.84 0.234665720816
22.86 0.225000823797
22.88 0.215108092152
22.9 0.205024063631
22.92 0.194784944411
22.94 0.184426387318
22.96 0.173983282134
22.98 0.163489560004
23.0 0.152978013651
23.02 0.142480134832
23.04 0.132025970452
23.06 0.121643997922
23.08 0.111361020761
23.1 0.101202084431
23.12 0.0911904125685
23.14 0.0813473632092
23.16 0.0716924046664
23.18 0.0622431097788
23.2 0.0530151680954
23.22 0.0440224141432
23.24 0.0352768708677
23.26 0.0267888063396
23.28 0.0185668024317
23.3 0.0106178335299
23.32 0.00294735384318
23.34 -0.00444060864575
23.36 -0.0115433528907
23.38 -0.018359401957
23.4 -0.0248883981305
23.42 -0.0311309971175
23.44 -0.0370887628353
23.46 -0.0427640637959
23.48 -0.0481599720412
23.5 -0.0532801656937
23.52 -0.0581288354128
23.54 -0.0627105959839
23.56 -0.0670304028113
23.58 -0.0710934742722
23.6 -0.0749052197284
23.62 -0.0784711736097
23.64 -0.0817969354731
23.66 -0.0848881161133
23.68 -0.0877502895114
23.7 -0.090388950648
23.72 -0.0928094787664
23.74 -0.0950171060616
23.76 -0.0970168913422
23.78 -0.0988136986004
23.8 -0.100412179921
23.82 -0.101816762675
23.84 -0.103031640549
23.86 -0.104060768119
23.88 -0.104907858731
23.9 -0.105576385335
23.92 -0.106069583943
23.94 -0.10639045972
23.96 -0.106541794983
23.98 -0.106526159376
24.0 -0.106345921628
24.02 -0.106003262924
24.04 -0.105500191506
24.06 -0.104838558608
24.08 -0.104020075182
24.1 -0.103046329679
24.12 -0.10191880645
24.14 -0.100638904806
24.16 -0.0992079585726
24.18 -0.0976272560341
24.2 -0.0958980602419
24.22 -0.0940216294892
24.24 -0.0919992379943
24.26 -0.0898321965857
24.28 -0.087521873535
24.3 -0.0850697151385
24.32 -0.0824772663295
24.34 -0.0797461910083
24.36 -0.0768782921534
24.38 -0.0738755315549
24.4 -0.070740049206
24.42 -0.0674741821482
24.44 -0.06408048285
24.46 -0.060561736866
24.48 -0.0569209798296
24.5 -0.0531615136665
24.52 -0.0492869218384
24.54 -0.0453010836651
24.56 -0.0412081875177
24.58 -0.0370127428326
24.6 -0.0327195908057
24.62 -0.0283339137079
24.64 -0.0238612426292
24.66 -0.0193074636155
24.68 -0.0146788220674
24.7 -0.00998192524338
24.72 -0.00522374281728
24.74 -0.000411605324663
24.76 0.00444679949764
24.78 0.00934343274119
24.8 0.0142699126523
24.82 0.019217525364
24.84 0.0241772382368
24.86 0.0291397156104
24.88 0.0340953372277
24.9 0.0390342192061
24.92 0.0439462376445
24.94 0.0488210547265
24.96 0.05364814742
24.98 0.0584168385901
25.0 0.0631163304323
25.02 0.0677357402357
25.04 0.0722641381167
25.06 0.0766905867682
25.08 0.0810041828624
25.1 0.0851940999507
25.12 0.0892496326687
25.14 0.093160241809
25.16 0.0969156001963
25.18 0.100505638803
25.2 0.103920593033
25.22 0.107151048608
25.24 0.110187986853
25.26 0.113022828974
25.28 0.11564747896
25.3 0.118054364758
25.32 0.120236477413
25.34 0.122187407731
25.36 0.123901380309
25.38 0.125373284396
25.4 0.126598701565
25.42 0.127573929713
25.44 0.128296003287
25.46 0.128762709586
25.48 0.128972600813
25.5 0.128925001955
25.52 0.128620014324
25.54 0.128058514719
25.56 0.127242150234
25.58 0.126173328843
25.6 0.124855205684
25.62 0.123291665337
25.64 0.121487300234
25.66 0.119447385274
25.68 0.11717784914
25.7 0.114685242266
25.72 0.111976702078
25.74 0.109059915513
25.76 0.105943079401
25.78 0.102634858884
25.8 0.0991443443213
25.82 0.0954810069511
25.84 0.0916546537678
25.86 0.0876753818744
25.88 0.083553532705
25.9 0.0792996464058
25.92 0.0749244167647
25.94 0.0704386468892
25.96 0.0658532060102
25.98 0.0611789875754
26.0 0.0564268689653
26.02 0.0516076729317
26.04 0.046732131092
26.06 0.0418108493866
26.08 0.0368542760017
26.1 0.031872671435
26.12 0.0268760812201
26.14 0.0218743109386
26.16 0.0168769039844
26.18 0.0118931216707
26.2 0.0069319260902
26.22 0.00200196534677
26.24 -0.00288843866002
26.26 -0.007731300024
26.28 -0.0125189762504
26.3 -0.0172441733975
26.32 -0.0218999490194
26.34 -0.0264797130148
26.36 -0.0309772263942
26.38 -0.0353865982655
26.4 -0.0397022809385
26.42 -0.043919063367
26.44 -0.0480320630396
26.46 -0.0520367163817
26.48 -0.0559287678226
26.5 -0.0597042575829
26.52 -0.0633595083878
26.54 -0.0668911110273
26.56 -0.0702959090796
26.58 -0.0735709827122
26.6 -0.0767136317384
26.62 -0.0797213579879
26.64 -0.0825918471195
26.66 -0.0853229498387
26.68 -0.0879126627443
26.7 -0.0903591087924
26.72 -0.0926605174136
26.74 -0.0948152044542
26.76 -0.0968215519895
26.78 -0.0986779879047
26.8 -0.100382965693
26.82 -0.101934944048
26.84 -0.103332366816
26.86 -0.104573643051
26.88 -0.105657127375
26.9 -0.106581100774
26.92 -0.107343751889
26.94 -0.107943158902
26.96 -0.108377272161
26.98 -0.108643897661
27.0 -0.108740681598
27.02 -0.108665095958
27.04 -0.108414425635
27.06 -0.107985756876
27.08 -0.107375967638
27.1 -0.106581719793
27.12 -0.105599453494
27.14 -0.104425384135
27.16 -0.103055501793
27.18 -0.101485573799
27.2 -0.0997111505254
27.22 -0.0977275747341
27.24 -0.0955299947103
27.26 -0.0931133817518
27.28 -0.0904725518402
27.3 -0.0876021923298
27.32 -0.0844968934982
27.34 -0.0811511854469
27.36 -0.0775595804774
27.38 -0.0737166212178
27.4 -0.0696169345253
27.42 -0.0652552913365
27.44 -0.0606266724798
27.46 -0.0557263402628
27.48 -0.0505499159785
27.5 -0.0450934625746
27.52 -0.0393535728089
27.54 -0.0333274617201
27.56 -0.0270130632985
27.58 -0.0204091305141
27.6 -0.0135153376598
27.62 -0.00633238422176
27.64 0.00113790084178
27.66 0.00889245585522
27.68 0.0169268854125
27.7 0.025235363007
27.72 0.0338105391603
27.74 0.0426434562305
27.76 0.0517234719597
27.78 0.0610381931247
27.8 0.0705734211332
27.82 0.0803131110181
27.84 0.0902393454574
27.86 0.100332325038
27.88 0.110570376119
27.9 0.120929977321
27.92 0.131385805203
27.94 0.141910800106
27.96 0.152476251934
27.98 0.163051906261
28.0 0.173606090265
28.02 0.18410585777
28.04 0.194517152729
28.06 0.20480498966
28.08 0.214933649656
28.1 0.224866890308
28.12 0.234568167329
28.14 0.244000865925
28.16 0.253128539617
28.18 0.261915153832
28.2 0.270325332075
28.22 0.27832460198
28.24 0.285879638743
28.26 0.292958503513
28.28 0.299530874306
28.3 0.305568267155
28.32 0.311044245372
28.34 0.315934614927
28.36 0.320217604058
28.38 0.323874025538
28.4 0.326887420127
28.42 0.329244179861
28.44 0.330933650306
28.46 0.331948210676
28.48 0.332283331312
28.5 0.331937607995
28.52 0.330912772735
28.54 0.329213681084
28.56 0.326848275922
28.58 0.323827528083
28.6 0.320165354342
28.62 0.315878513255
28.64 0.310986480021
28.66 0.305511301114
28.68 0.299477430214
28.7 0.292911546783
28.72 0.285842358878
28.74 0.278300392283
28.76 0.270317767635
28.78 0.261927968089
28.8 0.253165599432
28.82 0.244066145479
28.84 0.23466572081
28.86 0.225000823803
28.88 0.21510809215
28.9 0.205024063628
28.92 0.194784944414
28.94 0.184426387318
28.96 0.173983282134
28.98 0.163489560004
29.0 0.152978013651
29.02 0.142480134831
29.04 0.132025970456
29.06 0.121643997916
29.08 0.111361020761
29.1 0.101202084437
29.12 0.0911904125625
29.14 0.0813473632109
29.16 0.0716924046664
29.18 0.0622431097788
29.2 0.0530151680936
29.22 0.0440224141466
29.24 0.0352768708669
29.26 0.0267888063395
29.28 0.0185668024275
29.3 0.0106178335367
29.32 0.00294735383842
29.34 -0.00444060865088
29.36 -0.0115433528781
29.38 -0.018359401961
29.4 -0.0248883981346
29.42 -0.0311309971164
29.44 -0.0370887628333
29.46 -0.0427640637935
29.48 -0.0481599720484
29.5 -0.0532801656896
29.52 -0.0581288354165
29.54 -0.0627105959778
29.56 -0.0670304028131
29.58 -0.071093474273
29.6 -0.0749052197281
29.62 -0.0784711736106
29.64 -0.0817969354743
29.66 -0.0848881161094
29.68 -0.0877502895173
29.7 -0.0903889506375
29.72 -0.0928094787786
29.74 -0.0950171060541
29.76 -0.0970168913412
29.78 -0.0988136986074
29.8 -0.100412179916
29.82 -0.101816762674
29.84 -0.103031640549
29.86 -0.104060768119
29.88 -0.104907858738
29.9 -0.105576385326
29.92 -0.106069583949
29.94 -0.106390459718
29.96 -0.106541794985
29.98 -0.106526159373
30.0 -0.10634592163
30.02 -0.106003262922
30.04 -0.105500191507
30.06 -0.10483855861
30.08 -0.10402007518
30.1 -0.103046329678
30.12 -0.10191880645
30.14 -0.100638904806
30.16 -0.0992079585729
30.18 -0.0976272560339
30.2 -0.0958980602419
30.22 -0.0940216294909
30.24 -0.0919992379908
30.26 -0.0898321965857
30.28 -0.0875218735392
30.3 -0.0850697151342
30.32 -0.082477266332
30.34 -0.0797461910075
30.36 -0.0768782921533
30.38 -0.0738755315561
30.4 -0.0707400492049
30.42 -0.0674741821475
30.44 -0.0640804828507
30.46 -0.060561736866
30.48 -0.0569209798298
30.5 -0.0531615136657
30.52 -0.04928692184
30.54 -0.0453010836629
30.56 -0.0412081875206
30.58 -0.0370127428309
30.6 -0.0327195908045
30.62 -0.0283339137104
30.64 -0.0238612426266
30.66 -0.0193074636174
30.68 -0.0146788220648
30.7 -0.00998192524753
30.72 -0.00522374281285
30.74 -0.000411605328274
30.76 0.00444679949877
30.78 0.00934343274402
30.8 0.0142699126474
30.82 0.0192175253673
30.84 0.0241772382347
30.86 0.0291397156116
30.88 0.0340953372273
30.9 0.0390342192065
30.92 0.0439462376439
30.94 0.0488210547273
30.96 0.0536481474196
30.98 0.0584168385895
31.0 0.0631163304354
31.02 0.0677357402291
31.04 0.0722641381234
31.06 0.0766905867669
31.08 0.081004182859
31.1 0.0851940999541
31.12 0.0892496326662
31.14 0.0931602418111
31.16 0.0969156001946
31.18 0.100505638805
31.2 0.103920593031
31.22 0.107151048611
31.24 0.110187986852
31.26 0.113022828972
31.28 0.115647478963
31.3 0.118054364757
31.32 0.120236477413
31.34 0.122187407731
31.36 0.123901380309
31.38 0.125373284396
31.4 0.126598701565
31.42 0.127573929713
31.44 0.128296003287
31.46 0.128762709586
31.48 0.128972600813
31.5 0.128925001955
31.52 0.128620014324
31.54 0.128058514719
31.56 0.127242150235
31.58 0.126173328841
31.6 0.124855205685
31.62 0.123291665337
31.64 0.121487300234
31.66 0.119447385275
31.68 0.117177849139
31.7 0.114685242268
31.72 0.111976702075
31.74 0.109059915516
31.76 0.1059430794
31.78 0.102634858883
31.8 0.0991443443234
31.82 0.0954810069494
31.84 0.0916546537666
31.86 0.0876753818786
31.88 0.0835535327042
31.9 0.0792996464028
31.92 0.0749244167669
31.94 0.0704386468875
31.96 0.0658532060127
31.98 0.0611789875763
32.0 0.0564268689597
32.02 0.0516076729365
32.04 0.0467321310915
32.06 0.041810849385
32.08 0.0368542760024
32.1 0.0318726714351
32.12 0.0268760812199
32.14 0.0218743109377
32.16 0.0168769039873
32.18 0.0118931216682
32.2 0.00693192609048
32.22 0.00200196534705
32.24 -0.00288843865943
32.26 -0.00773130002519
32.28 -0.0125189762511
32.3 -0.0172441733935
32.32 -0.0218999490221
32.34 -0.0264797130148
32.36 -0.0309772263942
32.38 -0.0353865982652
32.4 -0.0397022809378
32.42 -0.04391906337
32.44 -0.0480320630391
32.46 -0.0520367163815
32.48 -0.0559287678203
32.5 -0.0597042575845
32.52 -0.0633595083864
32.54 -0.0668911110294
32.56 -0.0702959090793
32.58 -0.0735709827116
32.6 -0.0767136317345
32.62 -0.0797213579924
32.64 -0.0825918471179
32.66 -0.0853229498396
32.68 -0.0879126627478
32.7 -0.0903591087889
32.72 -0.0926605174119
32.74 -0.0948152044559
32.76 -0.0968215519878
32.78 -0.0986779879098
32.8 -0.100382965688
32.82 -0.101934944048
32.84 -0.10333236682
32.86 -0.104573643049
32.88 -0.105657127375
32.9 -0.106581100774
32.92 -0.107343751887
32.94 -0.107943158905
32.96 -0.108377272161
32.98 -0.10864389766
33.0 -0.108740681597
33.02 -0.108665095958
33.04 -0.108414425639
33.06 -0.107985756873
33.08 -0.107375967642
33.1 -0.106581719789
33.12 -0.105599453496
33.14 -0.104425384133
33.16 -0.103055501796
33.18 -0.101485573797
33.2 -0.0997111505237
33.22 -0.0977275747317
33.24 -0.0955299947164
33.26 -0.0931133817491
33.28 -0.0904725518436
33.3 -0.0876021923223
33.32 -0.0844968935079
33.34 -0.0811511854401
33.36 -0.077559580478
33.38 -0.0737166212198
33.4 -0.0696169345248
33.42 -0.0652552913374
33.44 -0.0606266724776
33.46 -0.0557263402693
33.48 -0.0505499159659
33.5 -0.0450934625866
33.52 -0.0393535728024
33.54 -0.0333274617218
33.56 -0.027013063294
33.58 -0.0204091305216
33.6 -0.0135153376602
33.62 -0.00633238421256
33.64 0.00113790083332
33.66 0.00889245585999
33.68 0.0169268854073
33.7 0.0252353630117
33.72 0.0338105391586
33.74 0.0426434562322
33.76 0.0517234719568
33.78 0.0610381931263
33.8 0.0705734211311
33.82 0.0803131110206
33.84 0.0902393454562
33.86 0.10033232504
33.88 0.110570376115
33.9 0.120929977322
33.92 0.131385805209
33.94 0.141910800101
33.96 0.152476251936
33.98 0.163051906259
34.0 0.173606090266
34.02 0.184105857767
34.04 0.194517152731
34.06 0.204804989658
34.08 0.214933649658
34.1 0.224866890309
34.12 0.234568167327
34.14 0.244000865926
34.16 0.253128539613
34.18 0.261915153838
34.2 0.270325332069
34.22 0.278324601984
34.24 0.285879638741
34.26 0.292958503513
34.28 0.299530874309
34.3 0.305568267153
34.32 0.311044245368
34.34 0.315934614929
34.36 0.320217604058
34.38 0.323874025538
34.4 0.326887420127
34.42 0.329244179861
34.44 0.330933650306
34.46 0.331948210676
34.48 0.332283331311
34.5 0.331937607998
34.52 0.330912772733
34.54 0.329213681084
34.56 0.326848275919
34.58 0.323827528089
34.6 0.320165354336
34.62 0.31587851326
34.64 0.310986480021
34.66 0.305511301109
34.68 0.299477430215
34.7 0.292911546783
34.72 0.285842358883
34.74 0.278300392277
34.76 0.270317767641
34.78 0.261927968085
34.8 0.253165599434
34.82 0.244066145478
34.84 0.23466572081
34.86 0.225000823803
34.88 0.215108092151
34.9 0.205024063625
34.92 0.194784944417
34.94 0.184426387314
34.96 0.173983282135
34.98 0.163489560004
35.0 0.15297801365
35.02 0.142480134834
35.04 0.132025970453
35.06 0.121643997921
35.08 0.111361020761
35.1 0.101202084434
35.12 0.0911904125608
35.14 0.0813473632166
35.16 0.0716924046629
35.18 0.062243109778
35.2 0.0530151680927
35.22 0.0440224141527
35.24 0.0352768708631
35.26 0.0267888063412
35.28 0.0185668024258
35.3 0.0106178335375
35.32 0.00294735383976
35.34 -0.00444060865431
35.36 -0.0115433528764
35.38 -0.0183594019627
35.4 -0.0248883981309
35.42 -0.0311309971205
35.44 -0.0370887628329
35.46 -0.0427640637918
35.48 -0.0481599720447
35.5 -0.0532801656916
35.52 -0.0581288354168
35.54 -0.0627105959816
35.56 -0.0670304028108
35.58 -0.0710934742762
35.6 -0.074905219723
35.62 -0.078471173616
35.64 -0.081796935466
35.66 -0.0848881161139
35.68 -0.0877502895193
35.7 -0.0903889506358
35.72 -0.0928094787791
35.74 -0.0950171060516
35.76 -0.0970168913459
35.78 -0.0988136986034
35.8 -0.100412179919
35.82 -0.101816762674
35.84 -0.103031640547
35.86 -0.104060768121
35.88 -0.104907858738
35.9 -0.105576385326
35.92 -0.106069583948
35.94 -0.106390459719
35.96 -0.106541794982
35.98 -0.106526159378
36.0 -0.106345921631
36.02 -0.106003262918
36.04 -0.105500191509
36.06 -0.104838558612
36.08 -0.104020075175
36.1 -0.103046329683
36.12 -0.101918806449
36.14 -0.100638904807
36.16 -0.0992079585712
36.18 -0.0976272560322
36.2 -0.0958980602436
36.22 -0.094021629491
36.24 -0.0919992379908
36.26 -0.0898321965874
36.28 -0.087521873535
36.3 -0.0850697151385
36.32 -0.0824772663287
36.34 -0.0797461910116
36.36 -0.0768782921502
36.38 -0.0738755315567
36.4 -0.0707400492031
36.42 -0.0674741821499
36.44 -0.064080482853
36.46 -0.0605617368604
36.48 -0.0569209798329
36.5 -0.0531615136647
36.52 -0.0492869218396
36.54 -0.0453010836659
36.56 -0.0412081875172
36.58 -0.0370127428341
36.6 -0.0327195908023
36.62 -0.0283339137116
36.64 -0.0238612426266
36.66 -0.0193074636161
36.68 -0.0146788220647
36.7 -0.00998192524913
36.72 -0.00522374281207
36.74 -0.000411605328274
36.76 0.00444679949877
36.78 0.00934343274232
36.8 0.0142699126509
36.82 0.0192175253638
36.84 0.024177238239
36.86 0.0291397156101
36.88 0.0340953372244
36.9 0.0390342192081
36.92 0.0439462376442
36.94 0.0488210547272
36.96 0.0536481474196
36.98 0.0584168385895
37.0 0.0631163304329
37.02 0.0677357402342
37.04 0.0722641381216
37.06 0.0766905867654
37.08 0.0810041828586
37.1 0.0851940999565
37.12 0.0892496326649
37.14 0.0931602418111
37.16 0.0969156001946
37.18 0.100505638805
37.2 0.103920593031
37.22 0.107151048611
37.24 0.110187986852
37.26 0.113022828973
37.28 0.115647478961
37.3 0.118054364758
37.32 0.120236477412
37.34 0.122187407732
37.36 0.123901380307
37.38 0.125373284397
37.4 0.126598701565
37.42 0.127573929713
37.44 0.128296003287
37.46 0.128762709586
37.48 0.128972600813
37.5 0.128925001955
37.52 0.128620014324
37.54 0.128058514719
37.56 0.127242150234
37.58 0.126173328843
37.6 0.124855205684
37.62 0.123291665337
37.64 0.121487300234
37.66 0.119447385275
37.68 0.117177849139
37.7 0.114685242266
37.72 0.111976702079
37.74 0.109059915514
37.76 0.105943079403
37.78 0.102634858879
37.8 0.0991443443269
37.82 0.0954810069477
37.84 0.0916546537666
37.86 0.0876753818799
37.88 0.0835535327
37.9 0.0792996464074
37.92 0.0749244167644
37.94 0.0704386468891
37.96 0.0658532060127
37.98 0.0611789875748
38.0 0.0564268689605
38.02 0.0516076729373
38.04 0.0467321310898
38.06 0.0418108493859
38.08 0.0368542760024
38.1 0.0318726714349
38.12 0.0268760812196
38.14 0.0218743109412
38.16 0.0168769039822
38.18 0.0118931216687
38.2 0.00693192609393
38.22 0.00200196534578
38.24 -0.00288843866029
38.26 -0.00773130002476
38.28 -0.0125189762511
38.3 -0.0172441733935
38.32 -0.0218999490219
38.34 -0.0264797130152
38.36 -0.0309772263946
38.38 -0.035386598264
38.4 -0.0397022809397
38.42 -0.0439190633673
38.44 -0.0480320630396
38.46 -0.0520367163832
38.48 -0.0559287678194
38.5 -0.0597042575845
38.52 -0.0633595083864
38.54 -0.0668911110291
38.56 -0.07029590908
38.58 -0.0735709827101
38.6 -0.0767136317387
38.62 -0.0797213579889
38.64 -0.0825918471175
38.66 -0.0853229498406
38.68 -0.0879126627478
38.7 -0.0903591087889
38.72 -0.092660517412
38.74 -0.0948152044576
38.76 -0.0968215519827
38.78 -0.098677987915
38.8 -0.10038296569
38.82 -0.101934944041
38.84 -0.103332366822
38.86 -0.104573643052
38.88 -0.105657127374
38.9 -0.106581100774
38.92 -0.107343751889
38.94 -0.107943158904
38.96 -0.10837727216
38.98 -0.108643897659
39.0 -0.108740681597
39.02 -0.108665095962
39.04 -0.108414425631
39.06 -0.107985756876
39.08 -0.107375967643
39.1 -0.106581719786
39.12 -0.105599453498
39.14 -0.104425384134
39.16 -0.103055501791
39.18 -0.101485573804
39.2 -0.0997111505162
39.22 -0.097727574741
39.24 -0.0955299947117
39.26 -0.0931133817476
39.28 -0.0904725518405
39.3 -0.08760219233
39.32 -0.0844968935026
39.34 -0.0811511854415
39.36 -0.0775595804794
39.38 -0.0737166212175
39.4 -0.069616934525
39.42 -0.06525529134
39.44 -0.0606266724736
39.46 -0.0557263402693
39.48 -0.05054991597
39.5 -0.0450934625811
39.52 -0.0393535728093
39.54 -0.0333274617184
39.56 -0.027013063294
39.58 -0.0204091305216
39.6 -0.013515337655
39.62 -0.00633238422283
39.64 0.00113790083917
39.66 0.00889245585853
39.68 0.016926885409
39.7 0.0252353630111
39.72 0.0338105391535
39.74 0.0426434562404
39.76 0.0517234719534
39.78 0.0610381931263
39.8 0.0705734211311
39.82 0.0803131110189
39.84 0.0902393454609
39.86 0.100332325032
39.88 0.110570376123
39.9 0.120929977322
39.92 0.131385805202
39.94 0.141910800106
39.96 0.152476251933
39.98 0.163051906261
