0.0 3.73133971651
0.02 3.80643251795
0.04 3.88129938549
0.06 3.9559202903
0.08 4.03027527419
0.1 4.10434442687
0.12 4.17810786441
0.14 4.25154570872
0.16 4.32463806806
0.18 4.39736501859
0.2 4.46970658696
0.22 4.54164273375
0.24 4.61315333807
0.26 4.68421818296
0.28 4.75481694174
0.3 4.82492916542
0.32 4.8945342709
0.34 4.96361153018
0.36 5.03214006046
0.38 5.10009881531
0.4 5.16746657665
0.42 5.23422194783
0.44 5.30034334774
0.46 5.36580900593
0.48 5.43059695885
0.5 5.49468504725
0.52 5.55805091474
0.54 5.62067200766
0.56 5.68252557619
0.58 5.74358867688
0.6 5.80383817662
0.62 5.8632507581
0.64 5.92180292683
0.66 5.97947101988
0.68 6.03623121628
0.7 6.09205954923
0.72 6.14693192019
0.74 6.20082411489
0.76 6.25371182129
0.78 6.30557064962
0.8 6.35637615451
0.82 6.40610385918
0.84 6.45472928183
0.86 6.50222796419
0.88 6.54857550217
0.9 6.5937475787
0.92 6.63771999869
0.94 6.68046872598
0.96 6.72196992234
0.98 6.76219998833
1.0 6.80113560601
1.02 6.8387537832
1.04 6.87503189938
1.06 6.90994775275
1.08 6.94347960865
1.1 6.97560624867
1.12 7.00630702061
1.14 7.03556188879
1.16 7.06335148455
1.18 7.08965715662
1.2 7.11446102108
1.22 7.13774601054
1.24 7.15949592237
1.26 7.17969546544
1.28 7.19833030534
1.3 7.2153871074
1.32 7.2308535776
1.34 7.24471850072
1.36 7.25697177569
1.38 7.26760444772
1.4 7.27660873703
1.42 7.28397806395
1.44 7.28970707016
1.46 7.29379163598
1.48 7.29622889344
1.5 7.29701723514
1.52 7.29615631881
1.54 7.29364706752
1.56 7.28949166549
1.58 7.2836935497
1.6 7.27625739714
1.62 7.26718910804
1.64 7.25649578512
1.66 7.24418570893
1.68 7.23026830975
1.7 7.21475413594
1.72 7.19765481935
1.74 7.17898303767
1.76 7.1587524744
1.78 7.13697777647
1.8 7.11367450984
1.82 7.08885911357
1.84 7.06254885245
1.86 7.0347617687
1.88 7.00551663286
1.9 6.97483289437
1.92 6.94273063194
1.94 6.90923050411
1.96 6.8743537003
1.98 6.83812189236
2.0 6.80055718717
2.02 6.76168208027
2.04 6.72151941078
2.06 6.68009231775
2.08 6.63742419819
2.1 6.59353866676
2.12 6.54845951728
2.14 6.5022106862
2.16 6.45481621802
2.18 6.40630023276
2.2 6.35668689548
2.22 6.30600038784
2.24 6.25426488181
2.26 6.20150451534
2.28 6.14774337017
2.3 6.09300545152
2.32 6.03731466991
2.34 5.98069482468
2.36 5.9231695895
2.38 5.86476249966
2.4 5.80549694099
2.42 5.74539614054
2.44 5.68448315879
2.46 5.62278088336
2.48 5.56031202424
2.5 5.49709911034
2.52 5.43316448737
2.54 5.36853031702
2.56 5.30321857726
2.58 5.2372510639
2.6 5.17064939314
2.62 5.10343500524
2.64 5.03562916921
2.66 4.96725298843
2.68 4.89832740725
2.7 4.82887321859
2.72 4.75891107232
2.74 4.68846148461
2.76 4.61754484826
2.78 4.5461814437
2.8 4.47439145109
2.82 4.40219496322
2.84 4.3296119993
2.86 4.25666251972
2.88 4.18336644169
2.9 4.10974365586
2.92 4.03581404394
2.94 3.96159749718
2.96 3.88711393607
2.98 3.81238333091
3.0 3.73742572345
3.02 3.66226124972
3.04 3.58691016379
3.06 3.51139286278
3.08 3.43572991284
3.1 3.35994207637
3.12 3.28405034026
3.14 3.20807594524
3.16 3.13204041629
3.18 3.05596559413
3.2 2.97987366764
3.22 2.90378720722
3.24 2.82772919902
3.26 2.75172307992
3.28 2.67579277313
3.3 2.5999627244
3.32 2.52425793849
3.34 2.44870401595
3.36 2.37332718985
3.38 2.29815436236
3.4 2.22321314085
3.42 2.14853187338
3.44 2.07413968313
3.46 2.00006650161
3.48 1.92634310025
3.5 1.85300112005
3.52 1.78007309887
3.54 1.70759249608
3.56 1.63559371412
3.58 1.56411211639
3.6 1.49318404147
3.62 1.42284681276
3.64 1.35313874344
3.66 1.28409913626
3.68 1.21576827768
3.7 1.14818742602
3.72 1.08139879327
3.74 1.01544552022
3.76 0.950371644483
3.78 0.886222061348
3.8 0.823042477022
3.82 0.760879354288
3.84 0.699779850287
3.86 0.639791746496
3.88 0.580963370849
3.9 0.523343512102
3.92 0.466981326591
3.94 0.411926237592
3.96 0.35822782761
3.98 0.305935723972
4.0 0.255099478107
4.02 0.205768439134
4.04 0.157991622258
4.06 0.111817572681
4.08 0.0672942256626
4.1 0.0244687636209
4.12 -0.0166125290983
4.14 -0.055904412756
4.16 -0.0933628393265
4.18 -0.128945099191
4.2 -0.162609966554
4.22 -0.194317842641
4.24 -0.224030895795
4.26 -0.251713197494
4.28 -0.277330853589
4.3 -0.300852129644
4.32 -0.322247569845
4.34 -0.341490108503
4.36 -0.358555173519
4.38 -0.373420781128
4.4 -0.386067621326
4.42 -0.396479133368
4.44 -0.404641570971
4.46 -0.410544056692
4.48 -0.414178625226
4.5 -0.415540255308
4.52 -0.414626890069
4.54 -0.41143944567
4.56 -0.405981808215
4.58 -0.398260818971
4.6 -0.388286247932
4.62 -0.37607075604
4.64 -0.361629846111
4.66 -0.344981802976
4.68 -0.326147623072
4.7 -0.305150934017
4.72 -0.282017904657
4.74 -0.256777146071
4.76 -0.229459604352
4.78 -0.200098445588
4.8 -0.168728933994
4.82 -0.135388303812
4.84 -0.100115625863
4.86 -0.062951669555
4.88 -0.023938761209
4.9 0.0168793603902
4.92 0.059457690332
4.94 0.103750104968
4.96 0.149709509328
4.98 0.197287983824
5.0 0.246436929294
5.02 0.297107209558
5.04 0.349249290723
5.06 0.402813376462
5.08 0.457749538566
5.1 0.514007842099
5.12 0.571538464659
5.14 0.630291809054
5.16 0.690218609211
5.18 0.751270028656
5.2 0.813397751477
5.22 0.876554065525
5.24 0.940691937553
5.26 1.00576508048
5.28 1.07172801252
5.3 1.1385361085
5.32 1.20614564323
5.34 1.27451382738
5.36 1.34359883594
5.38 1.41335982965
5.4 1.48375696959
5.42 1.55475142552
5.44 1.62630537822
5.46 1.69838201616
5.48 1.77094552725
5.5 1.84396108568
5.52 1.91739483465
5.54 1.99121386532
5.56 2.06538619223
5.58 2.13988072597
5.6 2.21466724319
5.62 2.28971635447
5.64 2.36499947049
5.66 2.4404887667
5.68 2.51615714694
5.7 2.59197820629
5.72 2.66792619328
5.74 2.74397597206
5.76 2.82010298431
5.78 2.89628321147
5.8 2.97249313729
5.82 3.04870971084
5.84 3.12491031029
5.86 3.20107270728
5.88 3.27717503236
5.9 3.35319574116
5.92 3.42911358177
5.94 3.50490756302
5.96 3.58055692395
5.98 3.65604110436
6.0 3.73133971651
6.02 3.80643251794
6.04 3.88129938549
6.06 3.9559202903
6.08 4.03027527419
6.1 4.10434442687
6.12 4.17810786441
6.14 4.25154570872
6.16 4.32463806806
6.18 4.39736501859
6.2 4.46970658696
6.22 4.54164273375
6.24 4.61315333808
6.26 4.68421818296
6.28 4.75481694174
6.3 4.82492916543
6.32 4.8945342709
6.34 4.96361153018
6.36 5.03214006046
6.38 5.10009881531
6.4 5.16746657665
6.42 5.23422194783
6.44 5.30034334774
6.46 5.36580900593
6.48 5.43059695885
6.5 5.49468504725
6.52 5.55805091474
6.54 5.62067200766
6.56 5.68252557619
6.58 5.74358867688
6.6 5.80383817662
6.62 5.8632507581
6.64 5.92180292683
6.66 5.97947101988
6.68 6.03623121628
6.7 6.09205954922
6.72 6.14693192019
6.74 6.20082411489
6.76 6.25371182129
6.78 6.30557064962
6.8 6.35637615451
6.82 6.40610385918
6.84 6.45472928183
6.86 6.50222796419
6.88 6.54857550217
6.9 6.5937475787
6.92 6.63771999869
6.94 6.68046872598
6.96 6.72196992233
6.98 6.76219998833
7.0 6.80113560601
7.02 6.8387537832
7.04 6.87503189938
7.06 6.90994775275
7.08 6.94347960865
7.1 6.97560624867
7.12 7.00630702061
7.14 7.03556188879
7.16 7.06335148455
7.18 7.08965715662
7.2 7.11446102108
7.22 7.13774601054
7.24 7.15949592237
7.26 7.17969546544
7.28 7.19833030534
7.3 7.2153871074
7.32 7.2308535776
7.34 7.24471850072
7.36 7.25697177569
7.38 7.26760444772
7.4 7.27660873703
7.42 7.28397806395
7.44 7.28970707016
7.46 7.29379163598
7.48 7.29622889344
7.5 7.29701723514
7.52 7.29615631881
7.54 7.29364706752
7.56 7.28949166549
7.58 7.2836935497
7.6 7.27625739714
7.62 7.26718910804
7.64 7.25649578512
7.66 7.24418570893
7.68 7.23026830975
7.7 7.21475413594
7.72 7.19765481935
7.74 7.17898303767
7.76 7.1587524744
7.78 7.13697777647
7.8 7.11367450984
7.82 7.08885911357
7.84 7.06254885245
7.86 7.0347617687
7.88 7.00551663286
7.9 6.97483289437
7.92 6.94273063194
7.94 6.90923050411
7.96 6.8743537003
7.98 6.83812189236
8.0 6.80055718717
8.02 6.76168208027
8.04 6.72151941077
8.06 6.68009231775
8.08 6.63742419819
8.1 6.59353866676
8.12 6.54845951729
8.14 6.5022106862
8.16 6.45481621802
8.18 6.40630023276
8.2 6.35668689548
8.22 6.30600038784
8.24 6.25426488182
8.26 6.20150451534
8.28 6.14774337017
8.3 6.09300545152
8.32 6.03731466991
8.34 5.98069482467
8.36 5.9231695895
8.38 5.86476249965
8.4 5.80549694099
8.42 5.74539614054
8.44 5.68448315879
8.46 5.62278088336
8.48 5.56031202424
8.5 5.49709911034
8.52 5.43316448737
8.54 5.36853031702
8.56 5.30321857726
8.58 5.2372510639
8.6 5.17064939314
8.62 5.10343500524
8.64 5.03562916921
8.66 4.96725298843
8.68 4.89832740725
8.7 4.82887321859
8.72 4.75891107232
8.74 4.68846148462
8.76 4.61754484826
8.78 4.5461814437
8.8 4.47439145109
8.82 4.40219496322
8.84 4.3296119993
8.86 4.25666251973
8.88 4.18336644169
8.9 4.10974365587
8.92 4.03581404393
8.94 3.96159749718
8.96 3.88711393607
8.98 3.81238333091
9.0 3.73742572345
9.02 3.66226124972
9.04 3.58691016379
9.06 3.51139286278
9.08 3.43572991284
9.1 3.35994207637
9.12 3.28405034026
9.14 3.20807594524
9.16 3.13204041629
9.18 3.05596559413
9.2 2.97987366764
9.22 2.90378720723
9.24 2.82772919902
9.26 2.75172307992
9.28 2.67579277313
9.3 2.5999627244
9.32 2.52425793849
9.34 2.44870401595
9.36 2.37332718985
9.38 2.29815436236
9.4 2.22321314085
9.42 2.14853187338
9.44 2.07413968313
9.46 2.00006650161
9.48 1.92634310025
9.5 1.85300112005
9.52 1.78007309886
9.54 1.70759249608
9.56 1.63559371411
9.58 1.56411211639
9.6 1.49318404147
9.62 1.42284681276
9.64 1.35313874344
9.66 1.28409913626
9.68 1.21576827768
9.7 1.14818742602
9.72 1.08139879327
9.74 1.01544552022
9.76 0.950371644484
9.78 0.886222061346
9.8 0.823042477026
9.82 0.760879354285
9.84 0.69977985029
9.86 0.639791746492
9.88 0.58096337085
9.9 0.523343512102
9.92 0.466981326591
9.94 0.411926237592
9.96 0.358227827609
9.98 0.305935723973
10.0 0.255099478107
10.02 0.205768439134
10.04 0.157991622257
10.06 0.111817572684
10.08 0.0672942256592
10.1 0.0244687636226
10.12 -0.0166125291
10.14 -0.0559044127548
10.16 -0.093362839327
10.18 -0.128945099189
10.2 -0.162609966555
10.22 -0.194317842642
10.24 -0.224030895793
10.26 -0.251713197495
10.28 -0.277330853589
10.3 -0.300852129644
10.32 -0.322247569845
10.34 -0.341490108503
10.36 -0.358555173517
10.38 -0.373420781133
10.4 -0.386067621322
10.42 -0.396479133369
10.44 -0.404641570971
10.46 -0.410544056692
10.48 -0.414178625226
10.5 -0.415540255308
10.52 -0.414626890069
10.54 -0.41143944567
10.56 -0.405981808215
10.58 -0.398260818971
10.6 -0.388286247932
10.62 -0.37607075604
10.64 -0.361629846112
10.66 -0.344981802975
10.68 -0.326147623073
10.7 -0.305150934017
10.72 -0.282017904659
10.74 -0.25677714607
10.76 -0.229459604352
10.78 -0.200098445589
10.8 -0.168728933993
10.82 -0.135388303813
10.84 -0.100115625862
10.86 -0.0629516695551
10.88 -0.0239387612101
10.9 0.0168793603908
10.92 0.0594576903337
10.94 0.103750104965
10.96 0.149709509329
10.98 0.197287983823
11.0 0.246436929295
11.02 0.297107209558
11.04 0.349249290722
11.06 0.402813376462
11.08 0.457749538567
11.1 0.514007842098
11.12 0.571538464659
11.14 0.630291809054
11.16 0.690218609212
11.18 0.751270028654
11.2 0.813397751478
11.22 0.876554065525
11.24 0.940691937552
11.26 1.00576508048
11.28 1.07172801252
11.3 1.1385361085
11.32 1.20614564323
11.34 1.27451382737
11.36 1.34359883595
11.38 1.41335982965
11.4 1.48375696959
11.42 1.55475142552
11.44 1.62630537822
11.46 1.69838201616
11.48 1.77094552725
11.5 1.84396108567
11.52 1.91739483465
11.54 1.99121386532
11.56 2.06538619223
11.58 2.13988072598
11.6 2.21466724319
11.62 2.28971635447
11.64 2.36499947048
11.66 2.4404887667
11.68 2.51615714694
11.7 2.59197820629
11.72 2.66792619328
11.74 2.74397597206
11.76 2.82010298431
11.78 2.89628321147
11.8 2.97249313729
11.82 3.04870971084
11.84 3.12491031029
11.86 3.20107270728
11.88 3.27717503236
11.9 3.35319574116
11.92 3.42911358177
11.94 3.50490756302
11.96 3.58055692394
11.98 3.65604110436
12.0 3.73133971651
12.02 3.80643251795
12.04 3.88129938548
12.06 3.9559202903
12.08 4.03027527419
12.1 4.10434442687
12.12 4.17810786441
12.14 4.25154570872
12.16 4.32463806806
12.18 4.39736501859
12.2 4.46970658696
12.22 4.54164273375
12.24 4.61315333808
12.26 4.68421818296
12.28 4.75481694174
12.3 4.82492916542
12.32 4.8945342709
12.34 4.96361153018
12.36 5.03214006046
12.38 5.10009881531
12.4 5.16746657665
12.42 5.23422194783
12.44 5.30034334774
12.46 5.36580900593
12.48 5.43059695885
12.5 5.49468504725
12.52 5.55805091474
12.54 5.62067200766
12.56 5.68252557619
12.58 5.74358867688
12.6 5.80383817663
12.62 5.8632507581
12.64 5.92180292683
12.66 5.97947101988
12.68 6.03623121628
12.7 6.09205954923
12.72 6.14693192019
12.74 6.20082411489
12.76 6.25371182129
12.78 6.30557064962
12.8 6.35637615451
12.82 6.40610385918
12.84 6.45472928183
12.86 6.50222796419
12.88 6.54857550217
12.9 6.5937475787
12.92 6.63771999869
12.94 6.68046872598
12.96 6.72196992233
12.98 6.76219998833
13.0 6.80113560601
13.02 6.8387537832
13.04 6.87503189938
13.06 6.90994775275
13.08 6.94347960865
13.1 6.97560624867
13.12 7.00630702061
13.14 7.03556188879
13.16 7.06335148455
13.18 7.08965715662
13.2 7.11446102108
13.22 7.13774601054
13.24 7.15949592237
13.26 7.17969546545
13.28 7.19833030534
13.3 7.2153871074
13.32 7.2308535776
13.34 7.24471850072
13.36 7.25697177569
13.38 7.26760444772
13.4 7.27660873703
13.42 7.28397806395
13.44 7.28970707016
13.46 7.29379163598
13.48 7.29622889344
13.5 7.29701723514
13.52 7.29615631881
13.54 7.29364706752
13.56 7.28949166549
13.58 7.2836935497
13.6 7.27625739714
13.62 7.26718910804
13.64 7.25649578512
13.66 7.24418570893
13.68 7.23026830975
13.7 7.21475413594
13.72 7.19765481935
13.74 7.17898303767
13.76 7.1587524744
13.78 7.13697777647
13.8 7.11367450984
13.82 7.08885911357
13.84 7.06254885245
13.86 7.0347617687
13.88 7.00551663286
13.9 6.97483289437
13.92 6.94273063194
13.94 6.90923050411
13.96 6.8743537003
13.98 6.83812189236
14.0 6.80055718717
14.02 6.76168208027
14.04 6.72151941077
14.06 6.68009231775
14.08 6.63742419819
14.1 6.59353866676
14.12 6.54845951728
14.14 6.5022106862
14.16 6.45481621802
14.18 6.40630023276
14.2 6.35668689548
14.22 6.30600038784
14.24 6.25426488181
14.26 6.20150451534
14.28 6.14774337017
14.3 6.09300545152
14.32 6.03731466991
14.34 5.98069482468
14.36 5.9231695895
14.38 5.86476249966
14.4 5.80549694099
14.42 5.74539614054
14.44 5.68448315879
14.46 5.62278088336
14.48 5.56031202424
14.5 5.49709911034
14.52 5.43316448738
14.54 5.36853031702
14.56 5.30321857726
14.58 5.2372510639
14.6 5.17064939314
14.62 5.10343500524
14.64 5.03562916921
14.66 4.96725298843
14.68 4.89832740725
14.7 4.82887321859
14.72 4.75891107232
14.74 4.68846148462
14.76 4.61754484826
14.78 4.5461814437
14.8 4.47439145109
14.82 4.40219496322
14.84 4.3296119993
14.86 4.25666251972
14.88 4.18336644169
14.9 4.10974365586
14.92 4.03581404394
14.94 3.96159749718
14.96 3.88711393608
14.98 3.8123833309
15.0 3.73742572346
15.02 3.66226124972
15.04 3.58691016379
15.06 3.51139286278
15.08 3.43572991284
15.1 3.35994207638
15.12 3.28405034026
15.14 3.20807594524
15.16 3.13204041629
15.18 3.05596559413
15.2 2.97987366764
15.22 2.90378720722
15.24 2.82772919902
15.26 2.75172307991
15.28 2.67579277313
15.3 2.5999627244
15.32 2.52425793849
15.34 2.44870401595
15.36 2.37332718985
15.38 2.29815436236
15.4 2.22321314085
15.42 2.14853187338
15.44 2.07413968313
15.46 2.00006650161
15.48 1.92634310025
15.5 1.85300112005
15.52 1.78007309886
15.54 1.70759249608
15.56 1.63559371411
15.58 1.56411211639
15.6 1.49318404147
15.62 1.42284681276
15.64 1.35313874344
15.66 1.28409913626
15.68 1.21576827768
15.7 1.14818742601
15.72 1.08139879327
15.74 1.01544552022
15.76 0.950371644486
15.78 0.886222061345
15.8 0.823042477021
15.82 0.760879354291
15.84 0.699779850288
15.86 0.639791746492
15.88 0.58096337085
15.9 0.523343512105
15.92 0.466981326585
15.94 0.411926237595
15.96 0.358227827609
15.98 0.305935723973
16.0 0.255099478107
16.02 0.205768439134
16.04 0.157991622258
16.06 0.111817572683
16.08 0.0672942256604
16.1 0.0244687636186
16.12 -0.016612529096
16.14 -0.0559044127554
16.16 -0.0933628393276
16.18 -0.128945099191
16.2 -0.162609966553
16.22 -0.194317842642
16.24 -0.224030895796
16.26 -0.251713197494
16.28 -0.277330853589
16.3 -0.300852129644
16.32 -0.322247569845
16.34 -0.341490108503
16.36 -0.358555173518
16.38 -0.373420781129
16.4 -0.386067621325
16.42 -0.396479133369
16.44 -0.404641570971
16.46 -0.410544056692
16.48 -0.414178625226
16.5 -0.415540255308
16.52 -0.414626890069
16.54 -0.41143944567
16.56 -0.405981808215
16.58 -0.398260818971
16.6 -0.388286247933
16.62 -0.376070756039
16.64 -0.361629846112
16.66 -0.344981802976
16.68 -0.326147623072
16.7 -0.305150934018
16.72 -0.282017904657
16.74 -0.25677714607
16.76 -0.229459604353
16.78 -0.200098445588
16.8 -0.168728933994
16.82 -0.135388303812
16.84 -0.100115625863
16.86 -0.062951669555
16.88 -0.023938761209
16.9 0.0168793603902
16.92 0.059457690332
16.94 0.103750104968
16.96 0.149709509328
16.98 0.197287983824
17.0 0.246436929297
17.02 0.297107209553
17.04 0.349249290726
17.06 0.40281337646
17.08 0.457749538566
17.1 0.514007842102
17.12 0.571538464657
17.14 0.630291809052
17.16 0.690218609216
17.18 0.751270028651
17.2 0.813397751481
17.22 0.876554065522
17.24 0.940691937553
17.26 1.00576508048
17.28 1.07172801253
17.3 1.1385361085
17.32 1.20614564323
17.34 1.27451382738
17.36 1.34359883594
17.38 1.41335982965
17.4 1.48375696959
17.42 1.55475142553
17.44 1.62630537821
17.46 1.69838201616
17.48 1.77094552725
17.5 1.84396108568
17.52 1.91739483465
17.54 1.99121386532
17.56 2.06538619223
17.58 2.13988072597
17.6 2.21466724319
17.62 2.28971635447
17.64 2.36499947049
17.66 2.44048876669
17.68 2.51615714695
17.7 2.59197820629
17.72 2.66792619329
17.74 2.74397597206
17.76 2.82010298431
17.78 2.89628321147
17.8 2.97249313728
17.82 3.04870971084
17.84 3.12491031029
17.86 3.20107270729
17.88 3.27717503236
17.9 3.35319574116
17.92 3.42911358177
17.94 3.50490756302
17.96 3.58055692394
17.98 3.65604110436
18.0 3.73133971651
18.02 3.80643251794
18.04 3.88129938548
18.06 3.9559202903
18.08 4.0302752742
18.1 4.10434442687
18.12 4.17810786441
18.14 4.25154570872
18.16 4.32463806806
18.18 4.39736501859
18.2 4.46970658696
18.22 4.54164273375
18.24 4.61315333807
18.26 4.68421818296
18.28 4.75481694174
18.3 4.82492916543
18.32 4.8945342709
18.34 4.96361153018
18.36 5.03214006046
18.38 5.10009881531
18.4 5.16746657665
18.42 5.23422194783
18.44 5.30034334774
18.46 5.36580900593
18.48 5.43059695885
18.5 5.49468504725
18.52 5.55805091474
18.54 5.62067200765
18.56 5.68252557619
18.58 5.74358867688
18.6 5.80383817662
18.62 5.8632507581
18.64 5.92180292683
18.66 5.97947101988
18.68 6.03623121628
18.7 6.09205954923
18.72 6.14693192019
18.74 6.20082411489
18.76 6.25371182129
18.78 6.30557064962
18.8 6.35637615451
18.82 6.40610385918
18.84 6.45472928183
18.86 6.50222796419
18.88 6.54857550217
18.9 6.5937475787
18.92 6.63771999869
18.94 6.68046872598
18.96 6.72196992233
18.98 6.76219998833
19.0 6.80113560601
19.02 6.8387537832
19.04 6.87503189938
19.06 6.90994775275
19.08 6.94347960865
19.1 6.97560624867
19.12 7.00630702061
19.14 7.03556188879
19.16 7.06335148455
19.18 7.08965715662
19.2 7.11446102108
19.22 7.13774601054
19.24 7.15949592237
19.26 7.17969546544
19.28 7.19833030534
19.3 7.2153871074
19.32 7.2308535776
19.34 7.24471850072
19.36 7.25697177569
19.38 7.26760444772
19.4 7.27660873703
19.42 7.28397806395
19.44 7.28970707016
19.46 7.29379163598
19.48 7.29622889344
19.5 7.29701723514
19.52 7.29615631881
19.54 7.29364706752
19.56 7.28949166549
19.58 7.2836935497
19.6 7.27625739714
19.62 7.26718910804
19.64 7.25649578512
19.66 7.24418570893
19.68 7.23026830975
19.7 7.21475413594
19.72 7.19765481935
19.74 7.17898303767
19.76 7.15875247441
19.78 7.13697777647
19.8 7.11367450984
19.82 7.08885911357
19.84 7.06254885245
19.86 7.0347617687
19.88 7.00551663286
19.9 6.97483289437
19.92 6.94273063194
19.94 6.90923050411
19.96 6.8743537003
19.98 6.83812189236
20.0 6.80055718718
20.02 6.76168208027
20.04 6.72151941077
20.06 6.68009231775
20.08 6.63742419819
20.1 6.59353866676
20.12 6.54845951728
20.14 6.5022106862
20.16 6.45481621802
20.18 6.40630023276
20.2 6.35668689548
20.22 6.30600038785
20.24 6.25426488181
20.26 6.20150451534
20.28 6.14774337016
20.3 6.09300545152
20.32 6.03731466991
20.34 5.98069482467
20.36 5.9231695895
20.38 5.86476249966
20.4 5.80549694099
20.42 5.74539614054
20.44 5.68448315879
20.46 5.62278088336
20.48 5.56031202424
20.5 5.49709911034
20.52 5.43316448738
20.54 5.36853031702
20.56 5.30321857726
20.58 5.23725106389
20.6 5.17064939314
20.62 5.10343500525
20.64 5.0356291692
20.66 4.96725298843
20.68 4.89832740725
20.7 4.82887321859
20.72 4.75891107232
20.74 4.68846148462
20.76 4.61754484826
20.78 4.5461814437
20.8 4.47439145109
20.82 4.40219496322
20.84 4.3296119993
20.86 4.25666251973
20.88 4.18336644169
20.9 4.10974365587
20.92 4.03581404393
20.94 3.96159749717
20.96 3.88711393608
20.98 3.81238333091
21.0 3.73742572345
21.02 3.66226124972
21.04 3.58691016379
21.06 3.51139286278
21.08 3.43572991283
21.1 3.35994207638
21.12 3.28405034026
21.14 3.20807594524
21.16 3.13204041629
21.18 3.05596559413
21.2 2.97987366764
21.22 2.90378720722
21.24 2.82772919902
21.26 2.75172307992
21.28 2.67579277313
21.3 2.5999627244
21.32 2.52425793849
21.34 2.44870401595
21.36 2.37332718985
21.38 2.29815436236
21.4 2.22321314085
21.42 2.14853187338
21.44 2.07413968312
21.46 2.00006650162
21.48 1.92634310025
21.5 1.85300112005
21.52 1.78007309886
21.54 1.70759249609
21.56 1.63559371411
21.58 1.56411211639
21.6 1.49318404147
21.62 1.42284681276
21.64 1.35313874344
21.66 1.28409913626
21.68 1.21576827768
21.7 1.14818742602
21.72 1.08139879327
21.74 1.01544552023
21.76 0.950371644481
21.78 0.88622206135
21.8 0.823042477017
21.82 0.760879354292
21.84 0.699779850288
21.86 0.639791746494
21.88 0.580963370846
21.9 0.523343512109
21.92 0.466981326584
21.94 0.411926237595
21.96 0.358227827611
21.98 0.305935723973
22.0 0.255099478104
22.02 0.205768439135
22.04 0.157991622258
22.06 0.111817572683
22.08 0.0672942256604
22.1 0.0244687636186
22.12 -0.0166125290954
22.14 -0.0559044127566
22.16 -0.0933628393282
22.18 -0.128945099187
22.2 -0.162609966558
22.22 -0.19431784264
22.24 -0.224030895796
22.26 -0.251713197494
22.28 -0.277330853589
22.3 -0.300852129644
22.32 -0.322247569844
22.34 -0.341490108505
22.36 -0.358555173518
22.38 -0.373420781129
22.4 -0.386067621325
22.42 -0.396479133369
22.44 -0.404641570971
22.46 -0.410544056692
22.48 -0.414178625226
22.5 -0.415540255308
22.52 -0.414626890069
22.54 -0.41143944567
22.56 -0.405981808215
22.58 -0.398260818971
22.6 -0.388286247931
22.62 -0.37607075604
22.64 -0.361629846112
22.66 -0.344981802976
22.68 -0.326147623072
22.7 -0.305150934018
22.72 -0.282017904657
22.74 -0.256777146069
22.76 -0.229459604354
22.78 -0.200098445588
22.8 -0.168728933993
22.82 -0.135388303813
22.84 -0.100115625862
22.86 -0.0629516695573
22.88 -0.0239387612073
22.9 0.0168793603896
22.92 0.059457690332
22.94 0.103750104968
22.96 0.149709509328
22.98 0.197287983824
23.0 0.246436929297
23.02 0.297107209552
23.04 0.349249290726
23.06 0.402813376462
23.08 0.457749538564
23.1 0.514007842101
23.12 0.57153846466
23.14 0.63029180905
23.16 0.690218609216
23.18 0.751270028651
23.2 0.813397751483
23.22 0.876554065519
23.24 0.940691937555
23.26 1.00576508048
23.28 1.07172801253
23.3 1.1385361085
23.32 1.20614564323
23.34 1.27451382738
23.36 1.34359883594
23.38 1.41335982965
23.4 1.48375696959
23.42 1.55475142552
23.44 1.62630537822
23.46 1.69838201616
23.48 1.77094552726
23.5 1.84396108567
23.52 1.91739483466
23.54 1.99121386531
23.56 2.06538619223
23.58 2.13988072597
23.6 2.21466724319
23.62 2.28971635447
23.64 2.36499947049
23.66 2.44048876669
23.68 2.51615714695
23.7 2.59197820628
23.72 2.66792619329
23.74 2.74397597206
23.76 2.82010298431
23.78 2.89628321147
23.8 2.97249313728
23.82 3.04870971084
23.84 3.12491031029
23.86 3.20107270729
23.88 3.27717503236
23.9 3.35319574115
23.92 3.42911358177
23.94 3.50490756301
23.96 3.58055692395
23.98 3.65604110436
24.0 3.73133971651
24.02 3.80643251794
24.04 3.88129938549
24.06 3.9559202903
24.08 4.03027527419
24.1 4.10434442687
24.12 4.17810786442
24.14 4.25154570872
24.16 4.32463806806
24.18 4.39736501859
24.2 4.46970658696
24.22 4.54164273375
24.24 4.61315333807
24.26 4.68421818296
24.28 4.75481694174
24.3 4.82492916542
24.32 4.8945342709
24.34 4.96361153017
24.36 5.03214006046
24.38 5.10009881531
24.4 5.16746657665
24.42 5.23422194783
24.44 5.30034334774
24.46 5.36580900593
24.48 5.43059695885
24.5 5.49468504725
24.52 5.55805091474
24.54 5.62067200766
24.56 5.68252557619
24.58 5.74358867688
24.6 5.80383817663
24.62 5.8632507581
24.64 5.92180292683
24.66 5.97947101988
24.68 6.03623121628
24.7 6.09205954923
24.72 6.14693192019
24.74 6.20082411489
24.76 6.25371182129
24.78 6.30557064962
24.8 6.35637615451
24.82 6.40610385918
24.84 6.45472928183
24.86 6.50222796419
24.88 6.54857550217
24.9 6.5937475787
24.92 6.63771999869
24.94 6.68046872598
24.96 6.72196992233
24.98 6.76219998833
25.0 6.80113560601
25.02 6.83875378321
25.04 6.87503189938
25.06 6.90994775275
25.08 6.94347960865
25.1 6.97560624867
25.12 7.00630702061
25.14 7.03556188879
25.16 7.06335148455
25.18 7.08965715662
25.2 7.11446102108
25.22 7.13774601054
25.24 7.15949592237
25.26 7.17969546544
25.28 7.19833030534
25.3 7.2153871074
25.32 7.2308535776
25.34 7.24471850072
25.36 7.25697177569
25.38 7.26760444772
25.4 7.27660873703
25.42 7.28397806395
25.44 7.28970707016
25.46 7.29379163598
25.48 7.29622889344
25.5 7.29701723514
25.52 7.29615631881
25.54 7.29364706752
25.56 7.28949166549
25.58 7.2836935497
25.6 7.27625739714
25.62 7.26718910804
25.64 7.25649578512
25.66 7.24418570893
25.68 7.23026830975
25.7 7.21475413595
25.72 7.19765481935
25.74 7.17898303767
25.76 7.1587524744
25.78 7.13697777647
25.8 7.11367450984
25.82 7.08885911357
25.84 7.06254885245
25.86 7.0347617687
25.88 7.00551663286
25.9 6.97483289437
25.92 6.94273063193
25.94 6.90923050411
25.96 6.8743537003
25.98 6.83812189236
26.0 6.80055718718
26.02 6.76168208027
26.04 6.72151941078
26.06 6.68009231774
26.08 6.6374241982
26.1 6.59353866676
26.12 6.54845951728
26.14 6.5022106862
26.16 6.45481621802
26.18 6.40630023276
26.2 6.35668689548
26.22 6.30600038784
26.24 6.25426488181
26.26 6.20150451535
26.28 6.14774337016
26.3 6.09300545152
26.32 6.03731466991
26.34 5.98069482467
26.36 5.9231695895
26.38 5.86476249966
26.4 5.80549694099
26.42 5.74539614054
26.44 5.68448315879
26.46 5.62278088336
26.48 5.56031202424
26.5 5.49709911034
26.52 5.43316448737
26.54 5.36853031702
26.56 5.30321857726
26.58 5.2372510639
26.6 5.17064939313
26.62 5.10343500524
26.64 5.03562916921
26.66 4.96725298842
26.68 4.89832740726
26.7 4.8288732186
26.72 4.75891107231
26.74 4.68846148462
26.76 4.61754484826
26.78 4.5461814437
26.8 4.47439145109
26.82 4.40219496322
26.84 4.32961199931
26.86 4.25666251972
26.88 4.18336644169
26.9 4.10974365587
26.92 4.03581404394
26.94 3.96159749717
26.96 3.88711393607
26.98 3.81238333091
27.0 3.73742572345
27.02 3.66226124972
27.04 3.58691016379
27.06 3.51139286278
27.08 3.43572991284
27.1 3.35994207637
27.12 3.28405034027
27.14 3.20807594524
27.16 3.13204041628
27.18 3.05596559413
27.2 2.97987366764
27.22 2.90378720722
27.24 2.82772919903
27.26 2.75172307991
27.28 2.67579277313
27.3 2.5999627244
27.32 2.52425793849
27.34 2.44870401595
27.36 2.37332718985
27.38 2.29815436235
27.4 2.22321314085
27.42 2.14853187338
27.44 2.07413968313
27.46 2.00006650162
27.48 1.92634310025
27.5 1.85300112005
27.52 1.78007309887
27.54 1.70759249608
27.56 1.63559371411
27.58 1.56411211639
27.6 1.49318404147
27.62 1.42284681276
27.64 1.35313874344
27.66 1.28409913626
27.68 1.21576827768
27.7 1.14818742601
27.72 1.08139879327
27.74 1.01544552022
27.76 0.950371644485
27.78 0.886222061345
27.8 0.823042477025
27.82 0.760879354285
27.84 0.699779850288
27.86 0.639791746499
27.88 0.580963370845
27.9 0.523343512108
27.92 0.466981326586
27.94 0.411926237591
27.96 0.358227827615
27.98 0.305935723968
28.0 0.255099478109
28.02 0.205768439134
28.04 0.157991622258
28.06 0.111817572683
28.08 0.0672942256615
28.1 0.0244687636175
28.12 -0.0166125290943
28.14 -0.0559044127577
28.16 -0.0933628393259
28.18 -0.128945099189
28.2 -0.162609966555
28.22 -0.194317842643
28.24 -0.224030895792
28.26 -0.251713197497
28.28 -0.277330853589
28.3 -0.300852129642
28.32 -0.322247569846
28.34 -0.341490108503
28.36 -0.358555173517
28.38 -0.373420781133
28.4 -0.386067621322
28.42 -0.396479133369
28.44 -0.404641570971
28.46 -0.410544056692
28.48 -0.414178625226
28.5 -0.415540255308
28.52 -0.414626890069
28.54 -0.41143944567
28.56 -0.405981808214
28.58 -0.398260818971
28.6 -0.388286247931
28.62 -0.376070756041
28.64 -0.361629846112
28.66 -0.344981802974
28.68 -0.326147623074
28.7 -0.305150934016
28.72 -0.282017904658
28.74 -0.25677714607
28.76 -0.229459604353
28.78 -0.200098445587
28.8 -0.168728933996
28.82 -0.135388303808
28.84 -0.100115625868
28.86 -0.0629516695533
28.88 -0.0239387612073
28.9 0.0168793603856
28.92 0.059457690336
28.94 0.103750104967
28.96 0.149709509328
28.98 0.197287983824
29.0 0.246436929297
29.02 0.297107209553
29.04 0.349249290726
29.06 0.40281337646
29.08 0.457749538564
29.1 0.514007842105
29.12 0.571538464656
29.14 0.630291809052
29.16 0.690218609216
29.18 0.751270028651
29.2 0.813397751481
29.22 0.876554065522
29.24 0.940691937553
29.26 1.00576508048
29.28 1.07172801252
29.3 1.1385361085
29.32 1.20614564323
29.34 1.27451382737
29.36 1.34359883595
29.38 1.41335982965
29.4 1.48375696958
29.42 1.55475142553
29.44 1.62630537821
29.46 1.69838201616
29.48 1.77094552725
29.5 1.84396108568
29.52 1.91739483466
29.54 1.99121386532
29.56 2.06538619223
29.58 2.13988072597
29.6 2.21466724319
29.62 2.28971635447
29.64 2.36499947049
29.66 2.4404887667
29.68 2.51615714694
29.7 2.5919782063
29.72 2.66792619327
29.74 2.74397597207
29.76 2.82010298431
29.78 2.89628321146
29.8 2.97249313729
29.82 3.04870971084
29.84 3.12491031028
29.86 3.20107270729
29.88 3.27717503236
29.9 3.35319574116
29.92 3.42911358177
29.94 3.50490756302
29.96 3.58055692395
29.98 3.65604110436
30.0 3.73133971651
30.02 3.80643251795
30.04 3.88129938549
30.06 3.9559202903
30.08 4.0302752742
30.1 4.10434442687
30.12 4.17810786441
30.14 4.25154570873
30.16 4.32463806805
30.18 4.3973650186
30.2 4.46970658696
30.22 4.54164273375
30.24 4.61315333808
30.26 4.68421818296
30.28 4.75481694173
30.3 4.82492916543
30.32 4.8945342709
30.34 4.96361153018
30.36 5.03214006046
30.38 5.10009881531
30.4 5.16746657665
30.42 5.23422194783
30.44 5.30034334774
30.46 5.36580900593
30.48 5.43059695885
30.5 5.49468504725
30.52 5.55805091474
30.54 5.62067200766
30.56 5.68252557618
30.58 5.74358867688
30.6 5.80383817663
30.62 5.8632507581
30.64 5.92180292683
30.66 5.97947101988
30.68 6.03623121628
30.7 6.09205954923
30.72 6.14693192019
30.74 6.20082411489
30.76 6.25371182129
30.78 6.30557064962
30.8 6.35637615451
30.82 6.40610385918
30.84 6.45472928183
30.86 6.50222796419
30.88 6.54857550217
30.9 6.59374757871
30.92 6.63771999869
30.94 6.68046872598
30.96 6.72196992233
30.98 6.76219998833
31.0 6.80113560601
31.02 6.8387537832
31.04 6.87503189938
31.06 6.90994775275
31.08 6.94347960865
31.1 6.97560624867
31.12 7.00630702061
31.14 7.03556188879
31.16 7.06335148455
31.18 7.08965715662
31.2 7.11446102108
31.22 7.13774601054
31.24 7.15949592237
31.26 7.17969546544
31.28 7.19833030534
31.3 7.2153871074
31.32 7.2308535776
31.34 7.24471850072
31.36 7.25697177569
31.38 7.26760444772
31.4 7.27660873703
31.42 7.28397806395
31.44 7.28970707016
31.46 7.29379163598
31.48 7.29622889344
31.5 7.29701723514
31.52 7.29615631881
31.54 7.29364706752
31.56 7.28949166549
31.58 7.2836935497
31.6 7.27625739714
31.62 7.26718910804
31.64 7.25649578512
31.66 7.24418570893
31.68 7.23026830975
31.7 7.21475413595
31.72 7.19765481934
31.74 7.17898303767
31.76 7.15875247441
31.78 7.13697777647
31.8 7.11367450984
31.82 7.08885911357
31.84 7.06254885245
31.86 7.0347617687
31.88 7.00551663286
31.9 6.97483289437
31.92 6.94273063194
31.94 6.90923050411
31.96 6.8743537003
31.98 6.83812189236
32.0 6.80055718717
32.02 6.76168208027
32.04 6.72151941078
32.06 6.68009231774
32.08 6.6374241982
32.1 6.59353866677
32.12 6.54845951728
32.14 6.5022106862
32.16 6.45481621802
32.18 6.40630023276
32.2 6.35668689548
32.22 6.30600038784
32.24 6.25426488182
32.26 6.20150451534
32.28 6.14774337016
32.3 6.09300545152
32.32 6.03731466991
32.34 5.98069482467
32.36 5.9231695895
32.38 5.86476249966
32.4 5.80549694099
32.42 5.74539614054
32.44 5.68448315879
32.46 5.62278088336
32.48 5.56031202424
32.5 5.49709911034
32.52 5.43316448737
32.54 5.36853031702
32.56 5.30321857726
32.58 5.2372510639
32.6 5.17064939313
32.62 5.10343500524
32.64 5.03562916922
32.66 4.96725298842
32.68 4.89832740725
32.7 4.8288732186
32.72 4.75891107231
32.74 4.68846148462
32.76 4.61754484826
32.78 4.5461814437
32.8 4.47439145109
32.82 4.40219496322
32.84 4.3296119993
32.86 4.25666251972
32.88 4.18336644169
32.9 4.10974365587
32.92 4.03581404393
32.94 3.96159749718
32.96 3.88711393607
32.98 3.81238333092
33.0 3.73742572345
33.02 3.66226124973
33.04 3.58691016378
33.06 3.51139286278
33.08 3.43572991284
33.1 3.35994207637
33.12 3.28405034027
33.14 3.20807594524
33.16 3.13204041628
33.18 3.05596559413
33.2 2.97987366765
33.22 2.90378720722
33.24 2.82772919902
33.26 2.75172307992
33.28 2.67579277313
33.3 2.59996272441
33.32 2.52425793849
33.34 2.44870401596
33.36 2.37332718985
33.38 2.29815436236
33.4 2.22321314085
33.42 2.14853187338
33.44 2.07413968313
33.46 2.00006650161
33.48 1.92634310026
33.5 1.85300112004
33.52 1.78007309887
33.54 1.70759249607
33.56 1.63559371412
33.58 1.56411211639
33.6 1.49318404147
33.62 1.42284681277
33.64 1.35313874344
33.66 1.28409913626
33.68 1.21576827768
33.7 1.14818742602
33.72 1.08139879327
33.74 1.01544552022
33.76 0.95037164448
33.78 0.88622206135
33.8 0.823042477022
33.82 0.760879354289
33.84 0.699779850284
33.86 0.639791746502
33.88 0.580963370841
33.9 0.523343512106
33.92 0.466981326595
33.94 0.411926237585
33.96 0.358227827616
33.98 0.305935723968
34.0 0.255099478111
34.02 0.20576843913
34.04 0.15799162226
34.06 0.111817572681
34.08 0.0672942256632
34.1 0.0244687636192
34.12 -0.016612529096
34.14 -0.0559044127571
34.16 -0.0933628393287
34.18 -0.128945099185
34.2 -0.162609966559
34.22 -0.194317842639
34.24 -0.224030895794
34.26 -0.251713197497
34.28 -0.277330853588
34.3 -0.300852129642
34.32 -0.322247569849
34.34 -0.341490108501
34.36 -0.358555173517
34.38 -0.373420781133
34.4 -0.386067621322
34.42 -0.396479133369
34.44 -0.404641570971
34.46 -0.410544056692
34.48 -0.414178625226
34.5 -0.415540255307
34.52 -0.41462689007
34.54 -0.41143944567
34.56 -0.405981808216
34.58 -0.398260818967
34.6 -0.388286247935
34.62 -0.376070756039
34.64 -0.361629846112
34.66 -0.344981802976
34.68 -0.326147623073
34.7 -0.305150934017
34.72 -0.282017904654
34.74 -0.256777146075
34.76 -0.229459604349
34.78 -0.200098445589
34.8 -0.168728933997
34.82 -0.135388303808
34.84 -0.100115625868
34.86 -0.0629516695533
34.88 -0.0239387612067
34.9 0.0168793603845
34.92 0.0594576903383
34.94 0.103750104964
34.96 0.149709509329
34.98 0.197287983824
35.0 0.246436929295
35.02 0.297107209555
35.04 0.349249290725
35.06 0.402813376462
35.08 0.457749538564
35.1 0.514007842103
35.12 0.571538464654
35.14 0.630291809056
35.16 0.690218609215
35.18 0.751270028649
35.2 0.813397751482
35.22 0.876554065527
35.24 0.940691937548
35.26 1.00576508048
35.28 1.07172801252
35.3 1.13853610851
35.32 1.20614564323
35.34 1.27451382737
35.36 1.34359883595
35.38 1.41335982965
35.4 1.48375696959
35.42 1.55475142552
35.44 1.62630537822
35.46 1.69838201616
35.48 1.77094552726
35.5 1.84396108567
35.52 1.91739483465
35.54 1.99121386532
35.56 2.06538619223
35.58 2.13988072597
35.6 2.2146672432
35.62 2.28971635446
35.64 2.3649994705
35.66 2.44048876669
35.68 2.51615714694
35.7 2.5919782063
35.72 2.66792619327
35.74 2.74397597207
35.76 2.82010298431
35.78 2.89628321146
35.8 2.97249313729
35.82 3.04870971084
35.84 3.12491031029
35.86 3.20107270729
35.88 3.27717503236
35.9 3.35319574116
35.92 3.42911358177
35.94 3.50490756301
35.96 3.58055692395
35.98 3.65604110436
36.0 3.73133971651
36.02 3.80643251795
36.04 3.88129938549
36.06 3.9559202903
36.08 4.0302752742
36.1 4.10434442687
36.12 4.17810786441
36.14 4.25154570872
36.16 4.32463806805
36.18 4.3973650186
36.2 4.46970658695
36.22 4.54164273375
36.24 4.61315333808
36.26 4.68421818296
36.28 4.75481694174
36.3 4.82492916542
36.32 4.89453427091
36.34 4.96361153017
36.36 5.03214006047
36.38 5.10009881531
36.4 5.16746657665
36.42 5.23422194783
36.44 5.30034334774
36.46 5.36580900593
36.48 5.43059695885
36.5 5.49468504725
36.52 5.55805091474
36.54 5.62067200766
36.56 5.68252557618
36.58 5.74358867688
36.6 5.80383817663
36.62 5.8632507581
36.64 5.92180292683
36.66 5.97947101988
36.68 6.03623121628
36.7 6.09205954922
36.72 6.14693192019
36.74 6.20082411489
36.76 6.25371182129
36.78 6.30557064962
36.8 6.35637615451
36.82 6.40610385918
36.84 6.45472928183
36.86 6.50222796419
36.88 6.54857550217
36.9 6.5937475787
36.92 6.63771999869
36.94 6.68046872598
36.96 6.72196992233
36.98 6.76219998833
37.0 6.801135606
37.02 6.83875378321
37.04 6.87503189938
37.06 6.90994775275
37.08 6.94347960865
37.1 6.97560624867
37.12 7.00630702061
37.14 7.03556188879
37.16 7.06335148455
37.18 7.08965715662
37.2 7.11446102108
37.22 7.13774601054
37.24 7.15949592237
37.26 7.17969546544
37.28 7.19833030534
37.3 7.2153871074
37.32 7.2308535776
37.34 7.24471850072
37.36 7.25697177569
37.38 7.26760444772
37.4 7.27660873703
37.42 7.28397806395
37.44 7.28970707016
37.46 7.29379163598
37.48 7.29622889344
37.5 7.29701723514
37.52 7.29615631881
37.54 7.29364706752
37.56 7.28949166549
37.58 7.2836935497
37.6 7.27625739714
37.62 7.26718910804
37.64 7.25649578512
37.66 7.24418570893
37.68 7.23026830975
37.7 7.21475413594
37.72 7.19765481935
37.74 7.17898303767
37.76 7.15875247441
37.78 7.13697777647
37.8 7.11367450985
37.82 7.08885911357
37.84 7.06254885245
37.86 7.0347617687
37.88 7.00551663286
37.9 6.97483289437
37.92 6.94273063194
37.94 6.90923050411
37.96 6.8743537003
37.98 6.83812189236
38.0 6.80055718717
38.02 6.76168208028
38.04 6.72151941077
38.06 6.68009231774
38.08 6.6374241982
38.1 6.59353866676
38.12 6.54845951728
38.14 6.5022106862
38.16 6.45481621802
38.18 6.40630023276
38.2 6.35668689548
38.22 6.30600038784
38.24 6.25426488181
38.26 6.20150451534
38.28 6.14774337016
38.3 6.09300545152
38.32 6.03731466992
38.34 5.98069482467
38.36 5.9231695895
38.38 5.86476249966
38.4 5.80549694099
38.42 5.74539614055
38.44 5.68448315878
38.46 5.62278088336
38.48 5.56031202424
38.5 5.49709911034
38.52 5.43316448737
38.54 5.36853031702
38.56 5.30321857726
38.58 5.2372510639
38.6 5.17064939313
38.62 5.10343500524
38.64 5.03562916921
38.66 4.96725298842
38.68 4.89832740725
38.7 4.8288732186
38.72 4.75891107231
38.74 4.68846148462
38.76 4.61754484827
38.78 4.54618144369
38.8 4.47439145109
38.82 4.40219496323
38.84 4.3296119993
38.86 4.25666251973
38.88 4.18336644169
38.9 4.10974365587
38.92 4.03581404393
38.94 3.96159749717
38.96 3.88711393607
38.98 3.81238333091
39.0 3.73742572345
39.02 3.66226124972
39.04 3.58691016379
39.06 3.51139286278
39.08 3.43572991284
39.1 3.35994207637
39.12 3.28405034027
39.14 3.20807594524
39.16 3.13204041629
39.18 3.05596559413
39.2 2.97987366766
39.22 2.90378720721
39.24 2.82772919903
39.26 2.75172307992
39.28 2.67579277313
39.3 2.5999627244
39.32 2.52425793849
39.34 2.44870401596
39.36 2.37332718985
39.38 2.29815436235
39.4 2.22321314085
39.42 2.14853187338
39.44 2.07413968313
39.46 2.00006650161
39.48 1.92634310026
39.5 1.85300112004
39.52 1.78007309886
39.54 1.70759249608
39.56 1.63559371412
39.58 1.56411211639
39.6 1.49318404147
39.62 1.42284681276
39.64 1.35313874344
39.66 1.28409913626
39.68 1.21576827768
39.7 1.14818742602
39.72 1.08139879326
39.74 1.01544552023
39.76 0.950371644477
39.78 0.88622206135
39.8 0.823042477022
39.82 0.760879354287
39.84 0.699779850288
39.86 0.639791746496
39.88 0.580963370848
39.9 0.523343512106
39.92 0.466981326588
39.94 0.411926237591
39.96 0.358227827612
39.98 0.305935723969
