0.0 -0.125200641023
0.02 -0.125069853247
0.04 -0.12478107992
0.06 -0.124335967203
0.08 -0.123736027835
0.1 -0.122982658598
0.12 -0.122077158403
0.14 -0.121020747007
0.16 -0.119814584276
0.18 -0.118459789763
0.2 -0.116957462649
0.22 -0.115308701925
0.24 -0.113514626664
0.26 -0.111576396426
0.28 -0.1094952317
0.3 -0.107272434153
0.32 -0.104909406946
0.34 -0.1024076747
0.36 -0.0997689032971
0.38 -0.0969949193314
0.4 -0.0940877291583
0.42 -0.0910495375044
0.44 -0.0878827655145
0.46 -0.0845900681795
0.48 -0.0811743510806
0.5 -0.0776387863265
0.52 -0.0739868276228
0.54 -0.0702222243443
0.56 -0.0663490345548
0.58 -0.0623716368405
0.6 -0.0582947408416
0.62 -0.0541233964172
0.64 -0.049863001291
0.66 -0.0455193070863
0.68 -0.0410984235877
0.7 -0.0366068212654
0.72 -0.0320513317294
0.74 -0.0274391462231
0.76 -0.0227778118839
0.78 -0.0180752258447
0.8 -0.0133396269126
0.82 -0.00857958490689
0.84 -0.00380398747757
0.86 0.000977975549641
0.88 0.00575683042377
0.9 0.0105228402508
0.92 0.0152660283883
0.94 0.0199762043059
0.96 0.0246429920515
0.98 0.0292558609997
1.0 0.0338041591098
1.02 0.0382771481956
1.04 0.0426640414641
1.06 0.0469540427699
1.08 0.051136387728
1.1 0.0552003861691
1.12 0.0591354659429
1.14 0.0629312175846
1.16 0.0665774397543
1.18 0.0700641849531
1.2 0.0733818053464
1.22 0.0765209982597
1.24 0.0794728510411
1.26 0.0822288849225
1.28 0.0847810975654
1.3 0.0871220038188
1.32 0.0892446745428
1.34 0.091142772933
1.36 0.0928105882327
1.38 0.0942430663414
1.4 0.0954358372318
1.42 0.0963852387445
1.44 0.0970883366424
1.46 0.0975429407753
1.48 0.0977476170387
1.5 0.0977016951928
1.52 0.0974052723918
1.54 0.096859212366
1.56 0.0960651402936
1.58 0.0950254334918
1.6 0.0937432078428
1.62 0.0922223002505
1.64 0.090467247259
1.66 0.0884832599363
1.68 0.0862761954385
1.7 0.0838525253163
1.72 0.0812193010768
1.74 0.0783841170496
1.76 0.0753550711686
1.78 0.0721407237691
1.8 0.0687500548891
1.82 0.0651924203759
1.84 0.0614775071685
1.86 0.0576152880609
1.88 0.0536159763924
1.9 0.0494899807963
1.92 0.0452478606095
1.94 0.0409002818875
1.96 0.0364579746689
1.98 0.0319316914033
2.0 0.0273321670661
2.02 0.0226700809212
2.04 0.0179560203427
2.06 0.0132004466121
2.08 0.00841366306493
2.1 0.00360578548552
2.12 -0.00121328501084
2.14 -0.00603388667414
2.16 -0.0108466192672
2.18 -0.0156423636934
2.2 -0.0204122991069
2.22 -0.025147917519
2.24 -0.0298410359372
2.26 -0.034483806131
2.28 -0.0390687219833
2.3 -0.0435886246814
2.32 -0.0480367056057
2.34 -0.0524065072911
2.36 -0.0566919222334
2.38 -0.060887189952
2.4 -0.0649868922044
2.42 -0.0689859465949
2.44 -0.0728795985539
2.46 -0.076663411942
2.48 -0.0803332583042
2.5 -0.0838853048345
2.52 -0.0873160013123
2.54 -0.0906220659065
2.56 -0.0938004701436
2.58 -0.0968484229294
2.6 -0.099763353935
2.62 -0.102542896216
2.64 -0.105184868309
2.66 -0.107687255788
2.68 -0.110048192426
2.7 -0.112265940915
2.72 -0.114338873423
2.74 -0.116265451812
2.76 -0.118044207738
2.78 -0.119673722754
2.8 -0.121152608244
2.82 -0.122479485562
2.84 -0.123652966226
2.86 -0.124671632331
2.88 -0.125534017328
2.9 -0.126238587103
2.92 -0.126783721599
2.94 -0.127167697072
2.96 -0.127388668957
2.98 -0.127444655697
3.0 -0.127333523512
3.02 -0.127052972249
3.04 -0.126600522655
3.06 -0.125973505067
3.08 -0.125169049765
3.1 -0.124184079321
3.12 -0.123015302962
3.14 -0.121659213388
3.16 -0.12011208613
3.18 -0.118369981901
3.2 -0.116428751995
3.22 -0.114284047224
3.24 -0.111931330582
3.26 -0.109365893915
3.28 -0.106582878968
3.3 -0.103577302978
3.32 -0.10034408923
3.34 -0.0968781026295
3.36 -0.0931741907343
3.38 -0.0892272302064
3.4 -0.0850321789765
3.42 -0.0805841341446
3.44 -0.075878395614
3.46 -0.070910535399
3.48 -0.0656764725654
3.5 -0.060172553304
3.52 -0.054395636165
3.54 -0.0483431816089
3.56 -0.042013345527
3.58 -0.0354050760712
3.6 -0.0285182126271
3.62 -0.0213535864474
3.64 -0.0139131214532
3.66 -0.00619993413667
3.68 0.00178156862466
3.7 0.0100255955278
3.72 0.0185248818362
3.74 0.0272706071473
3.76 0.036252321365
3.78 0.045457880722
3.8 0.0548733951436
3.82 0.0644831887872
3.84 0.0742697750038
3.86 0.0842138471343
3.88 0.0942942863222
3.9 0.104488187293
3.92 0.114770902921
3.94 0.125116108038
3.96 0.135495882824
3.98 0.145880815743
4.0 0.156240125607
4.02 0.16654180233
4.04 0.176752765338
4.06 0.186839038502
4.08 0.196765940095
4.1 0.206498286198
4.12 0.21600060542
4.14 0.225237363125
4.16 0.234173192644
4.18 0.242773131353
4.2 0.251002859014
4.22 0.258828936088
4.24 0.266219039453
4.26 0.273142193287
4.28 0.279568992535
4.3 0.285471817144
4.32 0.290825034567
4.34 0.295605188879
4.36 0.299791174687
4.38 0.303364394153
4.4 0.306308895773
4.42 0.308611493801
4.44 0.310261867045
4.46 0.311252636474
4.48 0.311579420746
4.5 0.311240869394
4.52 0.310238673192
4.54 0.308577551824
4.56 0.306265218751
4.58 0.303312323698
4.6 0.299732373153
4.62 0.295541629516
4.64 0.290758989836
4.66 0.285405845052
4.68 0.27950592108
4.7 0.273085103046
4.72 0.266171244359
4.74 0.258793962445
4.76 0.250984422874
4.78 0.242775114307
4.8 0.234199616178
4.82 0.225292361686
4.84 0.216088398341
4.86 0.206623148658
4.88 0.196932173355
4.9 0.187050939555
4.92 0.177014596303
4.94 0.166857759752
4.96 0.156614309947
4.98 0.146317201308
5.0 0.135998288385
5.02 0.12568816838
5.04 0.115416041592
5.06 0.105209590719
5.08 0.0950948795751
5.1 0.0850962714765
5.12 0.0752363674546
5.14 0.0655359637242
5.16 0.0560140282445
5.18 0.0466876951629
5.2 0.0375722764197
5.22 0.0286812892441
5.24 0.0200264980006
5.26 0.0116179692598
5.28 0.00346413813176
5.3 -0.00442811541307
5.32 -0.0120533820938
5.34 -0.0194076322338
5.36 -0.02648811973
5.38 -0.033293282346
5.4 -0.0398226402442
5.42 -0.0460766934386
5.44 -0.0520568199521
5.46 -0.0577651754714
5.48 -0.0632045954742
5.5 -0.0683785008066
5.52 -0.0732908072746
5.54 -0.0779458398012
5.56 -0.0823482518523
5.58 -0.0865029500481
5.6 -0.0904150246366
5.62 -0.0940896856596
5.64 -0.0975322049694
5.66 -0.100747864107
5.68 -0.103741907886
5.7 -0.106519503556
5.72 -0.109085705408
5.74 -0.111445424484
5.76 -0.113603403252
5.78 -0.115564194958
5.8 -0.117332147156
5.82 -0.118911389584
5.84 -0.120305825472
5.86 -0.121519126596
5.88 -0.122554731288
5.9 -0.123415845482
5.92 -0.124105446273
5.94 -0.124626287945
5.96 -0.124980909993
5.98 -0.125171647145
6.0 -0.125200641019
6.02 -0.125069853249
6.04 -0.12478107992
6.06 -0.124335967203
6.08 -0.123736027835
6.1 -0.122982658598
6.12 -0.122077158403
6.14 -0.121020747007
6.16 -0.119814584276
6.18 -0.118459789763
6.2 -0.116957462651
6.22 -0.115308701925
6.24 -0.113514626659
6.26 -0.111576396429
6.28 -0.1094952317
6.3 -0.107272434152
6.32 -0.104909406949
6.34 -0.102407674698
6.36 -0.099768903298
6.38 -0.0969949193314
6.4 -0.0940877291565
6.42 -0.0910495375096
6.44 -0.0878827655093
6.46 -0.0845900681811
6.48 -0.0811743510817
6.5 -0.0776387863247
6.52 -0.0739868276245
6.54 -0.0702222243425
6.56 -0.0663490345557
6.58 -0.0623716368405
6.6 -0.0582947408426
6.62 -0.0541233964151
6.64 -0.0498630012939
6.66 -0.0455193070833
6.68 -0.0410984235879
6.7 -0.0366068212671
6.72 -0.0320513317277
6.74 -0.0274391462244
6.76 -0.0227778118831
6.78 -0.0180752258465
6.8 -0.0133396269101
6.82 -0.00857958490817
6.84 -0.00380398747843
6.86 0.000977975550632
6.88 0.00575683042437
6.9 0.0105228402501
6.92 0.0152660283874
6.94 0.0199762043076
6.96 0.0246429920506
6.98 0.0292558609997
7.0 0.0338041591098
7.02 0.0382771481956
7.04 0.0426640414641
7.06 0.0469540427699
7.08 0.051136387728
7.1 0.0552003861691
7.12 0.0591354659429
7.14 0.0629312175846
7.16 0.0665774397543
7.18 0.0700641849531
7.2 0.0733818053464
7.22 0.0765209982597
7.24 0.0794728510411
7.26 0.0822288849221
7.28 0.0847810975663
7.3 0.0871220038176
7.32 0.0892446745445
7.34 0.0911427729322
7.36 0.0928105882327
7.38 0.0942430663414
7.4 0.0954358372318
7.42 0.0963852387445
7.44 0.0970883366424
7.46 0.0975429407753
7.48 0.0977476170387
7.5 0.0977016951928
7.52 0.0974052723918
7.54 0.096859212366
7.56 0.0960651402936
7.58 0.0950254334918
7.6 0.0937432078428
7.62 0.0922223002496
7.64 0.0904672472594
7.66 0.0884832599385
7.68 0.0862761954364
7.7 0.0838525253167
7.72 0.0812193010768
7.74 0.0783841170496
7.76 0.0753550711686
7.78 0.0721407237691
7.8 0.0687500548891
7.82 0.0651924203759
7.84 0.0614775071685
7.86 0.0576152880609
7.88 0.0536159763924
7.9 0.049489980795
7.92 0.045247860612
7.94 0.0409002818862
7.96 0.0364579746689
7.98 0.0319316914033
8.0 0.0273321670661
8.02 0.0226700809221
8.04 0.017956020341
8.06 0.013200446613
8.08 0.00841366306493
8.1 0.00360578548424
8.12 -0.00121328500827
8.14 -0.00603388667542
8.16 -0.0108466192672
8.18 -0.0156423636945
8.2 -0.0204122991047
8.22 -0.0251479175202
8.24 -0.0298410359359
8.26 -0.0344838061316
8.28 -0.0390687219859
8.3 -0.0435886246794
8.32 -0.0480367056057
8.34 -0.052406507294
8.36 -0.0566919222275
8.38 -0.0608871899549
8.4 -0.0649868922036
8.42 -0.0689859465958
8.44 -0.0728795985547
8.46 -0.0766634119421
8.48 -0.0803332583031
8.5 -0.0838853048347
8.52 -0.0873160013112
8.54 -0.0906220659074
8.56 -0.0938004701428
8.58 -0.0968484229311
8.6 -0.0997633539342
8.62 -0.102542896216
8.64 -0.105184868309
8.66 -0.107687255788
8.68 -0.110048192426
8.7 -0.112265940915
8.72 -0.114338873424
8.74 -0.116265451809
8.76 -0.11804420774
8.78 -0.119673722754
8.8 -0.121152608244
8.82 -0.122479485562
8.84 -0.123652966226
8.86 -0.124671632329
8.88 -0.125534017331
8.9 -0.126238587101
8.92 -0.126783721602
8.94 -0.127167697066
8.96 -0.127388668956
8.98 -0.127444655702
9.0 -0.12733352351
9.02 -0.127052972248
9.04 -0.12660052266
9.06 -0.125973505061
9.08 -0.12516904977
9.1 -0.12418407932
9.12 -0.123015302963
9.14 -0.121659213385
9.16 -0.12011208613
9.18 -0.118369981904
9.2 -0.116428751996
9.22 -0.114284047216
9.24 -0.111931330589
9.26 -0.109365893912
9.28 -0.106582878971
9.3 -0.103577302978
9.32 -0.100344089227
9.34 -0.0968781026292
9.36 -0.0931741907371
9.38 -0.0892272302022
9.4 -0.0850321789821
9.42 -0.0805841341418
9.44 -0.075878395614
9.46 -0.0709105354004
9.48 -0.0656764725627
9.5 -0.0601725533026
9.52 -0.0543956361705
9.54 -0.0483431816045
9.56 -0.0420133455317
9.58 -0.0354050760668
9.6 -0.0285182126302
9.62 -0.021353586444
9.64 -0.0139131214549
9.66 -0.00619993413667
9.68 0.00178156862335
9.7 0.0100255955304
9.72 0.0185248818362
9.74 0.0272706071434
9.76 0.0362523213676
9.78 0.0454578807203
9.8 0.0548733951483
9.82 0.0644831887829
9.84 0.074269775008
9.86 0.0842138471296
9.88 0.0942942863239
9.9 0.104488187293
9.92 0.114770902921
9.94 0.125116108038
9.96 0.135495882822
9.98 0.145880815746
10.0 0.156240125605
10.02 0.166541802331
10.04 0.176752765335
10.06 0.186839038506
10.08 0.196765940092
10.1 0.206498286197
10.12 0.21600060542
10.14 0.225237363125
10.16 0.234173192643
10.18 0.242773131357
10.2 0.251002859012
10.22 0.258828936086
10.24 0.266219039457
10.26 0.273142193284
10.28 0.279568992536
10.3 0.285471817144
10.32 0.290825034567
10.34 0.295605188879
10.36 0.29979117469
10.38 0.303364394146
10.4 0.306308895778
10.42 0.3086114938
10.44 0.310261867045
10.46 0.311252636474
10.48 0.311579420746
10.5 0.311240869394
10.52 0.310238673192
10.54 0.308577551824
10.56 0.306265218751
10.58 0.303312323698
10.6 0.299732373153
10.62 0.295541629516
10.64 0.290758989835
10.66 0.285405845054
10.68 0.279505921078
10.7 0.273085103047
10.72 0.266171244355
10.74 0.258793962448
10.76 0.250984422875
10.78 0.242775114306
10.8 0.234199616179
10.82 0.225292361682
10.84 0.216088398345
10.86 0.206623148658
10.88 0.196932173352
10.9 0.187050939556
10.92 0.177014596305
10.94 0.166857759748
10.96 0.156614309949
10.98 0.146317201306
11.0 0.135998288389
11.02 0.12568816838
11.04 0.11541604159
11.06 0.10520959072
11.08 0.0950948795764
11.1 0.0850962714752
11.12 0.0752363674546
11.14 0.0655359637242
11.16 0.0560140282457
11.18 0.0466876951603
11.2 0.037572276421
11.22 0.0286812892441
11.24 0.0200264980001
11.26 0.0116179692607
11.28 0.00346413813136
11.3 -0.00442811541307
11.32 -0.012053382092
11.34 -0.0194076322416
11.36 -0.0264881197182
11.38 -0.0332932823544
11.4 -0.0398226402401
11.42 -0.0460766934403
11.44 -0.0520568199544
11.46 -0.0577651754687
11.48 -0.0632045954711
11.5 -0.0683785008111
11.52 -0.0732908072718
11.54 -0.0779458398026
11.56 -0.0823482518523
11.58 -0.0865029500464
11.6 -0.09041502464
11.62 -0.0940896856565
11.64 -0.0975322049739
11.66 -0.100747864102
11.68 -0.10374190789
11.7 -0.106519503552
11.72 -0.109085705411
11.74 -0.111445424481
11.76 -0.113603403255
11.78 -0.115564194955
11.8 -0.117332147159
11.82 -0.118911389581
11.84 -0.120305825474
11.86 -0.1215191266
11.88 -0.122554731284
11.9 -0.123415845482
11.92 -0.124105446275
11.94 -0.124626287944
11.96 -0.124980909995
11.98 -0.125171647145
12.0 -0.125200641024
12.02 -0.125069853241
12.04 -0.124781079923
12.06 -0.124335967203
12.08 -0.123736027835
12.1 -0.1229826586
12.12 -0.1220771584
12.14 -0.121020747009
12.16 -0.119814584276
12.18 -0.118459789763
12.2 -0.11695746265
12.22 -0.115308701923
12.24 -0.113514626662
12.26 -0.111576396429
12.28 -0.109495231697
12.3 -0.107272434153
12.32 -0.104909406949
12.34 -0.102407674698
12.36 -0.0997689032996
12.38 -0.0969949193288
12.4 -0.0940877291573
12.42 -0.0910495375062
12.44 -0.0878827655163
12.46 -0.0845900681786
12.48 -0.0811743510787
12.5 -0.0776387863266
12.52 -0.0739868276245
12.54 -0.0702222243424
12.56 -0.0663490345561
12.58 -0.0623716368401
12.6 -0.0582947408428
12.62 -0.0541233964151
12.64 -0.0498630012929
12.66 -0.0455193070835
12.68 -0.0410984235902
12.7 -0.0366068212656
12.72 -0.0320513317285
12.74 -0.0274391462231
12.76 -0.0227778118839
12.78 -0.0180752258443
12.8 -0.0133396269131
12.82 -0.00857958490689
12.84 -0.00380398747843
12.86 0.000977975551353
12.88 0.00575683042291
12.9 0.0105228402508
12.92 0.0152660283883
12.94 0.0199762043087
12.96 0.0246429920459
12.98 0.0292558610025
13.0 0.0338041591089
13.02 0.0382771481961
13.04 0.0426640414657
13.06 0.0469540427686
13.08 0.0511363877271
13.1 0.0552003861709
13.12 0.0591354659421
13.14 0.0629312175846
13.16 0.0665774397543
13.18 0.0700641849531
13.2 0.0733818053464
13.22 0.0765209982597
13.24 0.0794728510399
13.26 0.0822288849246
13.28 0.084781097565
13.3 0.0871220038184
13.32 0.0892446745428
13.34 0.091142772933
13.36 0.0928105882327
13.38 0.0942430663414
13.4 0.0954358372318
13.42 0.0963852387445
13.44 0.0970883366424
13.46 0.0975429407753
13.48 0.0977476170387
13.5 0.0977016951928
13.52 0.0974052723918
13.54 0.096859212366
13.56 0.0960651402936
13.58 0.0950254334918
13.6 0.093743207842
13.62 0.0922223002513
13.64 0.0904672472586
13.66 0.088483259938
13.68 0.0862761954372
13.7 0.0838525253163
13.72 0.0812193010768
13.74 0.0783841170488
13.76 0.0753550711702
13.78 0.0721407237682
13.8 0.0687500548882
13.82 0.0651924203775
13.84 0.0614775071677
13.86 0.0576152880609
13.88 0.0536159763912
13.9 0.0494899807987
13.92 0.0452478606083
13.94 0.0409002818862
13.96 0.0364579746705
13.98 0.0319316914065
14.0 0.0273321670597
14.02 0.0226700809249
14.04 0.017956020341
14.06 0.013200446613
14.08 0.00841366306376
14.1 0.00360578548669
14.12 -0.00121328500895
14.14 -0.00603388667673
14.16 -0.0108466192676
14.18 -0.0156423636923
14.2 -0.0204122991067
14.22 -0.0251479175184
14.24 -0.0298410359368
14.26 -0.0344838061336
14.28 -0.0390687219839
14.3 -0.0435886246758
14.32 -0.0480367056104
14.34 -0.0524065072907
14.36 -0.0566919222338
14.38 -0.060887189949
14.4 -0.0649868922063
14.42 -0.0689859465958
14.44 -0.072879598553
14.46 -0.076663411943
14.48 -0.0803332583023
14.5 -0.0838853048364
14.52 -0.0873160013086
14.54 -0.0906220659109
14.56 -0.0938004701401
14.58 -0.0968484229329
14.6 -0.0997633539333
14.62 -0.102542896216
14.64 -0.10518486831
14.66 -0.107687255786
14.68 -0.110048192425
14.7 -0.112265940919
14.72 -0.114338873423
14.74 -0.116265451809
14.76 -0.11804420774
14.78 -0.119673722754
14.8 -0.121152608244
14.82 -0.122479485562
14.84 -0.123652966224
14.86 -0.124671632334
14.88 -0.125534017326
14.9 -0.126238587103
14.92 -0.126783721599
14.94 -0.127167697073
14.96 -0.127388668951
14.98 -0.127444655706
15.0 -0.127333523508
15.02 -0.127052972247
15.04 -0.126600522658
15.06 -0.125973505065
15.08 -0.125169049766
15.1 -0.124184079319
15.12 -0.123015302965
15.14 -0.121659213386
15.16 -0.120112086127
15.18 -0.118369981909
15.2 -0.116428751989
15.22 -0.114284047225
15.24 -0.111931330581
15.26 -0.109365893919
15.28 -0.106582878966
15.3 -0.10357730298
15.32 -0.100344089226
15.34 -0.096878102634
15.36 -0.0931741907329
15.38 -0.0892272302058
15.4 -0.085032178974
15.42 -0.0805841341484
15.44 -0.0758783956146
15.46 -0.0709105353987
15.48 -0.0656764725627
15.5 -0.0601725533036
15.52 -0.0543956361685
15.54 -0.0483431816041
15.56 -0.0420133455331
15.58 -0.0354050760699
15.6 -0.0285182126254
15.62 -0.0213535864457
15.64 -0.0139131214549
15.66 -0.00619993413667
15.68 0.00178156862598
15.7 0.0100255955239
15.72 0.0185248818415
15.74 0.0272706071421
15.76 0.0362523213693
15.78 0.0454578807211
15.8 0.0548733951397
15.82 0.0644831887906
15.84 0.0742697750063
15.86 0.0842138471296
15.88 0.0942942863239
15.9 0.104488187298
15.92 0.114770902912
15.94 0.125116108042
15.96 0.135495882822
15.98 0.145880815746
16.0 0.156240125605
16.02 0.16654180233
16.04 0.176752765338
16.06 0.186839038505
16.08 0.196765940092
16.1 0.206498286195
16.12 0.216000605423
16.14 0.225237363126
16.16 0.234173192642
16.18 0.242773131354
16.2 0.251002859016
16.22 0.258828936087
16.24 0.266219039452
16.26 0.273142193288
16.28 0.279568992535
16.3 0.285471817144
16.32 0.290825034567
16.34 0.295605188878
16.36 0.29979117469
16.38 0.30336439415
16.4 0.306308895775
16.42 0.3086114938
16.44 0.310261867045
16.46 0.311252636474
16.48 0.311579420746
16.5 0.311240869394
16.52 0.310238673192
16.54 0.308577551824
16.56 0.306265218751
16.58 0.303312323698
16.6 0.299732373152
16.62 0.295541629518
16.64 0.290758989835
16.66 0.285405845052
16.68 0.279505921081
16.7 0.273085103044
16.72 0.26617124436
16.74 0.258793962446
16.76 0.250984422872
16.78 0.242775114309
16.8 0.234199616178
16.82 0.225292361686
16.84 0.216088398341
16.86 0.206623148658
16.88 0.196932173355
16.9 0.187050939555
16.92 0.177014596303
16.94 0.166857759752
16.96 0.156614309947
16.98 0.146317201307
17.0 0.135998288391
17.02 0.125688168373
17.04 0.115416041596
17.06 0.105209590715
17.08 0.0950948795772
17.1 0.0850962714786
17.12 0.0752363674528
17.14 0.0655359637212
17.16 0.0560140282504
17.18 0.0466876951582
17.2 0.0375722764244
17.22 0.0286812892398
17.24 0.0200264980019
17.26 0.0116179692581
17.28 0.00346413813518
17.3 -0.00442811541478
17.32 -0.0120533820924
17.34 -0.0194076322391
17.36 -0.026488119722
17.38 -0.0332932823513
17.4 -0.0398226402445
17.42 -0.0460766934352
17.44 -0.0520568199538
17.46 -0.0577651754727
17.48 -0.0632045954732
17.5 -0.0683785008059
17.52 -0.0732908072708
17.54 -0.0779458398085
17.56 -0.0823482518489
17.58 -0.0865029500484
17.6 -0.0904150246383
17.62 -0.0940896856582
17.64 -0.0975322049653
17.66 -0.100747864113
17.68 -0.103741907885
17.7 -0.106519503558
17.72 -0.109085705405
17.74 -0.111445424485
17.76 -0.113603403257
17.78 -0.115564194951
17.8 -0.117332147161
17.82 -0.118911389584
17.84 -0.120305825471
17.86 -0.121519126594
17.88 -0.122554731291
17.9 -0.123415845482
17.92 -0.124105446275
17.94 -0.12462628794
17.96 -0.124980909997
17.98 -0.125171647146
18.0 -0.125200641019
18.02 -0.125069853247
18.04 -0.12478107992
18.06 -0.124335967202
18.08 -0.123736027836
18.1 -0.122982658599
18.12 -0.122077158403
18.14 -0.121020747005
18.16 -0.119814584278
18.18 -0.118459789765
18.2 -0.116957462649
18.22 -0.115308701922
18.24 -0.113514626665
18.26 -0.111576396425
18.28 -0.1094952317
18.3 -0.107272434152
18.32 -0.104909406949
18.34 -0.102407674698
18.36 -0.099768903298
18.38 -0.0969949193322
18.4 -0.0940877291556
18.42 -0.0910495375079
18.44 -0.087882765512
18.46 -0.0845900681802
18.48 -0.0811743510816
18.5 -0.0776387863256
18.52 -0.0739868276204
18.54 -0.0702222243484
18.56 -0.0663490345531
18.58 -0.0623716368407
18.6 -0.0582947408413
18.62 -0.0541233964163
18.64 -0.0498630012938
18.66 -0.0455193070848
18.68 -0.0410984235875
18.7 -0.0366068212644
18.72 -0.0320513317337
18.74 -0.0274391462191
18.76 -0.0227778118821
18.78 -0.0180752258491
18.8 -0.0133396269103
18.82 -0.00857958490677
18.84 -0.00380398747914
18.86 0.000977975552501
18.88 0.0057568304206
18.9 0.0105228402528
18.92 0.0152660283859
18.94 0.0199762043103
18.96 0.0246429920455
18.98 0.029255861004
19.0 0.0338041591077
19.02 0.0382771481961
19.04 0.0426640414657
19.06 0.0469540427686
19.08 0.0511363877271
19.1 0.0552003861709
19.12 0.0591354659421
19.14 0.0629312175846
19.16 0.0665774397551
19.18 0.0700641849514
19.2 0.0733818053473
19.22 0.0765209982597
19.24 0.0794728510399
19.26 0.082228884925
19.28 0.0847810975642
19.3 0.0871220038188
19.32 0.0892446745428
19.34 0.091142772933
19.36 0.0928105882327
19.38 0.0942430663414
19.4 0.0954358372318
19.42 0.0963852387445
19.44 0.0970883366424
19.46 0.0975429407753
19.48 0.0977476170387
19.5 0.0977016951928
19.52 0.0974052723918
19.54 0.096859212366
19.56 0.0960651402936
19.58 0.0950254334918
19.6 0.0937432078428
19.62 0.0922223002505
19.64 0.090467247259
19.66 0.0884832599363
19.68 0.0862761954385
19.7 0.0838525253163
19.72 0.0812193010768
19.74 0.0783841170488
19.76 0.0753550711711
19.78 0.0721407237657
19.8 0.0687500548908
19.82 0.0651924203758
19.84 0.0614775071685
19.86 0.0576152880617
19.88 0.0536159763903
19.9 0.0494899807987
19.92 0.0452478606083
19.94 0.0409002818862
19.96 0.0364579746705
19.98 0.0319316914036
20.0 0.0273321670666
20.02 0.0226700809188
20.04 0.0179560203441
20.06 0.0132004466123
20.08 0.00841366306376
20.1 0.0036057854851
20.12 -0.00121328500779
20.14 -0.00603388667673
20.16 -0.0108466192672
20.18 -0.0156423636934
20.2 -0.0204122991064
20.22 -0.0251479175176
20.24 -0.0298410359396
20.26 -0.0344838061275
20.28 -0.0390687219876
20.3 -0.0435886246796
20.32 -0.0480367056046
20.34 -0.0524065072917
20.36 -0.0566919222343
20.38 -0.0608871899498
20.4 -0.0649868922068
20.42 -0.0689859465942
20.44 -0.0728795985534
20.46 -0.0766634119454
20.48 -0.0803332583002
20.5 -0.0838853048362
20.52 -0.087316001308
20.54 -0.0906220659101
20.56 -0.0938004701418
20.58 -0.0968484229337
20.6 -0.0997633539333
20.62 -0.102542896213
20.64 -0.105184868313
20.66 -0.107687255788
20.68 -0.110048192423
20.7 -0.112265940917
20.72 -0.114338873426
20.74 -0.116265451805
20.76 -0.118044207745
20.78 -0.119673722749
20.8 -0.121152608246
20.82 -0.122479485562
20.84 -0.123652966226
20.86 -0.124671632329
20.88 -0.125534017331
20.9 -0.126238587101
20.92 -0.126783721599
20.94 -0.127167697073
20.96 -0.127388668952
20.98 -0.127444655701
21.0 -0.127333523514
21.02 -0.127052972245
21.04 -0.126600522659
21.06 -0.125973505063
21.08 -0.125169049772
21.1 -0.124184079311
21.12 -0.12301530297
21.14 -0.121659213384
21.16 -0.12011208613
21.18 -0.118369981906
21.2 -0.116428751992
21.22 -0.114284047223
21.24 -0.111931330585
21.26 -0.10936589391
21.28 -0.106582878973
21.3 -0.103577302978
21.32 -0.100344089227
21.34 -0.0968781026289
21.36 -0.093174190738
21.38 -0.089227230204
21.4 -0.0850321789754
21.42 -0.0805841341457
21.44 -0.0758783956167
21.46 -0.0709105353974
21.48 -0.065676472562
21.5 -0.0601725533046
21.52 -0.0543956361722
21.54 -0.0483431815986
21.56 -0.0420133455382
21.58 -0.0354050760641
21.6 -0.0285182126281
21.62 -0.021353586447
21.64 -0.0139131214505
21.66 -0.00619993414142
21.68 0.00178156862598
21.7 0.0100255955277
21.72 0.0185248818346
21.74 0.0272706071511
21.76 0.0362523213633
21.78 0.045457880725
21.8 0.0548733951371
21.82 0.0644831887911
21.84 0.0742697750063
21.86 0.0842138471313
21.88 0.0942942863201
21.9 0.1044881873
21.92 0.114770902912
21.94 0.125116108041
21.96 0.135495882826
21.98 0.145880815744
22.0 0.156240125603
22.02 0.166541802331
22.04 0.176752765338
22.06 0.186839038505
22.08 0.196765940092
22.1 0.206498286195
22.12 0.216000605424
22.14 0.225237363123
22.16 0.234173192643
22.18 0.242773131357
22.2 0.251002859012
22.22 0.258828936089
22.24 0.266219039452
22.26 0.273142193288
22.28 0.279568992535
22.3 0.285471817144
22.32 0.290825034569
22.34 0.295605188874
22.36 0.29979117469
22.38 0.303364394152
22.4 0.306308895775
22.42 0.3086114938
22.44 0.310261867045
22.46 0.311252636474
22.48 0.311579420746
22.5 0.311240869394
22.52 0.310238673192
22.54 0.308577551824
22.56 0.306265218751
22.58 0.303312323697
22.6 0.299732373155
22.62 0.295541629517
22.64 0.290758989835
22.66 0.285405845052
22.68 0.279505921081
22.7 0.273085103044
22.72 0.266171244359
22.74 0.258793962449
22.76 0.25098442287
22.78 0.242775114307
22.8 0.23419961618
22.82 0.225292361683
22.84 0.216088398345
22.86 0.206623148653
22.88 0.196932173359
22.9 0.187050939554
22.92 0.177014596303
22.94 0.166857759752
22.96 0.156614309947
22.98 0.146317201307
23.0 0.135998288391
23.02 0.125688168374
23.04 0.115416041592
23.06 0.105209590722
23.08 0.0950948795721
23.1 0.0850962714782
23.12 0.0752363674563
23.14 0.0655359637195
23.16 0.0560140282504
23.18 0.0466876951582
23.2 0.0375722764261
23.22 0.0286812892364
23.24 0.0200264980036
23.26 0.0116179692581
23.28 0.00346413813518
23.3 -0.00442811541649
23.32 -0.012053382089
23.34 -0.0194076322382
23.36 -0.0264881197273
23.38 -0.0332932823487
23.4 -0.0398226402432
23.42 -0.0460766934369
23.44 -0.0520568199544
23.46 -0.0577651754752
23.48 -0.0632045954646
23.5 -0.0683785008148
23.52 -0.073290807265
23.54 -0.0779458398095
23.56 -0.082348251851
23.58 -0.0865029500473
23.6 -0.0904150246369
23.62 -0.0940896856593
23.64 -0.0975322049673
23.66 -0.100747864111
23.68 -0.103741907884
23.7 -0.106519503558
23.72 -0.109085705405
23.74 -0.111445424485
23.76 -0.113603403256
23.78 -0.115564194951
23.8 -0.117332147161
23.82 -0.118911389581
23.84 -0.120305825477
23.86 -0.121519126595
23.88 -0.122554731284
23.9 -0.123415845485
23.92 -0.124105446272
23.94 -0.124626287946
23.96 -0.124980909991
23.98 -0.125171647148
24.0 -0.125200641018
24.02 -0.12506985325
24.04 -0.124781079918
24.06 -0.124335967201
24.08 -0.123736027837
24.1 -0.1229826586
24.12 -0.122077158399
24.14 -0.121020747007
24.16 -0.119814584279
24.18 -0.118459789762
24.2 -0.11695746265
24.22 -0.115308701922
24.24 -0.113514626665
24.26 -0.111576396427
24.28 -0.109495231697
24.3 -0.107272434154
24.32 -0.104909406947
24.34 -0.102407674698
24.36 -0.099768903298
24.38 -0.0969949193295
24.4 -0.0940877291611
24.42 -0.0910495375044
24.44 -0.0878827655136
24.46 -0.0845900681812
24.48 -0.081174351078
24.5 -0.0776387863267
24.52 -0.0739868276227
24.54 -0.0702222243448
24.56 -0.0663490345562
24.58 -0.0623716368411
24.6 -0.0582947408382
24.62 -0.0541233964167
24.64 -0.0498630012962
24.66 -0.0455193070835
24.68 -0.0410984235875
24.7 -0.0366068212637
24.72 -0.0320513317341
24.74 -0.0274391462188
24.76 -0.022777811884
24.78 -0.0180752258477
24.8 -0.0133396269103
24.82 -0.00857958490735
24.84 -0.00380398747799
24.86 0.000977975550069
24.88 0.00575683042437
24.9 0.0105228402508
24.92 0.0152660283871
24.94 0.0199762043088
24.96 0.024642992045
24.98 0.0292558610057
25.0 0.0338041591062
25.02 0.0382771481993
25.04 0.0426640414608
25.06 0.0469540427699
25.08 0.0511363877296
25.1 0.0552003861696
25.12 0.0591354659429
25.14 0.062931217583
25.16 0.0665774397559
25.18 0.0700641849522
25.2 0.0733818053456
25.22 0.0765209982605
25.24 0.0794728510399
25.26 0.082228884925
25.28 0.0847810975642
25.3 0.087122003818
25.32 0.0892446745445
25.34 0.0911427729322
25.36 0.0928105882327
25.38 0.0942430663414
25.4 0.0954358372318
25.42 0.0963852387445
25.44 0.0970883366424
25.46 0.0975429407753
25.48 0.0977476170387
25.5 0.0977016951928
25.52 0.0974052723918
25.54 0.096859212366
25.56 0.0960651402936
25.58 0.0950254334918
25.6 0.0937432078428
25.62 0.0922223002496
25.64 0.0904672472607
25.66 0.0884832599354
25.68 0.0862761954385
25.7 0.0838525253171
25.72 0.0812193010751
25.74 0.0783841170505
25.76 0.0753550711694
25.78 0.0721407237673
25.8 0.0687500548891
25.82 0.0651924203775
25.84 0.0614775071668
25.86 0.0576152880626
25.88 0.0536159763903
25.9 0.0494899807992
25.92 0.0452478606073
25.94 0.040900281888
25.96 0.0364579746681
25.98 0.0319316914048
26.0 0.0273321670666
26.02 0.0226700809187
26.04 0.0179560203445
26.06 0.0132004466099
26.08 0.0084136630677
26.1 0.00360578548343
26.12 -0.00121328500792
26.14 -0.00603388667859
26.16 -0.0108466192635
26.18 -0.0156423636938
26.2 -0.0204122991086
26.22 -0.0251479175176
26.24 -0.0298410359375
26.26 -0.0344838061293
26.28 -0.0390687219878
26.3 -0.043588624679
26.32 -0.0480367056046
26.34 -0.052406507293
26.36 -0.0566919222334
26.38 -0.0608871899485
26.4 -0.064986892207
26.42 -0.0689859465949
26.44 -0.0728795985527
26.46 -0.0766634119439
26.48 -0.0803332583046
26.5 -0.0838853048321
26.52 -0.0873160013115
26.54 -0.0906220659095
26.56 -0.0938004701415
26.58 -0.0968484229305
26.6 -0.0997633539375
26.62 -0.102542896213
26.64 -0.105184868308
26.66 -0.107687255792
26.68 -0.11004819242
26.7 -0.112265940917
26.72 -0.11433887343
26.74 -0.116265451804
26.76 -0.118044207745
26.78 -0.119673722748
26.8 -0.121152608247
26.82 -0.122479485566
26.84 -0.123652966221
26.86 -0.124671632331
26.88 -0.125534017331
26.9 -0.126238587101
26.92 -0.1267837216
26.94 -0.127167697069
26.96 -0.127388668957
26.98 -0.127444655698
27.0 -0.127333523514
27.02 -0.127052972245
27.04 -0.12660052266
27.06 -0.125973505064
27.08 -0.125169049761
27.1 -0.124184079327
27.12 -0.12301530296
27.14 -0.121659213384
27.16 -0.120112086135
27.18 -0.118369981902
27.2 -0.11642875199
27.22 -0.114284047229
27.24 -0.111931330575
27.26 -0.109365893919
27.28 -0.106582878968
27.3 -0.10357730298
27.32 -0.100344089226
27.34 -0.0968781026326
27.36 -0.0931741907348
27.38 -0.0892272302048
27.4 -0.0850321789776
27.42 -0.0805841341436
27.44 -0.0758783956163
27.46 -0.0709105353953
27.48 -0.0656764725678
27.5 -0.0601725533023
27.52 -0.054395636166
27.54 -0.0483431816113
27.56 -0.0420133455306
27.58 -0.0354050760624
27.6 -0.0285182126288
27.62 -0.0213535864501
27.64 -0.0139131214488
27.66 -0.00619993414313
27.68 0.0017815686298
27.7 0.0100255955248
27.72 0.0185248818402
27.74 0.0272706071421
27.76 0.036252321368
27.78 0.0454578807211
27.8 0.0548733951457
27.82 0.0644831887851
27.84 0.0742697750029
27.86 0.0842138471385
27.88 0.0942942863175
27.9 0.1044881873
27.92 0.114770902916
27.94 0.125116108034
27.96 0.13549588283
27.98 0.14588081574
28.0 0.156240125608
28.02 0.16654180233
28.04 0.176752765338
28.06 0.186839038504
28.08 0.196765940095
28.1 0.206498286192
28.12 0.216000605427
28.14 0.225237363121
28.16 0.234173192646
28.18 0.242773131355
28.2 0.251002859014
28.22 0.258828936085
28.24 0.266219039458
28.26 0.273142193281
28.28 0.279568992536
28.3 0.285471817149
28.32 0.290825034564
28.34 0.295605188879
28.36 0.29979117469
28.38 0.303364394146
28.4 0.306308895778
28.42 0.3086114938
28.44 0.310261867045
28.46 0.311252636474
28.48 0.311579420746
28.5 0.311240869394
28.52 0.310238673192
28.54 0.308577551822
28.56 0.306265218753
28.58 0.303312323697
28.6 0.299732373155
28.62 0.295541629513
28.64 0.290758989835
28.66 0.285405845057
28.68 0.279505921078
28.7 0.273085103045
28.72 0.26617124436
28.74 0.258793962446
28.76 0.250984422872
28.78 0.24277511431
28.8 0.234199616176
28.82 0.225292361687
28.84 0.216088398339
28.86 0.20662314866
28.88 0.196932173357
28.9 0.187050939551
28.92 0.177014596306
28.94 0.166857759751
28.96 0.156614309947
28.98 0.146317201307
29.0 0.135998288391
29.02 0.125688168373
29.04 0.115416041596
29.06 0.105209590716
29.08 0.0950948795721
29.1 0.085096271485
29.12 0.0752363674503
29.14 0.0655359637212
29.16 0.0560140282504
29.18 0.0466876951582
29.2 0.0375722764244
29.22 0.0286812892398
29.24 0.0200264980027
29.26 0.0116179692581
29.28 0.00346413813096
29.3 -0.00442811540965
29.32 -0.0120533820938
29.34 -0.0194076322433
29.36 -0.0264881197148
29.38 -0.0332932823527
29.4 -0.0398226402474
29.42 -0.0460766934358
29.44 -0.0520568199524
29.46 -0.0577651754727
29.48 -0.0632045954718
29.5 -0.0683785008107
29.52 -0.0732908072687
29.54 -0.0779458398033
29.56 -0.0823482518529
29.58 -0.0865029500481
29.6 -0.0904150246366
29.62 -0.0940896856602
29.64 -0.0975322049685
29.66 -0.100747864107
29.68 -0.10374190789
29.7 -0.106519503547
29.72 -0.109085705417
29.74 -0.111445424477
29.76 -0.113603403255
29.78 -0.115564194958
29.8 -0.117332147157
29.82 -0.11891138958
29.84 -0.120305825477
29.86 -0.121519126594
29.88 -0.122554731291
29.9 -0.123415845477
29.92 -0.124105446278
29.94 -0.124626287944
29.96 -0.124980909993
29.98 -0.125171647144
30.0 -0.12520064102
30.02 -0.125069853249
30.04 -0.12478107992
30.06 -0.124335967204
30.08 -0.123736027834
30.1 -0.1229826586
30.12 -0.1220771584
30.14 -0.121020747007
30.16 -0.11981458428
30.18 -0.118459789761
30.2 -0.11695746265
30.22 -0.115308701923
30.24 -0.113514626662
30.26 -0.111576396427
30.28 -0.109495231701
30.3 -0.10727243415
30.32 -0.10490940695
30.34 -0.102407674698
30.36 -0.0997689032979
30.38 -0.0969949193305
30.4 -0.0940877291601
30.42 -0.0910495375037
30.44 -0.0878827655143
30.46 -0.0845900681812
30.48 -0.0811743510782
30.5 -0.077638786326
30.52 -0.0739868276242
30.54 -0.0702222243425
30.56 -0.0663490345592
30.58 -0.0623716368394
30.6 -0.058294740837
30.62 -0.0541233964191
30.64 -0.0498630012938
30.66 -0.0455193070854
30.68 -0.0410984235849
30.7 -0.0366068212678
30.72 -0.0320513317298
30.74 -0.0274391462223
30.76 -0.0227778118829
30.78 -0.018075225845
30.8 -0.0133396269151
30.82 -0.00857958490411
30.84 -0.00380398747999
30.86 0.000977975551217
30.88 0.00575683042399
30.9 0.0105228402513
30.92 0.0152660283865
30.94 0.0199762043096
30.96 0.0246429920446
30.98 0.0292558610052
31.0 0.0338041591092
31.02 0.0382771481928
31.04 0.0426640414674
31.06 0.0469540427686
31.08 0.0511363877263
31.1 0.055200386173
31.12 0.0591354659404
31.14 0.0629312175851
31.16 0.0665774397542
31.18 0.0700641849539
31.2 0.0733818053439
31.22 0.076520998263
31.24 0.0794728510386
31.26 0.0822288849225
31.28 0.0847810975671
31.3 0.0871220038171
31.32 0.0892446745445
31.34 0.0911427729322
31.36 0.0928105882327
31.38 0.0942430663414
31.4 0.0954358372318
31.42 0.0963852387445
31.44 0.0970883366424
31.46 0.0975429407753
31.48 0.0977476170387
31.5 0.0977016951928
31.52 0.0974052723918
31.54 0.096859212366
31.56 0.0960651402945
31.58 0.0950254334901
31.6 0.0937432078437
31.62 0.0922223002496
31.64 0.0904672472607
31.66 0.0884832599363
31.68 0.0862761954368
31.7 0.0838525253193
31.72 0.0812193010725
31.74 0.0783841170526
31.76 0.075355071169
31.78 0.0721407237656
31.8 0.0687500548912
31.82 0.0651924203759
31.84 0.0614775071656
31.86 0.0576152880667
31.88 0.0536159763896
31.9 0.0494899807962
31.92 0.0452478606095
31.94 0.0409002818862
31.96 0.0364579746705
31.98 0.0319316914058
32.0 0.0273321670611
32.02 0.0226700809234
32.04 0.017956020344
32.06 0.0132004466084
32.08 0.00841366306845
32.1 0.00360578548355
32.12 -0.00121328500818
32.14 -0.00603388667947
32.16 -0.0108466192607
32.18 -0.0156423636962
32.2 -0.0204122991083
32.22 -0.0251479175173
32.24 -0.0298410359369
32.26 -0.0344838061306
32.28 -0.0390687219884
32.3 -0.0435886246751
32.32 -0.0480367056072
32.34 -0.052406507293
32.36 -0.0566919222334
32.38 -0.0608871899482
32.4 -0.0649868922063
32.42 -0.0689859465978
32.44 -0.0728795985523
32.46 -0.0766634119435
32.48 -0.0803332583024
32.5 -0.0838853048335
32.52 -0.0873160013101
32.54 -0.0906220659116
32.56 -0.0938004701413
32.58 -0.0968484229299
32.6 -0.0997633539337
32.62 -0.102542896218
32.64 -0.105184868306
32.66 -0.107687255793
32.68 -0.110048192423
32.7 -0.112265940914
32.72 -0.114338873428
32.74 -0.116265451805
32.76 -0.118044207743
32.78 -0.119673722753
32.8 -0.121152608242
32.82 -0.122479485566
32.84 -0.123652966224
32.86 -0.124671632329
32.88 -0.125534017331
32.9 -0.126238587101
32.92 -0.126783721599
32.94 -0.127167697072
32.96 -0.127388668958
32.98 -0.127444655697
33.0 -0.127333523513
33.02 -0.127052972245
33.04 -0.126600522664
33.06 -0.125973505061
33.08 -0.125169049766
33.1 -0.124184079322
33.12 -0.123015302962
33.14 -0.121659213382
33.16 -0.120112086138
33.18 -0.118369981901
33.2 -0.116428751988
33.22 -0.114284047227
33.24 -0.111931330581
33.26 -0.109365893917
33.28 -0.106582878971
33.3 -0.103577302972
33.32 -0.100344089235
33.34 -0.0968781026258
33.36 -0.0931741907354
33.38 -0.0892272302067
33.4 -0.0850321789771
33.42 -0.0805841341444
33.44 -0.0758783956142
33.46 -0.0709105354018
33.48 -0.0656764725552
33.5 -0.0601725533142
33.52 -0.0543956361596
33.54 -0.0483431816131
33.56 -0.0420133455262
33.58 -0.0354050760699
33.6 -0.0285182126292
33.62 -0.0213535864409
33.64 -0.0139131214571
33.66 -0.00619993413838
33.68 0.00178156862466
33.7 0.0100255955295
33.72 0.0185248818384
33.74 0.0272706071438
33.76 0.0362523213651
33.78 0.0454578807228
33.8 0.0548733951436
33.82 0.0644831887876
33.84 0.0742697750016
33.86 0.0842138471407
33.88 0.0942942863128
33.9 0.1044881873
33.92 0.114770902922
33.94 0.125116108029
33.96 0.135495882832
33.98 0.145880815738
34.0 0.15624012561
34.02 0.166541802326
34.04 0.17675276534
34.06 0.186839038502
34.08 0.196765940097
34.1 0.206498286194
34.12 0.216000605425
34.14 0.225237363122
34.16 0.234173192641
34.18 0.242773131361
34.2 0.251002859008
34.22 0.25882893609
34.24 0.266219039456
34.26 0.273142193281
34.28 0.279568992539
34.3 0.285471817147
34.32 0.290825034561
34.34 0.295605188882
34.36 0.29979117469
34.38 0.303364394146
34.4 0.306308895778
34.42 0.3086114938
34.44 0.310261867045
34.46 0.311252636474
34.48 0.311579420745
34.5 0.311240869397
34.52 0.31023867319
34.54 0.308577551822
34.56 0.30626521875
34.58 0.303312323703
34.6 0.299732373149
34.62 0.295541629518
34.64 0.290758989835
34.66 0.285405845052
34.68 0.279505921079
34.7 0.273085103044
34.72 0.266171244365
34.74 0.25879396244
34.76 0.250984422878
34.78 0.242775114306
34.8 0.234199616178
34.82 0.225292361687
34.84 0.216088398339
34.86 0.20662314866
34.88 0.196932173358
34.9 0.187050939549
34.92 0.177014596309
34.94 0.166857759748
34.96 0.156614309949
34.98 0.146317201307
35.0 0.135998288389
35.02 0.125688168376
35.04 0.115416041593
35.06 0.105209590721
35.08 0.0950948795721
35.1 0.0850962714812
35.12 0.0752363674486
35.14 0.0655359637267
35.16 0.056014028247
35.18 0.0466876951573
35.2 0.0375722764235
35.22 0.0286812892458
35.24 0.0200264979989
35.26 0.0116179692598
35.28 0.00346413812924
35.3 -0.00442811540885
35.32 -0.0120533820924
35.34 -0.0194076322467
35.36 -0.0264881197131
35.38 -0.0332932823544
35.4 -0.0398226402436
35.42 -0.04607669344
35.44 -0.0520568199521
35.46 -0.057765175471
35.48 -0.063204595468
35.5 -0.0683785008128
35.52 -0.0732908072691
35.54 -0.0779458398071
35.56 -0.0823482518506
35.58 -0.0865029500512
35.6 -0.0904150246315
35.62 -0.0940896856657
35.64 -0.0975322049602
35.66 -0.100747864112
35.68 -0.103741907892
35.7 -0.106519503546
35.72 -0.109085705417
35.74 -0.111445424475
35.76 -0.11360340326
35.78 -0.115564194954
35.8 -0.117332147159
35.82 -0.11891138958
35.84 -0.120305825474
35.86 -0.121519126596
35.88 -0.12255473129
35.9 -0.123415845477
35.92 -0.124105446277
35.94 -0.124626287945
35.96 -0.12498090999
35.98 -0.12517164715
36.0 -0.125200641021
36.02 -0.125069853244
36.04 -0.124781079921
36.06 -0.124335967205
36.08 -0.12373602783
36.1 -0.122982658605
36.12 -0.122077158398
36.14 -0.121020747008
36.16 -0.119814584278
36.18 -0.118459789759
36.2 -0.116957462652
36.22 -0.115308701924
36.24 -0.113514626662
36.26 -0.111576396429
36.28 -0.109495231697
36.3 -0.107272434154
36.32 -0.104909406946
36.34 -0.102407674702
36.36 -0.0997689032947
36.38 -0.0969949193312
36.4 -0.0940877291583
36.42 -0.0910495375061
36.44 -0.0878827655165
36.46 -0.0845900681757
36.48 -0.0811743510812
36.5 -0.0776387863251
36.52 -0.0739868276238
36.54 -0.0702222243455
36.56 -0.0663490345559
36.58 -0.0623716368423
36.6 -0.058294740835
36.62 -0.0541233964202
36.64 -0.0498630012938
36.66 -0.0455193070842
36.68 -0.0410984235847
36.7 -0.0366068212695
36.72 -0.032051331729
36.74 -0.0274391462223
36.76 -0.0227778118829
36.78 -0.0180752258466
36.8 -0.0133396269118
36.82 -0.00857958490747
36.84 -0.00380398747586
36.86 0.000977975549776
36.88 0.0057568304212
36.9 0.0105228402529
36.92 0.0152660283869
36.94 0.0199762043094
36.96 0.0246429920446
36.98 0.0292558610052
37.0 0.0338041591066
37.02 0.0382771481979
37.04 0.0426640414655
37.06 0.0469540427672
37.08 0.0511363877259
37.1 0.0552003861753
37.12 0.0591354659392
37.14 0.062931217585
37.16 0.0665774397543
37.18 0.0700641849539
37.2 0.0733818053439
37.22 0.076520998263
37.24 0.0794728510386
37.26 0.0822288849233
37.28 0.0847810975654
37.3 0.0871220038188
37.32 0.0892446745428
37.34 0.0911427729339
37.36 0.0928105882309
37.38 0.0942430663422
37.4 0.0954358372318
37.42 0.0963852387445
37.44 0.0970883366424
37.46 0.0975429407753
37.48 0.0977476170387
37.5 0.0977016951928
37.52 0.0974052723918
37.54 0.096859212366
37.56 0.0960651402936
37.58 0.0950254334918
37.6 0.0937432078428
37.62 0.0922223002496
37.64 0.0904672472607
37.66 0.0884832599359
37.68 0.0862761954377
37.7 0.0838525253167
37.72 0.081219301076
37.74 0.0783841170505
37.76 0.0753550711715
37.78 0.0721407237623
37.8 0.0687500548946
37.82 0.0651924203742
37.84 0.0614775071656
37.86 0.0576152880679
37.88 0.0536159763854
37.9 0.0494899808007
37.92 0.0452478606072
37.94 0.0409002818877
37.96 0.0364579746705
37.98 0.0319316914043
38.0 0.0273321670618
38.02 0.0226700809242
38.04 0.0179560203422
38.06 0.0132004466092
38.08 0.00841366306845
38.1 0.00360578548331
38.12 -0.0012132850084
38.14 -0.00603388667614
38.16 -0.0108466192656
38.18 -0.0156423636958
38.2 -0.020412299105
38.22 -0.0251479175185
38.24 -0.0298410359377
38.26 -0.0344838061301
38.28 -0.0390687219884
38.3 -0.0435886246751
38.32 -0.0480367056069
38.34 -0.0524065072935
38.36 -0.0566919222337
38.38 -0.0608871899471
38.4 -0.0649868922082
38.42 -0.068985946595
38.44 -0.0728795985529
38.46 -0.0766634119453
38.48 -0.0803332583015
38.5 -0.0838853048335
38.52 -0.0873160013101
38.54 -0.0906220659113
38.56 -0.0938004701418
38.58 -0.0968484229285
38.6 -0.0997633539377
38.62 -0.102542896214
38.64 -0.105184868306
38.66 -0.107687255794
38.68 -0.110048192423
38.7 -0.112265940914
38.72 -0.114338873428
38.74 -0.116265451807
38.76 -0.118044207738
38.78 -0.119673722758
38.8 -0.121152608244
38.82 -0.122479485559
38.84 -0.123652966226
38.86 -0.124671632332
38.88 -0.12553401733
38.9 -0.126238587101
38.92 -0.1267837216
38.94 -0.12716769707
38.96 -0.127388668957
38.98 -0.127444655696
39.0 -0.127333523513
39.02 -0.127052972249
39.04 -0.126600522657
39.06 -0.125973505064
39.08 -0.125169049767
39.1 -0.12418407932
39.12 -0.123015302964
39.14 -0.121659213383
39.16 -0.120112086133
39.18 -0.118369981908
39.2 -0.116428751981
39.22 -0.114284047236
39.24 -0.111931330576
39.26 -0.109365893915
39.28 -0.106582878968
39.3 -0.10357730298
39.32 -0.10034408923
39.34 -0.0968781026272
39.36 -0.0931741907368
39.38 -0.0892272302045
39.4 -0.0850321789773
39.42 -0.0805841341471
39.44 -0.0758783956102
39.46 -0.0709105354018
39.48 -0.0656764725593
39.5 -0.0601725533088
39.52 -0.0543956361664
39.54 -0.0483431816096
39.56 -0.0420133455262
39.58 -0.0354050760699
39.6 -0.0285182126241
39.62 -0.0213535864512
39.64 -0.0139131214512
39.66 -0.00619993413994
39.68 0.00178156862637
39.7 0.010025595529
39.72 0.0185248818333
39.74 0.0272706071519
39.76 0.0362523213616
39.78 0.0454578807228
39.8 0.0548733951436
39.82 0.0644831887859
39.84 0.0742697750063
39.86 0.084213847133
39.88 0.0942942863209
39.9 0.1044881873
39.92 0.114770902915
39.94 0.125116108034
39.96 0.135495882829
39.98 0.14588081574
