0.0 -4.03991156205
0.02 -3.98198436363
0.04 -3.92352511294
0.06 -3.86455981112
0.08 -3.80511546284
0.1 -3.74522006463
0.12 -3.68490259094
0.14 -3.62419297814
0.16 -3.56312210624
0.18 -3.50172177849
0.2 -3.4400246988
0.22 -3.37806444704
0.24 -3.31587545221
0.26 -3.25349296355
0.28 -3.19095301965
0.3 -3.1282924155
0.32 -3.06554866774
0.34 -3.00275997791
0.36 -2.93996519405
0.38 -2.87720377049
0.4 -2.81451572607
0.42 -2.75194160075
0.44 -2.68952241088
0.46 -2.627299603
0.48 -2.56531500647
0.5 -2.50361078494
0.52 -2.44222938679
0.54 -2.38121349463
0.56 -2.32060597403
0.58 -2.26044982159
0.6 -2.20078811236
0.62 -2.14166394692
0.64 -2.08312039812
0.66 -2.02520045757
0.68 -1.96794698218
0.7 -1.91140264059
0.72 -1.85560985995
0.74 -1.80061077287
0.76 -1.74644716485
0.78 -1.69316042217
0.8 -1.64079148049
0.82 -1.58938077411
0.84 -1.53896818617
0.86 -1.48959299966
0.88 -1.44129384959
0.9 -1.39410867614
0.92 -1.34807467913
0.94 -1.30322827368
0.96 -1.25960504714
0.98 -1.21723971758
1.0 -1.17616609351
1.02 -1.13641703524
1.04 -1.09802441764
1.06 -1.06101909456
1.08 -1.02543086467
1.1 -0.991288439007
1.12 -0.958619410067
1.14 -0.927450222447
1.16 -0.897806145129
1.18 -0.869711245308
1.2 -0.843188363797
1.22 -0.818259091963
1.24 -0.794943750189
1.26 -0.773261367837
1.28 -0.753229664666
1.3 -0.734865033702
1.32 -0.718182525512
1.34 -0.703195833853
1.36 -0.689917282686
1.38 -0.678357814489
1.4 -0.668526979894
1.42 -0.660432928581
1.44 -0.654082401425
1.46 -0.649480723893
1.48 -0.646631800654
1.5 -0.645538111416
1.52 -0.646200707963
1.54 -0.648619212427
1.56 -0.652791816765
1.58 -0.658715283477
1.6 -0.666384947564
1.62 -0.675794719762
1.64 -0.686937091069
1.66 -0.699803138567
1.68 -0.71438253263
1.7 -0.730663545481
1.72 -0.748633061183
1.74 -0.768276587077
1.76 -0.789578266707
1.78 -0.812520894278
1.8 -0.837085930661
1.82 -0.863253521011
1.84 -0.891002513997
1.86 -0.920310482684
1.88 -0.951153747122
1.9 -0.983507398578
1.92 -1.01734532556
1.94 -1.05264024147
1.96 -1.0893637141
1.98 -1.12748619671
2.0 -1.16697706095
2.02 -1.20780463143
2.04 -1.24993622187
2.06 -1.29333817311
2.08 -1.33797589244
2.1 -1.38381389474
2.12 -1.43081584493
2.14 -1.47894460195
2.16 -1.52816226409
2.18 -1.57843021561
2.2 -1.62970917451
2.22 -1.68195924153
2.24 -1.73513995006
2.26 -1.78921031706
2.28 -1.84412889474
2.3 -1.89985382294
2.32 -1.95634288219
2.34 -2.01355354714
2.36 -2.07144304041
2.38 -2.12996838669
2.4 -2.18908646688
2.42 -2.24875407228
2.44 -2.30892795864
2.46 -2.36956489993
2.48 -2.4306217417
2.5 -2.49205545398
2.52 -2.55382318351
2.54 -2.61588230521
2.56 -2.67819047284
2.58 -2.74070566858
2.6 -2.80338625159
2.62 -2.86619100534
2.64 -2.92907918361
2.66 -2.99201055516
2.68 -3.0549454468
2.7 -3.11784478494
2.72 -3.18067013547
2.74 -3.2433837419
2.76 -3.30594856164
2.78 -3.36832830048
2.8 -3.43048744508
2.82 -3.49239129348
2.84 -3.55400598363
2.86 -3.61529851985
2.88 -3.67623679713
2.9 -3.73678962343
2.92 -3.79692673976
2.94 -3.85661883821
2.96 -3.91583757777
2.98 -3.97455559807
3.0 -4.03274653104
3.02 -4.09038501037
3.04 -4.14744667898
3.06 -4.20390819451
3.08 -4.25974723262
3.1 -4.31494248855
3.12 -4.36947367663
3.14 -4.42332152797
3.16 -4.47646778636
3.18 -4.52889520238
3.2 -4.58058752591
3.22 -4.63152949695
3.24 -4.68170683491
3.26 -4.73110622642
3.28 -4.77971531177
3.3 -4.82752266992
3.32 -4.87451780234
3.34 -4.92069111563
3.36 -4.96603390296
3.38 -5.0105383245
3.4 -5.05419738693
3.42 -5.09700492191
3.44 -5.13895556379
3.46 -5.18004472655
3.48 -5.22026857991
3.5 -5.25962402496
3.52 -5.298108669
3.54 -5.33572079999
3.56 -5.37245936042
3.58 -5.40832392078
3.6 -5.44331465264
3.62 -5.47743230137
3.64 -5.51067815859
3.66 -5.54305403436
3.68 -5.57456222912
3.7 -5.60520550555
3.72 -5.6349870602
3.74 -5.6639104951
3.76 -5.69197978923
3.78 -5.7191992701
3.8 -5.74557358518
3.82 -5.77110767352
3.84 -5.79580673739
3.86 -5.81967621405
3.88 -5.84272174764
3.9 -5.86494916139
3.92 -5.88636442986
3.94 -5.90697365167
3.96 -5.92678302235
3.98 -5.94579880763
4.0 -5.96402731713
4.02 -5.98147487841
4.04 -5.99814781155
4.06 -6.01405240419
4.08 -6.02919488717
4.1 -6.04358141072
4.12 -6.05721802135
4.14 -6.07011063934
4.16 -6.08226503704
4.18 -6.0936868179
4.2 -6.1043813963
4.22 -6.11435397826
4.24 -6.12360954304
4.26 -6.1321528257
4.28 -6.13998830057
4.3 -6.14712016578
4.32 -6.15355232887
4.34 -6.15928839341
4.36 -6.16433164678
4.38 -6.16868504907
4.4 -6.17235122318
4.42 -6.17533244605
4.44 -6.17763064122
4.46 -6.17924737245
4.48 -6.18018383876
4.5 -6.18044087062
4.52 -6.18001892743
4.54 -6.17891809629
4.56 -6.17713809204
4.58 -6.17467825855
4.6 -6.17153757128
4.62 -6.16771464117
4.64 -6.16320771964
4.66 -6.158014705
4.68 -6.1521331499
4.7 -6.14556027012
4.72 -6.13829295448
4.74 -6.13032777589
4.76 -6.12166100352
4.78 -6.11228861615
4.8 -6.10220631646
4.82 -6.09140954646
4.84 -6.07989350383
4.86 -6.0676531593
4.88 -6.05468327491
4.9 -6.04097842316
4.92 -6.02653300705
4.94 -6.01134128087
4.96 -5.99539737179
4.98 -5.97869530224
5.0 -5.96122901288
5.02 -5.9429923863
5.04 -5.92397927132
5.06 -5.90418350788
5.08 -5.88359895242
5.1 -5.86221950384
5.12 -5.84003912989
5.14 -5.81705189397
5.16 -5.79325198237
5.18 -5.76863373185
5.2 -5.74319165752
5.22 -5.7169204811
5.24 -5.6898151593
5.26 -5.66187091254
5.28 -5.6330832538
5.3 -5.60344801762
5.32 -5.57296138926
5.34 -5.54161993385
5.36 -5.50942062564
5.38 -5.47636087725
5.4 -5.44243856887
5.42 -5.4076520773
5.44 -5.37200030497
5.46 -5.3354827087
5.48 -5.29809932825
5.5 -5.25985081458
5.52 -5.22073845779
5.54 -5.18076421462
5.56 -5.13993073557
5.58 -5.09824139136
5.6 -5.05570029899
5.62 -5.01231234695
5.64 -4.9680832199
5.66 -4.92301942236
5.68 -4.8771283017
5.7 -4.83041807005
5.72 -4.78289782529
5.74 -4.73457757087
5.76 -4.68546823449
5.78 -4.63558168548
5.8 -4.58493075092
5.82 -4.53352923025
5.84 -4.4813919085
5.86 -4.42853456784
5.88 -4.3749739976
5.9 -4.32072800252
5.92 -4.26581540924
5.94 -4.21025607101
5.96 -4.15407087039
5.98 -4.09728172015
6.0 -4.03991156205
6.02 -3.98198436363
6.04 -3.92352511294
6.06 -3.86455981112
6.08 -3.80511546284
6.1 -3.74522006462
6.12 -3.68490259094
6.14 -3.62419297813
6.16 -3.56312210624
6.18 -3.50172177849
6.2 -3.4400246988
6.22 -3.37806444704
6.24 -3.31587545221
6.26 -3.25349296355
6.28 -3.19095301965
6.3 -3.1282924155
6.32 -3.06554866773
6.34 -3.00275997791
6.36 -2.93996519405
6.38 -2.87720377049
6.4 -2.81451572607
6.42 -2.75194160075
6.44 -2.68952241088
6.46 -2.627299603
6.48 -2.56531500647
6.5 -2.50361078494
6.52 -2.44222938679
6.54 -2.38121349462
6.56 -2.32060597403
6.58 -2.26044982159
6.6 -2.20078811236
6.62 -2.14166394692
6.64 -2.08312039812
6.66 -2.02520045757
6.68 -1.96794698218
6.7 -1.91140264059
6.72 -1.85560985995
6.74 -1.80061077288
6.76 -1.74644716485
6.78 -1.69316042217
6.8 -1.64079148049
6.82 -1.58938077411
6.84 -1.53896818617
6.86 -1.48959299966
6.88 -1.44129384959
6.9 -1.39410867614
6.92 -1.34807467914
6.94 -1.30322827368
6.96 -1.25960504714
6.98 -1.21723971758
7.0 -1.17616609351
7.02 -1.13641703524
7.04 -1.09802441764
7.06 -1.06101909456
7.08 -1.02543086467
7.1 -0.991288439007
7.12 -0.958619410067
7.14 -0.927450222447
7.16 -0.897806145129
7.18 -0.869711245308
7.2 -0.843188363797
7.22 -0.818259091963
7.24 -0.794943750189
7.26 -0.773261367837
7.28 -0.753229664667
7.3 -0.734865033701
7.32 -0.718182525512
7.34 -0.703195833853
7.36 -0.689917282686
7.38 -0.678357814489
7.4 -0.668526979894
7.42 -0.660432928581
7.44 -0.654082401425
7.46 -0.649480723893
7.48 -0.646631800654
7.5 -0.645538111416
7.52 -0.646200707963
7.54 -0.648619212427
7.56 -0.652791816765
7.58 -0.658715283477
7.6 -0.666384947564
7.62 -0.675794719763
7.64 -0.686937091068
7.66 -0.699803138568
7.68 -0.71438253263
7.7 -0.730663545481
7.72 -0.748633061183
7.74 -0.768276587077
7.76 -0.789578266708
7.78 -0.812520894278
7.8 -0.837085930661
7.82 -0.863253521011
7.84 -0.891002513996
7.86 -0.920310482685
7.88 -0.951153747122
7.9 -0.983507398578
7.92 -1.01734532556
7.94 -1.05264024147
7.96 -1.0893637141
7.98 -1.12748619671
8.0 -1.16697706096
8.02 -1.20780463142
8.04 -1.24993622188
8.06 -1.29333817311
8.08 -1.33797589244
8.1 -1.38381389474
8.12 -1.43081584493
8.14 -1.47894460195
8.16 -1.52816226409
8.18 -1.57843021561
8.2 -1.62970917451
8.22 -1.68195924152
8.24 -1.73513995006
8.26 -1.78921031706
8.28 -1.84412889474
8.3 -1.89985382294
8.32 -1.95634288219
8.34 -2.01355354714
8.36 -2.07144304041
8.38 -2.12996838669
8.4 -2.18908646688
8.42 -2.24875407228
8.44 -2.30892795864
8.46 -2.36956489993
8.48 -2.4306217417
8.5 -2.49205545398
8.52 -2.55382318351
8.54 -2.61588230521
8.56 -2.67819047284
8.58 -2.74070566858
8.6 -2.80338625159
8.62 -2.86619100533
8.64 -2.92907918361
8.66 -2.99201055516
8.68 -3.0549454468
8.7 -3.11784478494
8.72 -3.18067013547
8.74 -3.2433837419
8.76 -3.30594856164
8.78 -3.36832830048
8.8 -3.43048744508
8.82 -3.49239129347
8.84 -3.55400598363
8.86 -3.61529851985
8.88 -3.67623679713
8.9 -3.73678962343
8.92 -3.79692673976
8.94 -3.85661883821
8.96 -3.91583757777
8.98 -3.97455559807
9.0 -4.03274653104
9.02 -4.09038501037
9.04 -4.14744667898
9.06 -4.20390819451
9.08 -4.25974723262
9.1 -4.31494248855
9.12 -4.36947367663
9.14 -4.42332152798
9.16 -4.47646778635
9.18 -4.52889520237
9.2 -4.58058752591
9.22 -4.63152949695
9.24 -4.68170683491
9.26 -4.73110622642
9.28 -4.77971531177
9.3 -4.82752266992
9.32 -4.87451780235
9.34 -4.92069111563
9.36 -4.96603390296
9.38 -5.0105383245
9.4 -5.05419738693
9.42 -5.09700492191
9.44 -5.13895556379
9.46 -5.18004472655
9.48 -5.22026857991
9.5 -5.25962402496
9.52 -5.298108669
9.54 -5.33572079999
9.56 -5.37245936042
9.58 -5.40832392078
9.6 -5.44331465264
9.62 -5.47743230137
9.64 -5.51067815859
9.66 -5.54305403436
9.68 -5.57456222912
9.7 -5.60520550555
9.72 -5.6349870602
9.74 -5.6639104951
9.76 -5.69197978923
9.78 -5.7191992701
9.8 -5.74557358518
9.82 -5.77110767352
9.84 -5.79580673739
9.86 -5.81967621405
9.88 -5.84272174764
9.9 -5.86494916139
9.92 -5.88636442986
9.94 -5.90697365167
9.96 -5.92678302235
9.98 -5.94579880763
