0.0 -0.00228203920158
0.02 -0.00456007493096
0.04 -0.00683011073939
0.06 -0.0090881642127
0.08 -0.0113302739578
0.1 -0.0135525065523
0.12 -0.0157509634452
0.14 -0.0179217877959
0.16 -0.020061171241
0.18 -0.0221653605749
0.2 -0.0242306643346
0.22 -0.0262534592753
0.24 -0.0282301967275
0.26 -0.0301574088219
0.28 -0.0320317145738
0.3 -0.0338498258138
0.32 -0.0356085529571
0.34 -0.0373048105986
0.36 -0.038935622926
0.38 -0.0404981289405
0.4 -0.0419895874754
0.42 -0.0434073820058
0.44 -0.0447490252381
0.46 -0.0460121634744
0.48 -0.0471945807409
0.5 -0.048294202676
0.52 -0.0493091001691
0.54 -0.0502374927452
0.56 -0.0510777516881
0.58 -0.0518284028983
0.6 -0.0524881294784
0.62 -0.0530557740437
0.64 -0.053530340753
0.66 -0.0539109970548
0.68 -0.0541970751487
0.7 -0.0543880731565
0.72 -0.0544836560028
0.74 -0.0544836560028
0.76 -0.0543880731565
0.78 -0.0541970751487
0.8 -0.0539109970548
0.82 -0.053530340753
0.84 -0.0530557740437
0.86 -0.0524881294784
0.88 -0.0518284028983
0.9 -0.0510777516881
0.92 -0.0502374927452
0.94 -0.0493091001691
0.96 -0.048294202676
0.98 -0.047194580741
1.0 -0.0460121634744
1.02 -0.0447490252381
1.04 -0.0434073820058
1.06 -0.0419895874754
1.08 -0.0404981289405
1.1 -0.0389356229261
1.12 -0.0373048105986
1.14 -0.0356085529571
1.16 -0.0338498258138
1.18 -0.0320317145738
1.2 -0.030157408822
1.22 -0.0282301967275
1.24 -0.0262534592753
1.26 -0.0242306643346
1.28 -0.0221653605749
1.3 -0.020061171241
1.32 -0.0179217877959
1.34 -0.0157509634452
1.36 -0.0135525065523
1.38 -0.0113302739578
1.4 -0.0090881642127
1.42 -0.00683011073939
1.44 -0.00456007493096
1.46 -0.00228203920157
1.48 -1.37947636542e-14
1.5 0.00228203920158
1.52 0.00456007493096
1.54 0.00683011073939
1.56 0.0090881642127
1.58 0.0113302739578
1.6 0.0135525065523
1.62 0.0157509634452
1.64 0.0179217877959
1.66 0.020061171241
1.68 0.0221653605749
1.7 0.0242306643346
1.72 0.0262534592753
1.74 0.0282301967275
1.76 0.0301574088219
1.78 0.0320317145738
1.8 0.0338498258138
1.82 0.035608552957
1.84 0.0373048105986
1.86 0.0389356229261
1.88 0.0404981289405
1.9 0.0419895874754
1.92 0.0434073820058
1.94 0.0447490252382
1.96 0.0460121634744
1.98 0.0471945807409
2.0 0.048294202676
2.02 0.0493091001691
2.04 0.0502374927452
2.06 0.0510777516881
2.08 0.0518284028983
2.1 0.0524881294784
2.12 0.0530557740437
2.14 0.053530340753
2.16 0.0539109970548
2.18 0.0541970751487
2.2 0.0543880731565
2.22 0.0544836560028
2.24 0.0544836560028
2.26 0.0543880731565
2.28 0.0541970751487
2.3 0.0539109970548
2.32 0.053530340753
2.34 0.0530557740437
2.36 0.0524881294784
2.38 0.0518284028983
2.4 0.0510777516881
2.42 0.0502374927452
2.44 0.0493091001691
2.46 0.048294202676
2.48 0.0471945807409
2.5 0.0460121634744
2.52 0.0447490252381
2.54 0.0434073820058
2.56 0.0419895874754
2.58 0.0404981289405
2.6 0.038935622926
2.62 0.0373048105986
2.64 0.0356085529571
2.66 0.0338498258138
2.68 0.0320317145737
2.7 0.030157408822
2.72 0.0282301967275
2.74 0.0262534592753
2.76 0.0242306643346
2.78 0.0221653605749
2.8 0.020061171241
2.82 0.0179217877959
2.84 0.0157509634452
2.86 0.0135525065523
2.88 0.0113302739578
2.9 0.0090881642127
2.92 0.00683011073939
2.94 0.00456007493096
2.96 0.00228203920156
2.98 2.75897649615e-14
3.0 -0.00228203920158
3.02 -0.00456007493096
3.04 -0.00683011073939
3.06 -0.0090881642127
3.08 -0.0113302739578
3.1 -0.0135525065523
3.12 -0.0157509634452
3.14 -0.0179217877959
3.16 -0.020061171241
3.18 -0.0221653605749
3.2 -0.0242306643346
3.22 -0.0262534592753
3.24 -0.0282301967275
3.26 -0.0301574088219
3.28 -0.0320317145738
3.3 -0.0338498258138
3.32 -0.0356085529571
3.34 -0.0373048105986
3.36 -0.0389356229261
3.38 -0.0404981289405
3.4 -0.0419895874754
3.42 -0.0434073820058
3.44 -0.0447490252381
3.46 -0.0460121634744
3.48 -0.047194580741
3.5 -0.048294202676
3.52 -0.0493091001691
3.54 -0.0502374927451
3.56 -0.0510777516881
3.58 -0.0518284028983
3.6 -0.0524881294784
3.62 -0.0530557740437
3.64 -0.053530340753
3.66 -0.0539109970548
3.68 -0.0541970751487
3.7 -0.0543880731565
3.72 -0.0544836560028
3.74 -0.0544836560028
3.76 -0.0543880731565
3.78 -0.0541970751487
3.8 -0.0539109970548
3.82 -0.053530340753
3.84 -0.0530557740437
3.86 -0.0524881294784
3.88 -0.0518284028983
3.9 -0.0510777516881
3.92 -0.0502374927451
3.94 -0.0493091001691
3.96 -0.048294202676
3.98 -0.047194580741
4.0 -0.0460121634745
4.02 -0.0447490252381
4.04 -0.0434073820058
4.06 -0.0419895874754
4.08 -0.0404981289405
4.1 -0.038935622926
4.12 -0.0373048105986
4.14 -0.035608552957
4.16 -0.0338498258138
4.18 -0.0320317145737
4.2 -0.030157408822
4.22 -0.0282301967275
4.24 -0.0262534592753
4.26 -0.0242306643346
4.28 -0.0221653605749
4.3 -0.0200611712411
4.32 -0.0179217877959
4.34 -0.0157509634452
4.36 -0.0135525065523
4.38 -0.0113302739578
4.4 -0.00908816421264
4.42 -0.00683011073945
4.44 -0.00456007493091
4.46 -0.00228203920164
4.48 5.51796487496e-14
4.5 0.00228203920153
4.52 0.00456007493102
4.54 0.00683011073939
4.56 0.00908816421264
4.58 0.0113302739578
4.6 0.0135525065523
4.62 0.0157509634452
4.64 0.0179217877959
4.66 0.0200611712411
4.68 0.0221653605749
4.7 0.0242306643346
4.72 0.0262534592753
4.74 0.0282301967276
4.76 0.0301574088219
4.78 0.0320317145738
4.8 0.0338498258138
4.82 0.035608552957
4.84 0.0373048105986
4.86 0.038935622926
4.88 0.0404981289405
4.9 0.0419895874754
4.92 0.0434073820058
4.94 0.0447490252381
4.96 0.0460121634745
4.98 0.0471945807409
5.0 0.048294202676
5.02 0.0493091001691
5.04 0.0502374927452
5.06 0.0510777516881
5.08 0.0518284028983
5.1 0.0524881294784
5.12 0.0530557740437
5.14 0.053530340753
5.16 0.0539109970548
5.18 0.0541970751487
5.2 0.0543880731565
5.22 0.0544836560028
5.24 0.0544836560028
5.26 0.0543880731565
5.28 0.0541970751487
5.3 0.0539109970548
5.32 0.053530340753
5.34 0.0530557740437
5.36 0.0524881294784
5.38 0.0518284028983
5.4 0.0510777516881
5.42 0.0502374927452
5.44 0.0493091001691
5.46 0.048294202676
5.48 0.0471945807409
5.5 0.0460121634745
5.52 0.0447490252381
5.54 0.0434073820058
5.56 0.0419895874754
5.58 0.0404981289405
5.6 0.038935622926
5.62 0.0373048105986
5.64 0.035608552957
5.66 0.0338498258138
5.68 0.0320317145738
5.7 0.0301574088219
5.72 0.0282301967276
5.74 0.0262534592753
5.76 0.0242306643346
5.78 0.0221653605749
5.8 0.0200611712411
5.82 0.0179217877959
5.84 0.0157509634452
5.86 0.0135525065523
5.88 0.0113302739578
5.9 0.00908816421264
5.92 0.00683011073945
5.94 0.00456007493091
5.96 0.00228203920158
5.98 5.51795299231e-14
6.0 -0.00228203920164
6.02 -0.00456007493091
6.04 -0.00683011073945
6.06 -0.00908816421264
6.08 -0.0113302739578
6.1 -0.0135525065523
6.12 -0.0157509634452
6.14 -0.0179217877959
6.16 -0.0200611712411
6.18 -0.0221653605749
6.2 -0.0242306643346
6.22 -0.0262534592753
6.24 -0.0282301967275
6.26 -0.030157408822
6.28 -0.0320317145737
6.3 -0.0338498258138
6.32 -0.035608552957
6.34 -0.0373048105986
6.36 -0.038935622926
6.38 -0.0404981289405
6.4 -0.0419895874754
6.42 -0.0434073820058
6.44 -0.0447490252381
6.46 -0.0460121634745
6.48 -0.0471945807409
6.5 -0.048294202676
6.52 -0.0493091001691
6.54 -0.0502374927451
6.56 -0.0510777516881
6.58 -0.0518284028983
6.6 -0.0524881294784
6.62 -0.0530557740437
6.64 -0.053530340753
6.66 -0.0539109970548
6.68 -0.0541970751487
6.7 -0.0543880731565
6.72 -0.0544836560028
6.74 -0.0544836560028
6.76 -0.0543880731565
6.78 -0.0541970751487
6.8 -0.0539109970548
6.82 -0.053530340753
6.84 -0.0530557740438
6.86 -0.0524881294783
6.88 -0.0518284028983
6.9 -0.0510777516881
6.92 -0.0502374927452
6.94 -0.0493091001691
6.96 -0.048294202676
6.98 -0.0471945807409
7.0 -0.0460121634745
7.02 -0.0447490252381
7.04 -0.0434073820058
7.06 -0.0419895874754
7.08 -0.0404981289405
7.1 -0.0389356229261
7.12 -0.0373048105985
7.14 -0.0356085529571
7.16 -0.0338498258137
7.18 -0.0320317145738
7.2 -0.0301574088219
7.22 -0.0282301967276
7.24 -0.0262534592753
7.26 -0.0242306643346
7.28 -0.0221653605749
7.3 -0.0200611712411
7.32 -0.0179217877959
7.34 -0.0157509634452
7.36 -0.0135525065523
7.38 -0.0113302739578
7.4 -0.00908816421275
7.42 -0.00683011073934
7.44 -0.00456007493102
7.46 -0.00228203920153
7.48 -5.51795299231e-14
7.5 0.00228203920164
7.52 0.00456007493091
7.54 0.00683011073945
7.56 0.00908816421264
7.58 0.0113302739578
7.6 0.0135525065523
7.62 0.0157509634452
7.64 0.017921787796
7.66 0.0200611712409
7.68 0.0221653605749
7.7 0.0242306643347
7.72 0.0262534592752
7.74 0.0282301967275
7.76 0.030157408822
7.78 0.0320317145739
7.8 0.0338498258137
7.82 0.0356085529571
7.84 0.0373048105986
7.86 0.0389356229261
7.88 0.0404981289404
7.9 0.0419895874754
7.92 0.0434073820058
7.94 0.0447490252382
7.96 0.0460121634744
7.98 0.047194580741
8.0 0.0482942026761
8.02 0.0493091001691
8.04 0.0502374927452
8.06 0.0510777516881
8.08 0.0518284028983
8.1 0.0524881294783
8.12 0.0530557740437
8.14 0.053530340753
8.16 0.0539109970548
8.18 0.0541970751487
8.2 0.0543880731565
8.22 0.0544836560028
8.24 0.0544836560028
8.26 0.0543880731565
8.28 0.0541970751487
8.3 0.0539109970548
8.32 0.053530340753
8.34 0.0530557740437
8.36 0.0524881294784
8.38 0.0518284028983
8.4 0.0510777516882
8.42 0.0502374927452
8.44 0.0493091001691
8.46 0.048294202676
8.48 0.047194580741
8.5 0.0460121634744
8.52 0.0447490252381
8.54 0.0434073820058
8.56 0.0419895874754
8.58 0.0404981289405
8.6 0.038935622926
8.62 0.0373048105987
8.64 0.0356085529571
8.66 0.0338498258138
8.68 0.0320317145737
8.7 0.030157408822
8.72 0.0282301967275
8.74 0.0262534592753
8.76 0.0242306643345
8.78 0.022165360575
8.8 0.020061171241
8.82 0.0179217877958
8.84 0.0157509634453
8.86 0.0135525065523
8.88 0.0113302739578
8.9 0.00908816421259
8.92 0.0068301107395
8.94 0.00456007493096
8.96 0.00228203920158
8.98 -1.10359059846e-13
9.0 -0.00228203920147
9.02 -0.00456007493096
9.04 -0.00683011073939
9.06 -0.0090881642128
9.08 -0.0113302739577
9.1 -0.0135525065523
9.12 -0.0157509634453
9.14 -0.0179217877958
9.16 -0.020061171241
9.18 -0.0221653605749
9.2 -0.0242306643347
9.22 -0.0262534592752
9.24 -0.0282301967275
9.26 -0.030157408822
9.28 -0.0320317145739
9.3 -0.0338498258137
9.32 -0.0356085529571
9.34 -0.0373048105986
9.36 -0.0389356229261
9.38 -0.0404981289404
9.4 -0.0419895874754
9.42 -0.0434073820058
9.44 -0.0447490252381
9.46 -0.0460121634744
9.48 -0.047194580741
9.5 -0.0482942026761
9.52 -0.0493091001691
9.54 -0.0502374927452
9.56 -0.0510777516881
9.58 -0.0518284028983
9.6 -0.0524881294783
9.62 -0.0530557740438
9.64 -0.053530340753
9.66 -0.0539109970548
9.68 -0.0541970751487
9.7 -0.0543880731565
9.72 -0.0544836560028
9.74 -0.0544836560028
9.76 -0.0543880731565
9.78 -0.0541970751487
9.8 -0.0539109970548
9.82 -0.053530340753
9.84 -0.0530557740437
9.86 -0.0524881294784
9.88 -0.0518284028983
9.9 -0.0510777516882
9.92 -0.0502374927452
9.94 -0.0493091001691
9.96 -0.0482942026761
9.98 -0.047194580741
