0.0 0.020927758793
0.02 0.0199340695021
0.04 0.0189071573467
0.06 0.0178477413915
0.08 0.0167565861841
0.1 0.0156345003205
0.12 0.0144823350281
0.14 0.0133009827805
0.16 0.0120913759449
0.18 0.0108544854704
0.2 0.00959131962034
0.22 0.00830292274821
0.24 0.00699037412587
0.26 0.00565478681903
0.28 0.00429730661197
0.3 0.00291911098348
0.32 0.00152140812679
0.34 0.00010543601699
0.36 -0.00132753848296
0.38 -0.00277622048004
0.4 -0.00423928787453
0.42 -0.00571539216372
0.44 -0.00720315921909
0.46 -0.00870119006174
0.48 -0.0102080616241
0.5 -0.0117223275256
0.52 -0.0132425188534
0.54 -0.0147671449727
0.56 -0.016294694363
0.58 -0.0178236354991
0.6 -0.0193524177833
0.62 -0.0208794725313
0.64 -0.0224032140367
0.66 -0.0239220407081
0.68 -0.0254343362933
0.7 -0.0269384712033
0.72 -0.0284328039357
0.74 -0.0299156826093
0.76 -0.0313854466184
0.78 -0.0328404284071
0.8 -0.0342789553693
0.82 -0.0356993518845
0.84 -0.0370999414796
0.86 -0.0384790491324
0.88 -0.0398350037032
0.9 -0.0411661405023
0.92 -0.0424708039844
0.94 -0.043747350577
0.96 -0.0449941516121
0.98 -0.0462095963923
1.0 -0.0473920953393
1.02 -0.0485400832513
1.04 -0.0496520226358
1.06 -0.0507264071104
1.08 -0.0517617648632
1.1 -0.052756662144
1.12 -0.053709706788
1.14 -0.0546195517332
1.16 -0.0554848985306
1.18 -0.0563045008174
1.2 -0.0570771677388
1.22 -0.0578017672924
1.24 -0.0584772295809
1.26 -0.0591025499494
1.28 -0.0596767919859
1.3 -0.0601990903677
1.32 -0.0606686535339
1.34 -0.0610847661639
1.36 -0.0614467914474
1.38 -0.0617541731247
1.4 -0.0620064372918
1.42 -0.0622031939467
1.44 -0.0623441382718
1.46 -0.0624290516425
1.48 -0.0624578023522
1.5 -0.0624303460515
1.52 -0.0623467258925
1.54 -0.0622070723864
1.56 -0.0620116029658
1.58 -0.0617606212613
1.6 -0.0614545160953
1.62 -0.0610937602002
1.64 -0.0606789086751
1.66 -0.0602105971811
1.68 -0.0596895399036
1.7 -0.0591165272834
1.72 -0.0584924235398
1.74 -0.0578181639999
1.76 -0.0570947522534
1.78 -0.0563232571542
1.8 -0.0555048096828
1.82 -0.0546405996979
1.84 -0.0537318725909
1.86 -0.052779925865
1.88 -0.0517861056664
1.9 -0.0507518032717
1.92 -0.0496784515738
1.94 -0.0485675215585
1.96 -0.0474205188141
1.98 -0.0462389800725
2.0 -0.045024469809
2.02 -0.04377857691
2.04 -0.0425029114181
2.06 -0.0411991013794
2.08 -0.0398687897865
2.1 -0.038513631638
2.12 -0.0371352911169
2.14 -0.0357354388951
2.16 -0.0343157495647
2.18 -0.0328778992085
2.2 -0.0314235630961
2.22 -0.0299544135222
2.24 -0.028472117771
2.26 -0.0269783362163
2.28 -0.0254747205473
2.3 -0.0239629121137
2.32 -0.0224445403916
2.34 -0.0209212215596
2.36 -0.0193945571744
2.38 -0.0178661329472
2.4 -0.0163375176038
2.42 -0.0148102618235
2.44 -0.0132858972488
2.46 -0.0117659355557
2.48 -0.0102518675697
2.5 -0.00874516243029
2.52 -0.00724726678065
2.54 -0.00575960398384
2.56 -0.00428357334832
2.58 -0.00282054936457
2.6 -0.00137188092892
2.62 6.11094345488e-05
2.64 0.00147712637883
2.66 0.0028749025576
2.68 0.0042531994864
2.7 0.00561080843381
2.72 0.0069465513591
2.74 0.00825928189107
2.76 0.0095478863541
2.78 0.0108112848445
2.8 0.0120484323564
2.82 0.0132583199546
2.84 0.014439976
2.86 0.0155924674187
2.88 0.0167149010148
2.9 0.0178064248244
2.92 0.0188662295031
2.94 0.0198935497409
2.96 0.020887665704
2.98 0.0218479044869
3.0 0.022773641572
3.02 0.0236643022904
3.04 0.0245193632671
3.06 0.0253383538445
3.08 0.0261208574775
3.1 0.0268665130799
3.12 0.0275750163217
3.14 0.0282461208533
3.16 0.0288796394601
3.18 0.0294754451222
3.2 0.0300334719763
3.22 0.0305537161638
3.24 0.0310362365586
3.26 0.0314811553613
3.28 0.0318886585494
3.3 0.0322589961762
3.32 0.0325924825098
3.34 0.0328894960035
3.36 0.0331504790902
3.38 0.0333759377992
3.4 0.0335664411822
3.42 0.033722620558
3.44 0.0338451685575
3.46 0.0339348379818
3.48 0.0339924404647
3.5 0.0340188449439
3.52 0.034014975943
3.54 0.0339818116661
3.56 0.0339203819108
3.58 0.0338317658081
3.6 0.0337170893869
3.62 0.0335775229839
3.64 0.0334142784944
3.66 0.0332286064833
3.68 0.0330217931612
3.7 0.0327951572378
3.72 0.0325500466652
3.74 0.0322878352809
3.76 0.0320099193654
3.78 0.031717714124
3.8 0.0314126501098
3.82 0.0310961695951
3.84 0.0307697229105
3.86 0.0304347647589
3.88 0.0300927505221
3.9 0.0297451325674
3.92 0.0293933565706
3.94 0.0290388578657
3.96 0.0286830578313
3.98 0.0283273603259
4.0 0.0279731481839
4.02 0.0276217797768
4.04 0.0272745856593
4.06 0.0269328652919
4.08 0.0265978838686
4.1 0.0262708692413
4.12 0.025953008952
4.14 0.0256454473858
4.16 0.0253492830382
4.18 0.0250655659134
4.2 0.0247952950513
4.22 0.0245394161885
4.24 0.0242988195578
4.26 0.0240743378305
4.28 0.0238667442008
4.3 0.0236767506172
4.32 0.0235050061633
4.34 0.0233520955863
4.36 0.0232185379808
4.38 0.0231047856212
4.4 0.0230112229503
4.42 0.0229381657219
4.44 0.022885860298
4.46 0.0228544831022
4.48 0.0228441402267
4.5 0.0228548672013
4.52 0.0228866289092
4.54 0.0229393196701
4.56 0.0230127634697
4.58 0.023106714352
4.6 0.0232208569642
4.62 0.0233548072587
4.64 0.0235081133492
4.66 0.0236802565212
4.68 0.0238706523977
4.7 0.0240786522555
4.72 0.0243035444945
4.74 0.0245445562562
4.76 0.0248008551924
4.78 0.0250715513767
4.8 0.0253556993658
4.82 0.0256523003946
4.84 0.0259603047169
4.86 0.026278614077
4.88 0.0266060843101
4.9 0.0269415280745
4.92 0.0272837176981
4.94 0.0276313881452
4.96 0.0279832400903
4.98 0.028337943093
5.0 0.0286941388707
5.02 0.0290504446551
5.04 0.0294054566288
5.06 0.0297577534296
5.08 0.0301058997147
5.1 0.0304484497733
5.12 0.0307839511781
5.14 0.0311109484593
5.16 0.0314279868018
5.18 0.0317336157344
5.2 0.032026392818
5.22 0.0323048873069
5.24 0.0325676837742
5.26 0.0328133856935
5.28 0.0330406189531
5.3 0.0332480353006
5.32 0.0334343157
5.34 0.033598173588
5.36 0.0337383580212
5.38 0.0338536567006
5.4 0.0339428988603
5.42 0.0340049580177
5.44 0.034038754565
5.46 0.034043258202
5.48 0.034017490201
5.5 0.0339605254916
5.52 0.0338714945673
5.54 0.0337495852051
5.56 0.0335940439936
5.58 0.0334041776726
5.6 0.033179354276
5.62 0.0329190040858
5.64 0.0326226203899
5.66 0.032289760058
5.68 0.031920043922
5.7 0.0315131569878
5.72 0.0310688484612
5.74 0.0305869316131
5.76 0.0300672834808
5.78 0.0295098444188
5.8 0.0289146175046
5.82 0.0282816678154
5.84 0.0276111215776
5.86 0.0269031652085
5.88 0.0261580442569
5.9 0.0253760622491
5.92 0.0245575794699
5.94 0.0237030116592
5.96 0.022812828675
5.98 0.0218875530941
6.0 0.0209277587932
6.02 0.0199340695018
6.04 0.0189071573469
6.06 0.0178477413917
6.08 0.0167565861839
6.1 0.0156345003207
6.12 0.0144823350279
6.14 0.0133009827806
6.16 0.0120913759449
6.18 0.0108544854704
6.2 0.00959131962023
6.22 0.00830292274843
6.24 0.00699037412576
6.26 0.00565478681903
6.28 0.00429730661208
6.3 0.00291911098326
6.32 0.0015214081269
6.34 0.00010543601699
6.36 -0.00132753848307
6.38 -0.00277622047982
6.4 -0.00423928787475
6.42 -0.00571539216361
6.44 -0.00720315921909
6.46 -0.00870119006174
6.48 -0.0102080616243
6.5 -0.0117223275252
6.52 -0.0132425188539
6.54 -0.0147671449722
6.56 -0.0162946943632
6.58 -0.0178236354992
6.6 -0.0193524177831
6.62 -0.0208794725314
6.64 -0.0224032140367
6.66 -0.0239220407081
6.68 -0.0254343362933
6.7 -0.0269384712035
6.72 -0.0284328039352
6.74 -0.0299156826097
6.76 -0.0313854466182
6.78 -0.0328404284073
6.8 -0.0342789553692
6.82 -0.0356993518843
6.84 -0.0370999414799
6.86 -0.0384790491322
6.88 -0.0398350037035
6.9 -0.0411661405022
6.92 -0.0424708039846
6.94 -0.0437473505765
6.96 -0.0449941516126
6.98 -0.0462095963919
7.0 -0.0473920953396
7.02 -0.0485400832513
7.04 -0.0496520226358
7.06 -0.0507264071104
7.08 -0.0517617648631
7.1 -0.0527566621442
7.12 -0.0537097067879
7.14 -0.0546195517332
7.16 -0.0554848985306
7.18 -0.0563045008174
7.2 -0.0570771677388
7.22 -0.0578017672924
7.24 -0.0584772295809
7.26 -0.0591025499494
7.28 -0.059676791986
7.3 -0.0601990903675
7.32 -0.0606686535341
7.34 -0.0610847661639
7.36 -0.0614467914474
7.38 -0.0617541731247
7.4 -0.0620064372918
7.42 -0.0622031939467
7.44 -0.0623441382718
7.46 -0.0624290516425
7.48 -0.0624578023522
7.5 -0.0624303460515
7.52 -0.0623467258925
7.54 -0.0622070723864
7.56 -0.0620116029658
7.58 -0.0617606212613
7.6 -0.0614545160951
7.62 -0.0610937602004
7.64 -0.060678908675
7.66 -0.0602105971812
7.68 -0.0596895399034
7.7 -0.0591165272835
7.72 -0.0584924235398
7.74 -0.0578181639998
7.76 -0.0570947522536
7.78 -0.0563232571541
7.8 -0.0555048096828
7.82 -0.0546405996979
7.84 -0.0537318725908
7.86 -0.0527799258652
7.88 -0.0517861056664
7.9 -0.0507518032715
7.92 -0.049678451574
7.94 -0.0485675215585
7.96 -0.047420518814
7.98 -0.0462389800725
8.0 -0.0450244698093
8.02 -0.0437785769096
8.04 -0.0425029114183
8.06 -0.0411991013793
8.08 -0.0398687897866
8.1 -0.0385136316378
8.12 -0.0371352911171
8.14 -0.0357354388951
8.16 -0.0343157495647
8.18 -0.0328778992084
8.2 -0.0314235630963
8.22 -0.0299544135221
8.24 -0.0284721177709
8.26 -0.0269783362166
8.28 -0.0254747205472
8.3 -0.0239629121137
8.32 -0.0224445403918
8.34 -0.0209212215592
8.36 -0.0193945571747
8.38 -0.0178661329472
8.4 -0.0163375176038
8.42 -0.0148102618234
8.44 -0.013285897249
8.46 -0.0117659355554
8.48 -0.01025186757
8.5 -0.00874516242985
8.52 -0.00724726678098
8.54 -0.00575960398373
8.56 -0.00428357334821
8.58 -0.00282054936468
8.6 -0.00137188092903
8.62 6.11094346591e-05
8.64 0.00147712637895
8.66 0.00287490255738
8.68 0.00425319948662
8.7 0.00561080843359
8.72 0.00694655135932
8.74 0.00825928189096
8.76 0.00954788635399
8.78 0.0108112848448
8.8 0.0120484323561
8.82 0.0132583199549
8.84 0.0144399759999
8.86 0.0155924674187
8.88 0.0167149010148
8.9 0.0178064248246
8.92 0.0188662295027
8.94 0.0198935497411
8.96 0.020887665704
8.98 0.0218479044869
9.0 0.0227736415721
9.02 0.0236643022902
9.04 0.0245193632675
9.06 0.0253383538441
9.08 0.0261208574777
9.1 0.02686651308
9.12 0.0275750163217
9.14 0.028246120853
9.16 0.0288796394602
9.18 0.0294754451225
9.2 0.0300334719762
9.22 0.0305537161638
9.24 0.0310362365583
9.26 0.0314811553618
9.28 0.0318886585492
9.3 0.0322589961763
9.32 0.0325924825097
9.34 0.0328894960035
9.36 0.03315047909
9.38 0.0333759377992
9.4 0.0335664411825
9.42 0.0337226205579
9.44 0.0338451685576
9.46 0.0339348379815
9.48 0.033992440465
9.5 0.0340188449437
9.52 0.0340149759433
9.54 0.0339818116658
9.56 0.0339203819109
9.58 0.033831765808
9.6 0.033717089387
9.62 0.0335775229839
9.64 0.0334142784944
9.66 0.0332286064833
9.68 0.0330217931611
9.7 0.032795157238
9.72 0.032550046665
9.74 0.032287835281
9.76 0.0320099193651
9.78 0.0317177141241
9.8 0.0314126501098
9.82 0.031096169595
9.84 0.0307697229107
9.86 0.0304347647588
9.88 0.0300927505222
9.9 0.0297451325671
9.92 0.0293933565707
9.94 0.0290388578657
9.96 0.0286830578313
9.98 0.028327360326
