0.0 0.0460854777113
0.02 0.0423057889842
0.04 0.0383980061095
0.06 0.0343648852944
0.08 0.0302093577486
0.1 0.0259345241345
0.12 0.0215436490837
0.14 0.0170401558439
0.16 0.0124276210516
0.18 0.00770976966859
0.2 0.00289047009047
0.22 -0.00202627057168
0.24 -0.00703631100451
0.26 -0.0121353800196
0.28 -0.0173190806865
0.3 -0.0225828942652
0.32 -0.0279221839641
0.34 -0.0333321985123
0.36 -0.0388080755792
0.38 -0.0443448450513
0.4 -0.0499374321729
0.42 -0.055580660609
0.44 -0.0612692554019
0.46 -0.0669978459204
0.48 -0.0727609687524
0.5 -0.0785530706502
0.52 -0.084368511496
0.54 -0.0902015673752
0.56 -0.0960464337548
0.58 -0.10189722883
0.6 -0.10774799707
0.62 -0.113592712971
0.64 -0.11942528511
0.66 -0.125239560487
0.68 -0.131029329193
0.7 -0.136788329478
0.72 -0.142510253191
0.74 -0.148188751662
0.76 -0.153817442041
0.78 -0.159389914105
0.8 -0.164899737554
0.82 -0.170340469833
0.84 -0.175705664442
0.86 -0.180988879799
0.88 -0.186183688598
0.9 -0.191283687695
0.92 -0.196282508492
0.94 -0.201173827834
0.96 -0.205951379316
0.98 -0.210608965105
1.0 -0.215140468091
1.02 -0.219539864455
1.04 -0.223801236536
1.06 -0.22791878596
1.08 -0.231886847006
1.1 -0.235699900088
1.12 -0.239352585372
1.14 -0.242839716364
1.16 -0.246156293476
1.18 -0.249297517451
1.2 -0.252258802589
1.22 -0.255035789673
1.24 -0.257624358552
1.26 -0.260020640263
1.28 -0.262221028639
1.3 -0.264222191314
1.32 -0.266021080058
1.34 -0.267614940363
1.36 -0.269001320221
1.38 -0.270178078015
1.4 -0.271143389501
1.42 -0.271895753787
1.44 -0.27243399829
1.46 -0.272757282639
1.48 -0.272865101475
1.5 -0.272757286147
1.52 -0.27243400527
1.54 -0.271895764166
1.56 -0.271143403172
1.58 -0.270178094834
1.6 -0.269001340012
1.62 -0.267614962917
1.64 -0.266021105137
1.66 -0.26422221865
1.68 -0.26222105794
1.7 -0.260020671211
1.72 -0.257624390808
1.74 -0.255035822881
1.76 -0.252258836375
1.78 -0.249297551433
1.8 -0.246156327255
1.82 -0.242839749539
1.84 -0.239352617541
1.86 -0.235699930843
1.88 -0.231886875946
1.9 -0.227918812689
1.92 -0.223801260667
1.94 -0.219539885613
1.96 -0.215140485916
1.98 -0.210608979254
2.0 -0.205951389466
2.02 -0.201173833684
2.04 -0.196282509769
2.06 -0.191283684145
2.08 -0.186183680003
2.1 -0.180988865965
2.12 -0.175705645207
2.14 -0.170340445069
2.16 -0.164899707164
2.18 -0.159389878025
2.2 -0.15381740024
2.22 -0.148188704143
2.24 -0.14251019999
2.26 -0.136788270663
2.28 -0.131029264864
2.3 -0.125239490776
2.32 -0.119425210179
2.34 -0.113592633009
2.36 -0.107747912294
2.38 -0.101897139483
2.4 -0.0960463401015
2.42 -0.090201469705
2.44 -0.0843684101156
2.46 -0.078552965886
2.48 -0.0727608609439
2.5 -0.0669977354203
2.52 -0.0612691425757
2.54 -0.0555805458286
2.56 -0.0499373158169
2.58 -0.0443447275017
2.6 -0.0388079572195
2.62 -0.0333320797248
2.64 -0.0279220651274
2.66 -0.0225827757549
2.68 -0.0173189628663
2.7 -0.0121352632479
2.72 -0.00703619562644
2.74 -0.00202615691969
2.76 0.00289058169862
2.78 0.00770987893127
2.8 0.0124277276846
2.82 0.0170402595818
2.84 0.0215437496808
2.86 0.0259346213653
2.88 0.0302094514092
2.9 0.0343649752018
2.92 0.0383980921069
2.94 0.0423058709289
2.96 0.0460855554914
2.98 0.0497345702512
3.0 0.0532505259501
3.02 0.0566312252697
3.04 0.0598746684336
3.06 0.0629790587216
3.08 0.065942807882
3.1 0.0687645413547
3.12 0.0714431033055
3.14 0.0739775613825
3.16 0.0763672112018
3.18 0.078611580469
3.2 0.0807104327224
3.22 0.0826637706389
3.24 0.084471838872
3.26 0.0861351263776
3.28 0.0876543681785
3.3 0.0890305465487
3.32 0.0902648915745
3.34 0.0913588810668
3.36 0.0923142397906
3.38 0.0931329380064
3.4 0.093817189274
3.42 0.0943694475538
3.44 0.0947924035357
3.46 0.0950889802417
3.48 0.0952623278733
3.5 0.0953158179167
3.52 0.0952530365146
3.54 0.0950777771114
3.56 0.0947940323981
3.58 0.0944059855822
3.6 0.0939180009786
3.62 0.0933346140051
3.64 0.0926605205556
3.66 0.0919005658359
3.68 0.0910597326748
3.7 0.0901431293578
3.72 0.0891559770388
3.74 0.0881035967582
3.76 0.0869913961312
3.78 0.0858248557444
3.8 0.0846095153198
3.82 0.0833509596843
3.84 0.0820548046086
3.86 0.0807266825526
3.88 0.0793722283785
3.9 0.0779970650662
3.92 0.0766067894916
3.94 0.0752069583062
3.96 0.0738030739607
3.98 0.0724005709182
4.0 0.0710048020989
4.02 0.0696210255812
4.04 0.0682543916298
4.06 0.0669099300174
4.08 0.0655925377583
4.1 0.0643069672111
4.12 0.0630578146023
4.14 0.0618495090153
4.16 0.0606863018227
4.18 0.059572256625
4.2 0.0585112396884
4.22 0.0575069108992
4.24 0.0565627152565
4.26 0.0556818749136
4.28 0.0548673817753
4.3 0.0541219906579
4.32 0.0534482130288
4.34 0.0528483113207
4.36 0.0523242938413
4.38 0.051877910262
4.4 0.0515106477079
4.42 0.0512237274463
4.44 0.0510181021684
4.46 0.0508944538812
4.48 0.0508531923879
4.5 0.0508944543977
4.52 0.0510181032026
4.54 0.0512237290008
4.56 0.0515106497863
4.58 0.0518779128692
4.6 0.0523242969833
4.62 0.0528483150046
4.64 0.0534482172625
4.66 0.0541219954501
4.68 0.0548673871355
4.7 0.0556818808518
4.72 0.0565627217831
4.74 0.0575069180244
4.76 0.0585112474244
4.78 0.0595722649796
4.8 0.0606863108076
4.82 0.0618495186393
4.84 0.0630578248737
4.86 0.0643069781367
4.88 0.0655925493437
4.9 0.066909942266
4.92 0.0682544045427
4.94 0.0696210391588
4.96 0.0710048163344
4.98 0.0724005858058
5.0 0.073803089489
5.02 0.0752069744601
5.04 0.0766068062515
5.06 0.0779970824077
5.08 0.0793722462721
5.1 0.0807267009627
5.12 0.0820548234961
5.14 0.0833509789993
5.16 0.0846095350105
5.18 0.0858248757497
5.2 0.0869914163831
5.22 0.0881036171834
5.24 0.0891559975524
5.26 0.0901431498715
5.28 0.0910597530903
5.3 0.0919005860477
5.32 0.0926605404504
5.34 0.0933346334621
5.36 0.0939180198694
5.38 0.0944060037711
5.4 0.094794049743
5.42 0.0950777934613
5.44 0.0952530517165
5.46 0.0953158318079
5.48 0.0952623402882
5.5 0.0950889910096
5.52 0.0947924124822
5.54 0.0943694545032
5.56 0.0938171940466
5.58 0.0931329404217
5.6 0.0923142396702
5.62 0.0913588782323
5.64 0.0902648858479
5.66 0.0890305377601
5.68 0.087654356158
5.7 0.0861351109651
5.72 0.084471819912
5.74 0.0826637479849
5.76 0.0807104062391
5.78 0.078611550033
5.8 0.0763671766981
5.82 0.0739775227143
5.84 0.0714430603887
5.86 0.0687644941217
5.88 0.0659427562833
5.9 0.0629790027214
5.92 0.0598746080241
5.94 0.0566311604542
5.96 0.0532504567569
5.98 0.0497344967288
6.0 0.0460854777122
6.02 0.042305788983
6.04 0.0383980061103
6.06 0.0343648852953
6.08 0.0302093577477
6.1 0.0259345241349
6.12 0.0215436490829
6.14 0.0170401558443
6.16 0.0124276210516
6.18 0.00770976966859
6.2 0.00289047009004
6.22 -0.00202627057083
6.24 -0.00703631100493
6.26 -0.0121353800196
6.28 -0.0173190806861
6.3 -0.022582894266
6.32 -0.0279221839636
6.34 -0.0333321985123
6.36 -0.0388080755796
6.38 -0.0443448450504
6.4 -0.0499374321737
6.42 -0.0555806606085
6.44 -0.0612692554019
6.46 -0.0669978459204
6.48 -0.0727609687528
6.5 -0.0785530706489
6.52 -0.0843685114977
6.54 -0.0902015673735
6.56 -0.0960464337556
6.58 -0.101897228831
6.6 -0.10774799707
6.62 -0.113592712971
6.64 -0.11942528511
6.66 -0.125239560487
6.68 -0.131029329193
6.7 -0.136788329479
6.72 -0.142510253189
6.74 -0.148188751664
6.76 -0.15381744204
6.78 -0.159389914106
6.8 -0.164899737554
6.82 -0.170340469832
6.84 -0.175705664444
6.86 -0.180988879798
6.88 -0.186183688599
6.9 -0.191283687695
6.92 -0.196282508493
6.94 -0.201173827832
6.96 -0.205951379318
6.98 -0.210608965103
7.0 -0.215140468092
7.02 -0.219539864455
7.04 -0.223801236536
7.06 -0.22791878596
7.08 -0.231886847005
7.1 -0.235699900089
7.12 -0.239352585372
7.14 -0.242839716364
7.16 -0.246156293476
7.18 -0.249297517451
7.2 -0.252258802589
7.22 -0.255035789673
7.24 -0.257624358552
7.26 -0.260020640263
7.28 -0.262221028639
7.3 -0.264222191313
7.32 -0.266021080059
7.34 -0.267614940363
7.36 -0.269001320221
7.38 -0.270178078015
7.4 -0.271143389501
7.42 -0.271895753787
7.44 -0.27243399829
7.46 -0.272757282639
7.48 -0.272865101475
7.5 -0.272757286147
7.52 -0.27243400527
7.54 -0.271895764166
7.56 -0.271143403172
7.58 -0.270178094834
7.6 -0.269001340012
7.62 -0.267614962918
7.64 -0.266021105137
7.66 -0.264222218651
7.68 -0.262221057939
7.7 -0.260020671211
7.72 -0.257624390808
7.74 -0.255035822881
7.76 -0.252258836376
7.78 -0.249297551432
7.8 -0.246156327255
7.82 -0.242839749539
7.84 -0.23935261754
7.86 -0.235699930844
7.88 -0.231886875946
7.9 -0.227918812688
7.92 -0.223801260667
7.94 -0.219539885613
7.96 -0.215140485915
7.98 -0.210608979254
8.0 -0.205951389467
8.02 -0.201173833683
8.04 -0.19628250977
8.06 -0.191283684144
8.08 -0.186183680003
8.1 -0.180988865964
8.12 -0.175705645208
8.14 -0.170340445069
8.16 -0.164899707164
8.18 -0.159389878024
8.2 -0.153817400241
8.22 -0.148188704143
8.24 -0.142510199989
8.26 -0.136788270663
8.28 -0.131029264864
8.3 -0.125239490776
8.32 -0.11942521018
8.34 -0.113592633007
8.36 -0.107747912295
8.38 -0.101897139483
8.4 -0.0960463401015
8.42 -0.0902014697045
8.44 -0.0843684101165
8.46 -0.0785529658851
8.48 -0.0727608609452
8.5 -0.0669977354186
8.52 -0.061269142577
8.54 -0.0555805458282
8.56 -0.0499373158165
8.58 -0.0443447275021
8.6 -0.0388079572199
8.62 -0.0333320797243
8.64 -0.027922065127
8.66 -0.0225827757558
8.68 -0.0173189628654
8.7 -0.0121352632487
8.72 -0.00703619562558
8.74 -0.00202615692012
8.76 0.00289058169819
8.78 0.00770987893213
8.8 0.0124277276833
8.82 0.0170402595831
8.84 0.0215437496804
8.86 0.0259346213653
8.88 0.0302094514092
8.9 0.0343649752026
8.92 0.0383980921051
8.94 0.0423058709297
8.96 0.0460855554914
8.98 0.0497345702512
9.0 0.0532505259505
9.02 0.0566312252689
9.04 0.0598746684349
9.06 0.0629790587199
9.08 0.0659428078828
9.1 0.0687645413551
9.12 0.0714431033055
9.14 0.0739775613812
9.16 0.0763672112022
9.18 0.0786115804699
9.2 0.080710432722
9.22 0.0826637706389
9.24 0.0844718388711
9.26 0.0861351263793
9.28 0.0876543681776
9.3 0.0890305465491
9.32 0.090264891574
9.34 0.0913588810668
9.36 0.0923142397902
9.38 0.0931329380064
9.4 0.0938171892748
9.42 0.0943694475533
9.44 0.0947924035361
9.46 0.0950889802404
9.48 0.0952623278746
9.5 0.0953158179163
9.52 0.0952530365154
9.54 0.0950777771101
9.56 0.0947940323986
9.58 0.0944059855817
9.6 0.093918000979
9.62 0.0933346140051
9.64 0.0926605205556
9.66 0.0919005658359
9.68 0.0910597326744
9.7 0.0901431293587
9.72 0.0891559770384
9.74 0.0881035967586
9.76 0.0869913961304
9.78 0.0858248557448
9.8 0.0846095153198
9.82 0.0833509596838
9.84 0.0820548046095
9.86 0.0807266825522
9.88 0.0793722283789
9.9 0.0779970650654
9.92 0.076606789492
9.94 0.0752069583062
9.96 0.0738030739607
9.98 0.0724005709186
