0.0 -0.0616955871694
0.02 -0.123282939315
0.04 -0.184654011292
0.06 -0.245701137388
0.08 -0.3063172202
0.1 -0.36639591852
0.12 -0.425831833896
0.14 -0.484520695538
0.16 -0.542359543238
0.18 -0.599246908004
0.2 -0.655082990068
0.22 -0.709769833969
0.24 -0.763211500399
0.26 -0.815314234517
0.28 -0.865986630422
0.3 -0.915139791513
0.32 -0.962687486443
0.34 -1.0085463004
0.36 -1.05263578144
0.38 -1.09487858163
0.4 -1.13520059274
0.42 -1.17353107627
0.44 -1.20980278753
0.46 -1.2439520936
0.48 -1.275919085
0.5 -1.30564768077
0.52 -1.33308572684
0.54 -1.35818508757
0.56 -1.38090173013
0.58 -1.40119580183
0.6 -1.41903169996
0.62 -1.43437813429
0.64 -1.44720818198
0.66 -1.45749933475
0.68 -1.46523353843
0.7 -1.47039722459
0.72 -1.47298133437
0.74 -1.47298133437
0.76 -1.47039722459
0.78 -1.46523353843
0.8 -1.45749933475
0.82 -1.44720818198
0.84 -1.43437813429
0.86 -1.41903169996
0.88 -1.40119580183
0.9 -1.38090173013
0.92 -1.35818508757
0.94 -1.33308572684
0.96 -1.30564768077
0.98 -1.275919085
1.0 -1.2439520936
1.02 -1.20980278753
1.04 -1.17353107627
1.06 -1.13520059274
1.08 -1.09487858163
1.1 -1.05263578144
1.12 -1.0085463004
1.14 -0.962687486443
1.16 -0.915139791513
1.18 -0.865986630422
1.2 -0.815314234517
1.22 -0.763211500399
1.24 -0.709769833969
1.26 -0.655082990068
1.28 -0.599246908004
1.3 -0.542359543238
1.32 -0.484520695537
1.34 -0.425831833897
1.36 -0.36639591852
1.38 -0.3063172202
1.4 -0.245701137388
1.42 -0.184654011292
1.44 -0.123282939315
1.46 -0.061695587169
1.48 -3.72948978043e-13
1.5 0.0616955871694
1.52 0.123282939315
1.54 0.184654011292
1.56 0.245701137388
1.58 0.3063172202
1.6 0.36639591852
1.62 0.425831833896
1.64 0.484520695537
1.66 0.542359543238
1.68 0.599246908004
1.7 0.655082990068
1.72 0.709769833969
1.74 0.7632115004
1.76 0.815314234517
1.78 0.865986630422
1.8 0.915139791513
1.82 0.962687486443
1.84 1.0085463004
1.86 1.05263578144
1.88 1.09487858163
1.9 1.13520059274
1.92 1.17353107627
1.94 1.20980278753
1.96 1.2439520936
1.98 1.275919085
2.0 1.30564768077
2.02 1.33308572684
2.04 1.35818508757
2.06 1.38090173013
2.08 1.40119580183
2.1 1.41903169996
2.12 1.43437813429
2.14 1.44720818198
2.16 1.45749933475
2.18 1.46523353843
2.2 1.47039722459
2.22 1.47298133437
2.24 1.47298133437
2.26 1.47039722459
2.28 1.46523353843
2.3 1.45749933475
2.32 1.44720818198
2.34 1.43437813429
2.36 1.41903169996
2.38 1.40119580183
2.4 1.38090173013
2.42 1.35818508757
2.44 1.33308572684
2.46 1.30564768077
2.48 1.275919085
2.5 1.2439520936
2.52 1.20980278753
2.54 1.17353107627
2.56 1.13520059274
2.58 1.09487858163
2.6 1.05263578144
2.62 1.0085463004
2.64 0.962687486443
2.66 0.915139791513
2.68 0.865986630422
2.7 0.815314234518
2.72 0.763211500399
2.74 0.709769833969
2.76 0.655082990068
2.78 0.599246908004
2.8 0.542359543238
2.82 0.484520695538
2.84 0.425831833896
2.86 0.36639591852
2.88 0.3063172202
2.9 0.245701137388
2.92 0.184654011292
2.94 0.123282939315
2.96 0.0616955871686
2.98 7.45897243126e-13
3.0 -0.0616955871694
3.02 -0.123282939315
3.04 -0.184654011292
3.06 -0.245701137388
3.08 -0.3063172202
3.1 -0.36639591852
3.12 -0.425831833896
3.14 -0.484520695537
3.16 -0.542359543238
3.18 -0.599246908004
3.2 -0.655082990068
3.22 -0.709769833969
3.24 -0.7632115004
3.26 -0.815314234517
3.28 -0.865986630422
3.3 -0.915139791513
3.32 -0.962687486443
3.34 -1.0085463004
3.36 -1.05263578144
3.38 -1.09487858163
3.4 -1.13520059274
3.42 -1.17353107627
3.44 -1.20980278753
3.46 -1.2439520936
3.48 -1.275919085
3.5 -1.30564768077
3.52 -1.33308572684
3.54 -1.35818508757
3.56 -1.38090173013
3.58 -1.40119580183
3.6 -1.41903169996
3.62 -1.43437813429
3.64 -1.44720818198
3.66 -1.45749933475
3.68 -1.46523353843
3.7 -1.47039722459
3.72 -1.47298133437
3.74 -1.47298133437
3.76 -1.47039722459
3.78 -1.46523353843
3.8 -1.45749933475
3.82 -1.44720818198
3.84 -1.43437813429
3.86 -1.41903169996
3.88 -1.40119580183
3.9 -1.38090173013
3.92 -1.35818508756
3.94 -1.33308572684
3.96 -1.30564768077
3.98 -1.275919085
4.0 -1.2439520936
4.02 -1.20980278753
4.04 -1.17353107627
4.06 -1.13520059274
4.08 -1.09487858163
4.1 -1.05263578144
4.12 -1.0085463004
4.14 -0.962687486442
4.16 -0.915139791514
4.18 -0.865986630421
4.2 -0.815314234518
4.22 -0.763211500398
4.24 -0.709769833969
4.26 -0.655082990069
4.28 -0.599246908002
4.3 -0.542359543239
4.32 -0.484520695536
4.34 -0.425831833898
4.36 -0.366395918518
4.38 -0.306317220201
4.4 -0.245701137387
4.42 -0.184654011294
4.44 -0.123282939313
4.46 -0.0616955871709
4.48 1.49179282268e-12
4.5 0.0616955871679
4.52 0.123282939316
4.54 0.184654011292
4.56 0.245701137387
4.58 0.306317220201
4.6 0.366395918518
4.62 0.425831833898
4.64 0.484520695536
4.66 0.542359543239
4.68 0.599246908002
4.7 0.655082990069
4.72 0.709769833967
4.74 0.763211500401
4.76 0.815314234516
4.78 0.865986630423
4.8 0.915139791513
4.82 0.962687486442
4.84 1.0085463004
4.86 1.05263578144
4.88 1.09487858163
4.9 1.13520059274
4.92 1.17353107627
4.94 1.20980278753
4.96 1.2439520936
4.98 1.275919085
5.0 1.30564768077
5.02 1.33308572684
5.04 1.35818508757
5.06 1.38090173013
5.08 1.40119580183
5.1 1.41903169996
5.12 1.43437813429
5.14 1.44720818198
5.16 1.45749933475
5.18 1.46523353843
5.2 1.47039722459
5.22 1.47298133437
5.24 1.47298133437
5.26 1.47039722459
5.28 1.46523353843
5.3 1.45749933475
5.32 1.44720818198
5.34 1.43437813429
5.36 1.41903169996
5.38 1.40119580183
5.4 1.38090173013
5.42 1.35818508757
5.44 1.33308572684
5.46 1.30564768077
5.48 1.275919085
5.5 1.2439520936
5.52 1.20980278753
5.54 1.17353107627
5.56 1.13520059274
5.58 1.09487858163
5.6 1.05263578144
5.62 1.0085463004
5.64 0.962687486442
5.66 0.915139791513
5.68 0.865986630424
5.7 0.815314234516
5.72 0.763211500401
5.74 0.709769833967
5.76 0.655082990069
5.78 0.599246908002
5.8 0.542359543239
5.82 0.484520695536
5.84 0.425831833898
5.86 0.366395918518
5.88 0.306317220201
5.9 0.245701137387
5.92 0.184654011294
5.94 0.123282939313
5.96 0.0616955871694
5.98 1.49178973319e-12
6.0 -0.0616955871709
6.02 -0.123282939313
6.04 -0.184654011294
6.06 -0.245701137387
6.08 -0.306317220201
6.1 -0.366395918518
6.12 -0.425831833898
6.14 -0.484520695536
6.16 -0.542359543239
6.18 -0.599246908002
6.2 -0.655082990069
6.22 -0.709769833969
6.24 -0.763211500398
6.26 -0.815314234518
6.28 -0.865986630421
6.3 -0.915139791514
6.32 -0.962687486442
6.34 -1.0085463004
6.36 -1.05263578144
6.38 -1.09487858163
6.4 -1.13520059274
6.42 -1.17353107627
6.44 -1.20980278753
6.46 -1.2439520936
6.48 -1.275919085
6.5 -1.30564768077
6.52 -1.33308572684
6.54 -1.35818508757
6.56 -1.38090173013
6.58 -1.40119580183
6.6 -1.41903169996
6.62 -1.43437813429
6.64 -1.44720818198
6.66 -1.45749933475
6.68 -1.46523353843
6.7 -1.47039722459
6.72 -1.47298133437
6.74 -1.47298133437
6.76 -1.47039722459
6.78 -1.46523353843
6.8 -1.45749933475
6.82 -1.44720818198
6.84 -1.4343781343
6.86 -1.41903169996
6.88 -1.40119580183
6.9 -1.38090173013
6.92 -1.35818508757
6.94 -1.33308572684
6.96 -1.30564768077
6.98 -1.275919085
7.0 -1.2439520936
7.02 -1.20980278753
7.04 -1.17353107627
7.06 -1.13520059274
7.08 -1.09487858163
7.1 -1.05263578144
7.12 -1.0085463004
7.14 -0.962687486444
7.16 -0.915139791512
7.18 -0.865986630424
7.2 -0.815314234516
7.22 -0.763211500401
7.24 -0.709769833968
7.26 -0.655082990069
7.28 -0.599246908002
7.3 -0.542359543239
7.32 -0.484520695536
7.34 -0.425831833898
7.36 -0.366395918518
7.38 -0.3063172202
7.4 -0.24570113739
7.42 -0.184654011291
7.44 -0.123282939316
7.46 -0.0616955871679
7.48 -1.49179567452e-12
7.5 0.0616955871708
7.52 0.123282939313
7.54 0.184654011294
7.56 0.245701137387
7.58 0.306317220201
7.6 0.366395918518
7.62 0.425831833896
7.64 0.48452069554
7.66 0.542359543235
7.68 0.599246908004
7.7 0.655082990071
7.72 0.709769833966
7.74 0.763211500399
7.76 0.815314234517
7.78 0.865986630425
7.8 0.915139791511
7.82 0.962687486443
7.84 1.0085463004
7.86 1.05263578144
7.88 1.09487858162
7.9 1.13520059274
7.92 1.17353107627
7.94 1.20980278753
7.96 1.2439520936
7.98 1.275919085
8.0 1.30564768077
8.02 1.33308572684
8.04 1.35818508757
8.06 1.38090173013
8.08 1.40119580183
8.1 1.41903169996
8.12 1.43437813429
8.14 1.44720818198
8.16 1.45749933475
8.18 1.46523353843
8.2 1.47039722459
8.22 1.47298133437
8.24 1.47298133437
8.26 1.47039722459
8.28 1.46523353843
8.3 1.45749933475
8.32 1.44720818198
8.34 1.43437813429
8.36 1.41903169996
8.38 1.40119580183
8.4 1.38090173013
8.42 1.35818508757
8.44 1.33308572684
8.46 1.30564768077
8.48 1.275919085
8.5 1.2439520936
8.52 1.20980278753
8.54 1.17353107628
8.56 1.13520059274
8.58 1.09487858163
8.6 1.05263578143
8.62 1.0085463004
8.64 0.962687486443
8.66 0.915139791513
8.68 0.86598663042
8.7 0.81531423452
8.72 0.763211500399
8.74 0.709769833969
8.76 0.655082990065
8.78 0.599246908007
8.8 0.542359543238
8.82 0.484520695535
8.84 0.425831833899
8.86 0.36639591852
8.88 0.3063172202
8.9 0.245701137385
8.92 0.184654011295
8.94 0.123282939315
8.96 0.0616955871694
8.98 -2.98359372557e-12
9.0 -0.0616955871664
9.02 -0.123282939315
9.04 -0.184654011292
9.06 -0.245701137391
9.08 -0.306317220197
9.1 -0.36639591852
9.12 -0.425831833899
9.14 -0.484520695535
9.16 -0.542359543238
9.18 -0.599246908004
9.2 -0.655082990071
9.22 -0.709769833966
9.24 -0.763211500399
9.26 -0.815314234517
9.28 -0.865986630425
9.3 -0.915139791511
9.32 -0.962687486443
9.34 -1.0085463004
9.36 -1.05263578144
9.38 -1.09487858162
9.4 -1.13520059274
9.42 -1.17353107628
9.44 -1.20980278753
9.46 -1.2439520936
9.48 -1.275919085
9.5 -1.30564768077
9.52 -1.33308572684
9.54 -1.35818508757
9.56 -1.38090173013
9.58 -1.40119580183
9.6 -1.41903169996
9.62 -1.4343781343
9.64 -1.44720818198
9.66 -1.45749933475
9.68 -1.46523353843
9.7 -1.47039722459
9.72 -1.47298133437
9.74 -1.47298133437
9.76 -1.47039722459
9.78 -1.46523353843
9.8 -1.45749933475
9.82 -1.44720818198
9.84 -1.43437813429
9.86 -1.41903169996
9.88 -1.40119580183
9.9 -1.38090173013
9.92 -1.35818508757
9.94 -1.33308572684
9.96 -1.30564768077
9.98 -1.275919085
