0.0 16.1660256051
0.02 16.2807716732
0.04 16.384548401
0.06 16.4773365208
0.08 16.5592696865
0.1 16.6306229434
0.12 16.6917983721
0.14 16.7433084816
0.16 16.7857579648
0.18 16.8198244388
0.2 16.8462387687
0.22 16.8657655292
0.24 16.8791840927
0.26 16.8872707569
0.28 16.8907822391
0.3 16.8904407843
0.32 16.8869210512
0.34 16.8808388713
0.36 16.8727419123
0.38 16.8631022302
0.4 16.8523106572
0.42 16.8406729467
0.44 16.828407586
0.46 16.8156451795
0.48 16.8024293112
0.5 16.788718803
0.52 16.7743912923
0.54 16.7592480697
0.56 16.74302012
0.58 16.7253753198
0.6 16.705926743
0.62 16.6842420193
0.64 16.659853678
0.66 16.6322703885
0.68 16.6009889809
0.7 16.5655070988
0.72 16.5253362969
0.74 16.4800153582
0.76 16.4291235679
0.78 16.3722936448
0.8 16.3092240051
0.82 16.2396900161
0.84 16.1635538914
0.86 16.0807728936
0.88 15.9914055359
0.9 15.8956155215
0.92 15.7936732213
0.94 15.6859545693
0.96 15.572937343
0.98 15.4551948933
1.0 15.3333874878
1.02 15.2082515272
1.04 15.0805869801
1.06 14.951243455
1.08 14.8211053822
1.1 14.6910768069
1.12 14.562066305
1.14 14.4349725112
1.16 14.3106707108
1.18 14.1900008817
1.2 14.0737574947
1.22 13.9626812886
1.24 13.8574531393
1.26 13.7586900405
1.28 13.6669431226
1.3 13.5826975449
1.32 13.5063740272
1.34 13.4383317263
1.36 13.3788721204
1.38 13.3282435444
1.4 13.2866460123
1.42 13.254235973
1.44 13.2311306761
1.46 13.2174118615
1.48 13.2131285421
1.5 13.2182987056
1.52 13.2329098313
1.54 13.2569181882
1.56 13.2902469506
1.58 13.3327832408
1.6 13.3843742752
1.62 13.4448228482
1.64 13.5138824434
1.66 13.5912523
1.68 13.6765727904
1.7 13.7694214753
1.72 13.8693101973
1.74 13.9756835514
1.76 14.0879190266
1.78 14.2053290555
1.8 14.3271651335
1.82 14.4526240812
1.84 14.5808564278
1.86 14.710976793
1.88 14.8420760464
1.9 14.9732349288
1.92 15.1035387436
1.94 15.2320926601
1.96 15.3580371301
1.98 15.4805629033
2.0 15.5989251297
2.02 15.7124560749
2.04 15.8205760228
2.06 15.9228020196
2.08 16.0187541957
2.1 16.1081595044
2.12 16.1908528117
2.14 16.2667753743
2.16 16.3359708289
2.18 16.3985788978
2.2 16.4548270764
2.22 16.5050206163
2.24 16.549531144
2.26 16.5887842687
2.28 16.623246526
2.3 16.6534119882
2.32 16.6797888421
2.34 16.7028862021
2.36 16.7232013853
2.38 16.741207837
2.4 16.7573438549
2.42 16.7720022305
2.44 16.785520893
2.46 16.7981746244
2.48 16.8101678975
2.5 16.8216288833
2.52 16.8326046735
2.54 16.8430577689
2.56 16.8528638927
2.58 16.8618111999
2.6 16.8696009617
2.62 16.8758498151
2.64 16.8800936675
2.66 16.8817933443
2.68 16.8803420529
2.7 16.8750747135
2.72 16.8652791688
2.74 16.8502092385
2.76 16.829099524
2.78 16.8011817944
2.8 16.7657027131
2.82 16.7219425741
2.84 16.669234643
2.86 16.606984615
2.88 16.5346896457
2.9 16.4519563607
2.92 16.3585172316
2.94 16.2542447148
2.96 16.1391625873
2.98 16.0134539893
3.0 15.8774657859
3.02 15.7317089952
3.04 15.5768551829
3.06 15.4137288934
3.08 15.2432963577
3.1 15.0666508836
3.12 14.884995478
3.14 14.6996233735
3.16 14.5118972067
3.18 14.3232276426
3.2 14.1350522292
3.22 13.9488152205
3.24 13.7659490148
3.26 13.5878577299
3.28 13.4159032855
3.3 13.251394196
3.32 13.0955770994
3.34 12.949630881
3.36 12.8146630912
3.38 12.691708225
3.4 12.5817273257
3.42 12.4856083059
3.44 12.4041663489
3.46 12.3381437608
3.48 12.2882086917
3.5 12.2549522338
3.52 12.2388835174
3.54 12.2404225839
3.56 12.2598909804
3.58 12.2975002165
3.6 12.3533384144
3.62 12.4273556828
3.64 12.5193489212
3.66 12.6289469195
3.68 12.7555967356
3.7 12.8985524043
3.72 13.0568670462
3.74 13.2293893948
3.76 13.4147656401
3.78 13.6114473043
3.8 13.8177056136
3.82 14.0316525342
3.84 14.2512683025
3.86 14.4744349275
3.88 14.6989747984
3.9 14.9226932133
3.92 15.1434233819
3.94 15.3590722659
3.96 15.5676655186
3.98 15.7673897855
4.0 15.9566307212
4.02 16.13400527
4.04 16.2983870299
4.06 16.4489238496
4.08 16.5850471781
4.1 16.7064730693
4.12 16.8131951095
4.14 16.9054698692
4.16 16.9837957534
4.18 17.048886337
4.2 17.1016393999
4.22 17.1431029363
4.24 17.1744393977
4.26 17.1968893553
4.28 17.2117356417
4.3 17.2202688778
4.32 17.2237551127
4.34 17.2234061274
4.36 17.2203527766
4.38 17.2156215958
4.4 17.2101147655
4.42 17.2045934319
4.44 17.1996643122
4.46 17.195769478
4.48 17.1931791995
4.5 17.1919877505
4.52 17.1921121016
4.54 17.1932934737
4.56 17.1951017703
4.58 17.1969429466
4.6 17.1980694087
4.62 17.1975935475
4.64 17.1945045065
4.66 17.1876882435
4.68 17.1759508848
4.7 17.1580452691
4.72 17.1327004557
4.74 17.0986538195
4.76 17.0546851853
4.78 16.9996522803
4.8 16.93252661
4.82 16.8524287085
4.84 16.7586615978
4.86 16.6507412153
4.88 16.5284225591
4.9 16.3917203583
4.92 16.2409232093
4.94 16.0766003236
4.96 15.899600308
4.98 15.7110417233
5.0 15.5122955318
5.02 15.304959917
5.04 15.090828323
5.06 14.8718518849
5.08 14.650097688
5.1 14.4277044746
5.12 14.2068375159
5.14 13.9896443532
5.16 13.7782130186
5.18 13.5745341493
5.2 13.3804681538
5.22 13.1977182737
5.24 13.0278100417
5.26 12.8720772946
5.28 12.7316545627
5.3 12.6074753713
5.32 12.5002757393
5.34 12.410601985
5.36 12.338821831
5.38 12.2851377529
5.4 12.2496015345
5.42 12.2321290618
5.44 12.2325145087
5.46 12.2504432228
5.48 12.2855027973
5.5 12.3371920107
5.52 12.404927509
5.54 12.488048294
5.56 12.585818253
5.58 12.6974271141
5.6 12.8219903279
5.62 12.9585484646
5.64 13.106066758
5.66 13.2634354366
5.68 13.4294714513
5.7 13.6029221331
5.72 13.7824712127
5.74 13.9667474958
5.76 14.1543363296
5.78 14.3437938234
5.8 14.533663612
5.82 14.7224957775
5.84 14.9088673951
5.86 15.0914040431
5.88 15.2688015252
5.9 15.4398470086
5.92 15.6034387735
5.94 15.7586038156
5.96 15.9045126256
5.98 16.0404905896
6.0 16.1660256051
6.02 16.2807716732
6.04 16.384548401
6.06 16.4773365208
6.08 16.5592696865
6.1 16.6306229434
6.12 16.6917983721
6.14 16.7433084816
6.16 16.7857579648
6.18 16.8198244388
6.2 16.8462387687
6.22 16.8657655292
6.24 16.8791840927
6.26 16.8872707569
6.28 16.8907822391
6.3 16.8904407843
6.32 16.8869210512
6.34 16.8808388713
6.36 16.8727419123
6.38 16.8631022302
6.4 16.8523106572
6.42 16.8406729467
6.44 16.828407586
6.46 16.8156451795
6.48 16.8024293112
6.5 16.788718803
6.52 16.7743912923
6.54 16.7592480697
6.56 16.74302012
6.58 16.7253753198
6.6 16.705926743
6.62 16.6842420193
6.64 16.659853678
6.66 16.6322703885
6.68 16.6009889809
6.7 16.5655070988
6.72 16.5253362969
6.74 16.4800153582
6.76 16.4291235679
6.78 16.3722936448
6.8 16.3092240052
6.82 16.2396900161
6.84 16.1635538914
6.86 16.0807728936
6.88 15.9914055359
6.9 15.8956155215
6.92 15.7936732213
6.94 15.6859545694
6.96 15.572937343
6.98 15.4551948933
7.0 15.3333874878
7.02 15.2082515272
7.04 15.0805869801
7.06 14.951243455
7.08 14.8211053822
7.1 14.6910768069
7.12 14.562066305
7.14 14.4349725112
7.16 14.3106707108
7.18 14.1900008817
7.2 14.0737574947
7.22 13.9626812886
7.24 13.8574531393
7.26 13.7586900405
7.28 13.6669431226
7.3 13.5826975449
7.32 13.5063740272
7.34 13.4383317263
7.36 13.3788721204
7.38 13.3282435444
7.4 13.2866460123
7.42 13.254235973
7.44 13.2311306761
7.46 13.2174118615
7.48 13.2131285421
7.5 13.2182987056
7.52 13.2329098313
7.54 13.2569181882
7.56 13.2902469506
7.58 13.3327832408
7.6 13.3843742752
7.62 13.4448228482
7.64 13.5138824434
7.66 13.5912523
7.68 13.6765727904
7.7 13.7694214753
7.72 13.8693101973
7.74 13.9756835514
7.76 14.0879190266
7.78 14.2053290555
7.8 14.3271651335
7.82 14.4526240812
7.84 14.5808564278
7.86 14.710976793
7.88 14.8420760464
7.9 14.9732349288
7.92 15.1035387436
7.94 15.2320926601
7.96 15.3580371301
7.98 15.4805629033
8.0 15.5989251297
8.02 15.7124560749
8.04 15.8205760228
8.06 15.9228020196
8.08 16.0187541957
8.1 16.1081595044
8.12 16.1908528117
8.14 16.2667753743
8.16 16.3359708289
8.18 16.3985788978
8.2 16.4548270764
8.22 16.5050206163
8.24 16.549531144
8.26 16.5887842687
8.28 16.623246526
8.3 16.6534119882
8.32 16.6797888421
8.34 16.7028862021
8.36 16.7232013853
8.38 16.741207837
8.4 16.7573438549
8.42 16.7720022305
8.44 16.785520893
8.46 16.7981746244
8.48 16.8101678975
8.5 16.8216288833
8.52 16.8326046735
8.54 16.8430577689
8.56 16.8528638927
8.58 16.8618111999
8.6 16.8696009617
8.62 16.8758498151
8.64 16.8800936675
8.66 16.8817933443
8.68 16.8803420529
8.7 16.8750747135
8.72 16.8652791688
8.74 16.8502092385
8.76 16.829099524
8.78 16.8011817944
8.8 16.7657027131
8.82 16.7219425741
8.84 16.669234643
8.86 16.6069846149
8.88 16.5346896457
8.9 16.4519563607
8.92 16.3585172316
8.94 16.2542447148
8.96 16.1391625873
8.98 16.0134539893
9.0 15.8774657859
9.02 15.7317089952
9.04 15.5768551829
9.06 15.4137288934
9.08 15.2432963577
9.1 15.0666508836
9.12 14.884995478
9.14 14.6996233735
9.16 14.5118972067
9.18 14.3232276426
9.2 14.1350522292
9.22 13.9488152205
9.24 13.7659490148
9.26 13.5878577299
9.28 13.4159032855
9.3 13.251394196
9.32 13.0955770994
9.34 12.949630881
9.36 12.8146630912
9.38 12.691708225
9.4 12.5817273257
9.42 12.4856083059
9.44 12.4041663489
9.46 12.3381437608
9.48 12.2882086917
9.5 12.2549522338
9.52 12.2388835174
9.54 12.2404225839
9.56 12.2598909804
9.58 12.2975002165
9.6 12.3533384144
9.62 12.4273556828
9.64 12.5193489212
9.66 12.6289469195
9.68 12.7555967356
9.7 12.8985524043
9.72 13.0568670462
9.74 13.2293893948
9.76 13.4147656401
9.78 13.6114473043
9.8 13.8177056136
9.82 14.0316525342
9.84 14.2512683025
9.86 14.4744349275
9.88 14.6989747984
9.9 14.9226932132
9.92 15.1434233819
9.94 15.3590722659
9.96 15.5676655186
9.98 15.7673897855
10.0 15.9566307212
10.02 16.13400527
10.04 16.2983870299
10.06 16.4489238496
10.08 16.5850471781
10.1 16.7064730693
10.12 16.8131951095
10.14 16.9054698692
10.16 16.9837957534
10.18 17.048886337
10.2 17.1016393999
10.22 17.1431029363
10.24 17.1744393977
10.26 17.1968893553
10.28 17.2117356417
10.3 17.2202688778
10.32 17.2237551127
10.34 17.2234061274
10.36 17.2203527766
10.38 17.2156215958
10.4 17.2101147655
10.42 17.2045934319
10.44 17.1996643122
10.46 17.195769478
10.48 17.1931791995
10.5 17.1919877505
10.52 17.1921121016
10.54 17.1932934737
10.56 17.1951017703
10.58 17.1969429466
10.6 17.1980694087
10.62 17.1975935475
10.64 17.1945045065
10.66 17.1876882435
10.68 17.1759508848
10.7 17.1580452691
10.72 17.1327004557
10.74 17.0986538195
10.76 17.0546851853
10.78 16.9996522803
10.8 16.93252661
10.82 16.8524287085
10.84 16.7586615978
10.86 16.6507412153
10.88 16.5284225591
10.9 16.3917203583
10.92 16.2409232093
10.94 16.0766003236
10.96 15.899600308
10.98 15.7110417233
11.0 15.5122955318
11.02 15.304959917
11.04 15.090828323
11.06 14.8718518849
11.08 14.650097688
11.1 14.4277044746
11.12 14.2068375159
11.14 13.9896443532
11.16 13.7782130186
11.18 13.5745341493
11.2 13.3804681538
11.22 13.1977182737
11.24 13.0278100417
11.26 12.8720772946
11.28 12.7316545627
11.3 12.6074753713
11.32 12.5002757393
11.34 12.410601985
11.36 12.338821831
11.38 12.2851377529
11.4 12.2496015345
11.42 12.2321290618
11.44 12.2325145087
11.46 12.2504432228
11.48 12.2855027973
11.5 12.3371920106
11.52 12.404927509
11.54 12.488048294
11.56 12.585818253
11.58 12.6974271141
11.6 12.8219903279
11.62 12.9585484646
11.64 13.106066758
11.66 13.2634354366
11.68 13.4294714513
11.7 13.6029221331
11.72 13.7824712127
11.74 13.9667474958
11.76 14.1543363296
11.78 14.3437938234
11.8 14.533663612
11.82 14.7224957775
11.84 14.9088673951
11.86 15.0914040431
11.88 15.2688015252
11.9 15.4398470086
11.92 15.6034387735
11.94 15.7586038156
11.96 15.9045126256
11.98 16.0404905896
12.0 16.1660256051
12.02 16.2807716732
12.04 16.384548401
12.06 16.4773365208
12.08 16.5592696865
12.1 16.6306229434
12.12 16.6917983721
12.14 16.7433084816
12.16 16.7857579648
12.18 16.8198244388
12.2 16.8462387687
12.22 16.8657655292
12.24 16.8791840927
12.26 16.8872707569
12.28 16.8907822391
12.3 16.8904407843
12.32 16.8869210512
12.34 16.8808388713
12.36 16.8727419123
12.38 16.8631022302
12.4 16.8523106572
12.42 16.8406729467
12.44 16.828407586
12.46 16.8156451795
12.48 16.8024293112
12.5 16.788718803
12.52 16.7743912923
12.54 16.7592480697
12.56 16.74302012
12.58 16.7253753198
12.6 16.705926743
12.62 16.6842420193
12.64 16.659853678
12.66 16.6322703885
12.68 16.6009889809
12.7 16.5655070988
12.72 16.5253362969
12.74 16.4800153582
12.76 16.4291235679
12.78 16.3722936448
12.8 16.3092240051
12.82 16.2396900161
12.84 16.1635538914
12.86 16.0807728936
12.88 15.9914055359
12.9 15.8956155215
12.92 15.7936732213
12.94 15.6859545693
12.96 15.572937343
12.98 15.4551948933
13.0 15.3333874878
13.02 15.2082515272
13.04 15.0805869801
13.06 14.951243455
13.08 14.8211053822
13.1 14.6910768069
13.12 14.562066305
13.14 14.4349725112
13.16 14.3106707108
13.18 14.1900008817
13.2 14.0737574947
13.22 13.9626812886
13.24 13.8574531393
13.26 13.7586900405
13.28 13.6669431226
13.3 13.5826975449
13.32 13.5063740272
13.34 13.4383317263
13.36 13.3788721204
13.38 13.3282435444
13.4 13.2866460123
13.42 13.254235973
13.44 13.2311306761
13.46 13.2174118615
13.48 13.2131285421
13.5 13.2182987056
13.52 13.2329098313
13.54 13.2569181882
13.56 13.2902469506
13.58 13.3327832408
13.6 13.3843742752
13.62 13.4448228482
13.64 13.5138824434
13.66 13.5912523
13.68 13.6765727904
13.7 13.7694214753
13.72 13.8693101973
13.74 13.9756835514
13.76 14.0879190266
13.78 14.2053290555
13.8 14.3271651335
13.82 14.4526240812
13.84 14.5808564278
13.86 14.7109767931
13.88 14.8420760464
13.9 14.9732349288
13.92 15.1035387436
13.94 15.2320926601
13.96 15.3580371301
13.98 15.4805629033
14.0 15.5989251298
14.02 15.7124560749
14.04 15.8205760228
14.06 15.9228020196
14.08 16.0187541957
14.1 16.1081595044
14.12 16.1908528117
14.14 16.2667753743
14.16 16.3359708289
14.18 16.3985788977
14.2 16.4548270764
14.22 16.5050206163
14.24 16.549531144
14.26 16.5887842687
14.28 16.623246526
14.3 16.6534119882
14.32 16.6797888421
14.34 16.702886202
14.36 16.7232013854
14.38 16.741207837
14.4 16.7573438549
14.42 16.7720022305
14.44 16.785520893
14.46 16.7981746244
14.48 16.8101678975
14.5 16.8216288833
14.52 16.8326046735
14.54 16.8430577689
14.56 16.8528638927
14.58 16.8618111999
14.6 16.8696009617
14.62 16.8758498151
14.64 16.8800936675
14.66 16.8817933443
14.68 16.8803420529
14.7 16.8750747135
14.72 16.8652791688
14.74 16.8502092385
14.76 16.829099524
14.78 16.8011817944
14.8 16.7657027131
14.82 16.7219425741
14.84 16.669234643
14.86 16.606984615
14.88 16.5346896457
14.9 16.4519563607
14.92 16.3585172316
14.94 16.2542447148
14.96 16.1391625873
14.98 16.0134539893
15.0 15.8774657859
15.02 15.7317089952
15.04 15.5768551829
15.06 15.4137288934
15.08 15.2432963577
15.1 15.0666508835
15.12 14.884995478
15.14 14.6996233735
15.16 14.5118972067
15.18 14.3232276426
15.2 14.1350522292
15.22 13.9488152205
15.24 13.7659490148
15.26 13.5878577299
15.28 13.4159032855
15.3 13.251394196
15.32 13.0955770994
15.34 12.949630881
15.36 12.8146630912
15.38 12.691708225
15.4 12.5817273257
15.42 12.4856083059
15.44 12.4041663489
15.46 12.3381437608
15.48 12.2882086917
15.5 12.2549522338
15.52 12.2388835174
15.54 12.2404225839
15.56 12.2598909804
15.58 12.2975002165
15.6 12.3533384144
15.62 12.4273556828
15.64 12.5193489212
15.66 12.6289469195
15.68 12.7555967356
15.7 12.8985524043
15.72 13.0568670462
15.74 13.2293893947
15.76 13.4147656401
15.78 13.6114473043
15.8 13.8177056136
15.82 14.0316525342
15.84 14.2512683025
15.86 14.4744349275
15.88 14.6989747983
15.9 14.9226932133
15.92 15.1434233819
15.94 15.3590722659
15.96 15.5676655186
15.98 15.7673897855
16.0 15.9566307212
16.02 16.13400527
16.04 16.2983870299
16.06 16.4489238496
16.08 16.5850471781
16.1 16.7064730693
16.12 16.8131951095
16.14 16.9054698692
16.16 16.9837957534
16.18 17.048886337
16.2 17.1016393999
16.22 17.1431029363
16.24 17.1744393977
16.26 17.1968893553
16.28 17.2117356417
16.3 17.2202688778
16.32 17.2237551127
16.34 17.2234061274
16.36 17.2203527766
16.38 17.2156215958
16.4 17.2101147655
16.42 17.2045934319
16.44 17.1996643122
16.46 17.195769478
16.48 17.1931791995
16.5 17.1919877505
16.52 17.1921121016
16.54 17.1932934737
16.56 17.1951017703
16.58 17.1969429466
16.6 17.1980694087
16.62 17.1975935475
16.64 17.1945045065
16.66 17.1876882435
16.68 17.1759508848
16.7 17.1580452691
16.72 17.1327004557
16.74 17.0986538195
16.76 17.0546851853
16.78 16.9996522803
16.8 16.93252661
16.82 16.8524287085
16.84 16.7586615978
16.86 16.6507412154
16.88 16.5284225591
16.9 16.3917203583
16.92 16.2409232093
16.94 16.0766003236
16.96 15.899600308
16.98 15.7110417233
17.0 15.5122955318
17.02 15.304959917
17.04 15.090828323
17.06 14.8718518849
17.08 14.650097688
17.1 14.4277044746
17.12 14.2068375159
17.14 13.9896443532
17.16 13.7782130186
17.18 13.5745341493
17.2 13.3804681538
17.22 13.1977182737
17.24 13.0278100417
17.26 12.8720772946
17.28 12.7316545627
17.3 12.6074753713
17.32 12.5002757393
17.34 12.410601985
17.36 12.338821831
17.38 12.2851377529
17.4 12.2496015345
17.42 12.2321290618
17.44 12.2325145087
17.46 12.2504432228
17.48 12.2855027973
17.5 12.3371920106
17.52 12.404927509
17.54 12.488048294
17.56 12.585818253
17.58 12.6974271141
17.6 12.8219903279
17.62 12.9585484646
17.64 13.106066758
17.66 13.2634354366
17.68 13.4294714513
17.7 13.6029221331
17.72 13.7824712127
17.74 13.9667474958
17.76 14.1543363296
17.78 14.3437938234
17.8 14.533663612
17.82 14.7224957775
17.84 14.9088673951
17.86 15.0914040431
17.88 15.2688015252
17.9 15.4398470086
17.92 15.6034387735
17.94 15.7586038156
17.96 15.9045126256
17.98 16.0404905896
18.0 16.1660256051
18.02 16.2807716732
18.04 16.384548401
18.06 16.4773365208
18.08 16.5592696865
18.1 16.6306229434
18.12 16.6917983721
18.14 16.7433084816
18.16 16.7857579648
18.18 16.8198244388
18.2 16.8462387687
18.22 16.8657655292
18.24 16.8791840927
18.26 16.8872707569
18.28 16.8907822391
18.3 16.8904407843
18.32 16.8869210512
18.34 16.8808388713
18.36 16.8727419123
18.38 16.8631022302
18.4 16.8523106572
18.42 16.8406729467
18.44 16.828407586
18.46 16.8156451795
18.48 16.8024293112
18.5 16.788718803
18.52 16.7743912923
18.54 16.7592480697
18.56 16.74302012
18.58 16.7253753198
18.6 16.705926743
18.62 16.6842420193
18.64 16.659853678
18.66 16.6322703885
18.68 16.6009889809
18.7 16.5655070988
18.72 16.5253362969
18.74 16.4800153582
18.76 16.4291235679
18.78 16.3722936448
18.8 16.3092240052
18.82 16.2396900161
18.84 16.1635538914
18.86 16.0807728936
18.88 15.9914055359
18.9 15.8956155215
18.92 15.7936732213
18.94 15.6859545693
18.96 15.572937343
18.98 15.4551948932
19.0 15.3333874878
19.02 15.2082515272
19.04 15.0805869801
19.06 14.951243455
19.08 14.8211053822
19.1 14.6910768069
19.12 14.562066305
19.14 14.4349725112
19.16 14.3106707108
19.18 14.1900008817
19.2 14.0737574947
19.22 13.9626812886
19.24 13.8574531393
19.26 13.7586900405
19.28 13.6669431226
19.3 13.5826975449
19.32 13.5063740272
19.34 13.4383317263
19.36 13.3788721204
19.38 13.3282435444
19.4 13.2866460123
19.42 13.254235973
19.44 13.2311306761
19.46 13.2174118615
19.48 13.2131285421
19.5 13.2182987056
19.52 13.2329098313
19.54 13.2569181882
19.56 13.2902469506
19.58 13.3327832408
19.6 13.3843742752
19.62 13.4448228482
19.64 13.5138824434
19.66 13.5912523
19.68 13.6765727904
19.7 13.7694214753
19.72 13.8693101973
19.74 13.9756835514
19.76 14.0879190266
19.78 14.2053290555
19.8 14.3271651335
19.82 14.4526240812
19.84 14.5808564278
19.86 14.7109767931
19.88 14.8420760464
19.9 14.9732349288
19.92 15.1035387436
19.94 15.2320926601
19.96 15.3580371301
19.98 15.4805629033
20.0 15.5989251298
20.02 15.7124560749
20.04 15.8205760228
20.06 15.9228020196
20.08 16.0187541957
20.1 16.1081595044
20.12 16.1908528117
20.14 16.2667753743
20.16 16.3359708289
20.18 16.3985788978
20.2 16.4548270764
20.22 16.5050206163
20.24 16.549531144
20.26 16.5887842687
20.28 16.623246526
20.3 16.6534119882
20.32 16.6797888421
20.34 16.7028862021
20.36 16.7232013853
20.38 16.741207837
20.4 16.7573438549
20.42 16.7720022305
20.44 16.785520893
20.46 16.7981746244
20.48 16.8101678975
20.5 16.8216288833
20.52 16.8326046735
20.54 16.8430577689
20.56 16.8528638927
20.58 16.8618111999
20.6 16.8696009617
20.62 16.8758498151
20.64 16.8800936675
20.66 16.8817933443
20.68 16.8803420529
20.7 16.8750747135
20.72 16.8652791688
20.74 16.8502092385
20.76 16.829099524
20.78 16.8011817944
20.8 16.7657027131
20.82 16.7219425741
20.84 16.669234643
20.86 16.606984615
20.88 16.5346896457
20.9 16.4519563607
20.92 16.3585172316
20.94 16.2542447148
20.96 16.1391625873
20.98 16.0134539893
21.0 15.8774657859
21.02 15.7317089952
21.04 15.5768551829
21.06 15.4137288934
21.08 15.2432963578
21.1 15.0666508835
21.12 14.884995478
21.14 14.6996233735
21.16 14.5118972067
21.18 14.3232276426
21.2 14.1350522292
21.22 13.9488152205
21.24 13.7659490148
21.26 13.5878577299
21.28 13.4159032855
21.3 13.251394196
21.32 13.0955770994
21.34 12.949630881
21.36 12.8146630912
21.38 12.691708225
21.4 12.5817273257
21.42 12.4856083059
21.44 12.4041663489
21.46 12.3381437608
21.48 12.2882086917
21.5 12.2549522338
21.52 12.2388835174
21.54 12.2404225839
21.56 12.2598909804
21.58 12.2975002165
21.6 12.3533384144
21.62 12.4273556828
21.64 12.5193489212
21.66 12.6289469195
21.68 12.7555967356
21.7 12.8985524043
21.72 13.0568670462
21.74 13.2293893948
21.76 13.4147656401
21.78 13.6114473043
21.8 13.8177056136
21.82 14.0316525343
21.84 14.2512683025
21.86 14.4744349275
21.88 14.6989747983
21.9 14.9226932133
21.92 15.1434233819
21.94 15.3590722659
21.96 15.5676655186
21.98 15.7673897856
22.0 15.9566307212
22.02 16.13400527
22.04 16.2983870299
22.06 16.4489238496
22.08 16.5850471781
22.1 16.7064730693
22.12 16.8131951095
22.14 16.9054698692
22.16 16.9837957534
22.18 17.048886337
22.2 17.1016393999
22.22 17.1431029363
22.24 17.1744393976
22.26 17.1968893553
22.28 17.2117356417
22.3 17.2202688778
22.32 17.2237551127
22.34 17.2234061274
22.36 17.2203527766
22.38 17.2156215958
22.4 17.2101147655
22.42 17.2045934319
22.44 17.1996643122
22.46 17.195769478
22.48 17.1931791995
22.5 17.1919877505
22.52 17.1921121016
22.54 17.1932934737
22.56 17.1951017703
22.58 17.1969429466
22.6 17.1980694087
22.62 17.1975935475
22.64 17.1945045065
22.66 17.1876882435
22.68 17.1759508848
22.7 17.1580452691
22.72 17.1327004558
22.74 17.0986538195
22.76 17.0546851853
22.78 16.9996522803
22.8 16.93252661
22.82 16.8524287085
22.84 16.7586615978
22.86 16.6507412153
22.88 16.5284225591
22.9 16.3917203583
22.92 16.2409232093
22.94 16.0766003236
22.96 15.899600308
22.98 15.7110417233
23.0 15.5122955318
23.02 15.304959917
23.04 15.090828323
23.06 14.8718518849
23.08 14.650097688
23.1 14.4277044746
23.12 14.2068375159
23.14 13.9896443532
23.16 13.7782130186
23.18 13.5745341493
23.2 13.3804681538
23.22 13.1977182736
23.24 13.0278100418
23.26 12.8720772946
23.28 12.7316545627
23.3 12.6074753713
23.32 12.5002757393
23.34 12.410601985
23.36 12.338821831
23.38 12.2851377529
23.4 12.2496015345
23.42 12.2321290618
23.44 12.2325145087
23.46 12.2504432228
23.48 12.2855027973
23.5 12.3371920106
23.52 12.404927509
23.54 12.488048294
23.56 12.585818253
23.58 12.6974271141
23.6 12.8219903279
23.62 12.9585484646
23.64 13.106066758
23.66 13.2634354366
23.68 13.4294714513
23.7 13.6029221331
23.72 13.7824712127
23.74 13.9667474958
23.76 14.1543363296
23.78 14.3437938234
23.8 14.533663612
23.82 14.7224957775
23.84 14.9088673951
23.86 15.0914040431
23.88 15.2688015252
23.9 15.4398470087
23.92 15.6034387735
23.94 15.7586038156
23.96 15.9045126256
23.98 16.0404905896
24.0 16.1660256051
24.02 16.2807716732
24.04 16.384548401
24.06 16.4773365208
24.08 16.5592696865
24.1 16.6306229434
24.12 16.6917983721
24.14 16.7433084816
24.16 16.7857579648
24.18 16.8198244388
24.2 16.8462387687
24.22 16.8657655292
24.24 16.8791840927
24.26 16.8872707569
24.28 16.8907822391
24.3 16.8904407843
24.32 16.8869210512
24.34 16.8808388713
24.36 16.8727419123
24.38 16.8631022302
24.4 16.8523106572
24.42 16.8406729467
24.44 16.828407586
24.46 16.8156451795
24.48 16.8024293112
24.5 16.788718803
24.52 16.7743912923
24.54 16.7592480697
24.56 16.74302012
24.58 16.7253753198
24.6 16.705926743
24.62 16.6842420193
24.64 16.659853678
24.66 16.6322703885
24.68 16.6009889809
24.7 16.5655070988
24.72 16.5253362969
24.74 16.4800153582
24.76 16.4291235679
24.78 16.3722936448
24.8 16.3092240052
24.82 16.2396900161
24.84 16.1635538914
24.86 16.0807728936
24.88 15.9914055359
24.9 15.8956155215
24.92 15.7936732213
24.94 15.6859545693
24.96 15.572937343
24.98 15.4551948932
25.0 15.3333874878
25.02 15.2082515272
25.04 15.0805869801
25.06 14.951243455
25.08 14.8211053822
25.1 14.6910768069
25.12 14.562066305
25.14 14.4349725112
25.16 14.3106707108
25.18 14.1900008817
25.2 14.0737574947
25.22 13.9626812886
25.24 13.8574531393
25.26 13.7586900405
25.28 13.6669431226
25.3 13.5826975449
25.32 13.5063740272
25.34 13.4383317263
25.36 13.3788721204
25.38 13.3282435444
25.4 13.2866460123
25.42 13.254235973
25.44 13.2311306761
25.46 13.2174118615
25.48 13.2131285421
25.5 13.2182987056
25.52 13.2329098313
25.54 13.2569181882
25.56 13.2902469506
25.58 13.3327832408
25.6 13.3843742752
25.62 13.4448228482
25.64 13.5138824434
25.66 13.5912523
25.68 13.6765727904
25.7 13.7694214753
25.72 13.8693101973
25.74 13.9756835514
25.76 14.0879190266
25.78 14.2053290555
25.8 14.3271651335
25.82 14.4526240812
25.84 14.5808564278
25.86 14.7109767931
25.88 14.8420760464
25.9 14.9732349288
25.92 15.1035387436
25.94 15.2320926601
25.96 15.3580371301
25.98 15.4805629033
26.0 15.5989251298
26.02 15.7124560749
26.04 15.8205760228
26.06 15.9228020195
26.08 16.0187541957
26.1 16.1081595044
26.12 16.1908528117
26.14 16.2667753743
26.16 16.3359708289
26.18 16.3985788978
26.2 16.4548270764
26.22 16.5050206163
26.24 16.549531144
26.26 16.5887842687
26.28 16.623246526
26.3 16.6534119882
26.32 16.6797888421
26.34 16.7028862021
26.36 16.7232013854
26.38 16.741207837
26.4 16.7573438549
26.42 16.7720022305
26.44 16.785520893
26.46 16.7981746244
26.48 16.8101678975
26.5 16.8216288833
26.52 16.8326046735
26.54 16.8430577689
26.56 16.8528638927
26.58 16.8618111999
26.6 16.8696009617
26.62 16.8758498151
26.64 16.8800936675
26.66 16.8817933443
26.68 16.8803420529
26.7 16.8750747135
26.72 16.8652791688
26.74 16.8502092385
26.76 16.829099524
26.78 16.8011817944
26.8 16.7657027131
26.82 16.7219425741
26.84 16.6692346429
26.86 16.6069846149
26.88 16.5346896457
26.9 16.4519563607
26.92 16.3585172316
26.94 16.2542447148
26.96 16.1391625873
26.98 16.0134539893
27.0 15.8774657859
27.02 15.7317089952
27.04 15.5768551829
27.06 15.4137288934
27.08 15.2432963577
27.1 15.0666508836
27.12 14.884995478
27.14 14.6996233735
27.16 14.5118972067
27.18 14.3232276426
27.2 14.1350522292
27.22 13.9488152205
27.24 13.7659490148
27.26 13.5878577299
27.28 13.4159032855
27.3 13.251394196
27.32 13.0955770994
27.34 12.949630881
27.36 12.8146630912
27.38 12.6917082251
27.4 12.5817273257
27.42 12.4856083059
27.44 12.4041663489
27.46 12.3381437608
27.48 12.2882086917
27.5 12.2549522338
27.52 12.2388835174
27.54 12.2404225839
27.56 12.2598909804
27.58 12.2975002165
27.6 12.3533384144
27.62 12.4273556828
27.64 12.5193489212
27.66 12.6289469195
27.68 12.7555967356
27.7 12.8985524043
27.72 13.0568670462
27.74 13.2293893948
27.76 13.4147656401
27.78 13.6114473043
27.8 13.8177056136
27.82 14.0316525342
27.84 14.2512683026
27.86 14.4744349275
27.88 14.6989747983
27.9 14.9226932133
27.92 15.1434233819
27.94 15.3590722659
27.96 15.5676655186
27.98 15.7673897855
28.0 15.9566307212
28.02 16.13400527
28.04 16.2983870299
28.06 16.4489238496
28.08 16.5850471781
28.1 16.7064730693
28.12 16.8131951096
28.14 16.9054698692
28.16 16.9837957534
28.18 17.048886337
28.2 17.1016393999
28.22 17.1431029362
28.24 17.1744393977
28.26 17.1968893553
28.28 17.2117356417
28.3 17.2202688778
28.32 17.2237551127
28.34 17.2234061274
28.36 17.2203527766
28.38 17.2156215958
28.4 17.2101147655
28.42 17.2045934319
28.44 17.1996643122
28.46 17.195769478
28.48 17.1931791995
28.5 17.1919877505
28.52 17.1921121016
28.54 17.1932934737
28.56 17.1951017703
28.58 17.1969429466
28.6 17.1980694087
28.62 17.1975935475
28.64 17.1945045065
28.66 17.1876882435
28.68 17.1759508848
28.7 17.1580452691
28.72 17.1327004557
28.74 17.0986538195
28.76 17.0546851853
28.78 16.9996522803
28.8 16.93252661
28.82 16.8524287085
28.84 16.7586615978
28.86 16.6507412154
28.88 16.5284225591
28.9 16.3917203583
28.92 16.2409232093
28.94 16.0766003236
28.96 15.899600308
28.98 15.7110417233
29.0 15.5122955318
29.02 15.304959917
29.04 15.090828323
29.06 14.8718518849
29.08 14.650097688
29.1 14.4277044747
29.12 14.2068375159
29.14 13.9896443532
29.16 13.7782130186
29.18 13.5745341492
29.2 13.3804681538
29.22 13.1977182737
29.24 13.0278100417
29.26 12.8720772946
29.28 12.7316545627
29.3 12.6074753713
29.32 12.5002757393
29.34 12.410601985
29.36 12.338821831
29.38 12.2851377529
29.4 12.2496015345
29.42 12.2321290618
29.44 12.2325145087
29.46 12.2504432228
29.48 12.2855027973
29.5 12.3371920106
29.52 12.404927509
29.54 12.488048294
29.56 12.585818253
29.58 12.6974271141
29.6 12.8219903279
29.62 12.9585484646
29.64 13.106066758
29.66 13.2634354366
29.68 13.4294714513
29.7 13.6029221331
29.72 13.7824712127
29.74 13.9667474958
29.76 14.1543363296
29.78 14.3437938234
29.8 14.533663612
29.82 14.7224957775
29.84 14.9088673951
29.86 15.0914040431
29.88 15.2688015252
29.9 15.4398470087
29.92 15.6034387735
29.94 15.7586038156
29.96 15.9045126256
29.98 16.0404905896
30.0 16.1660256052
30.02 16.2807716732
30.04 16.384548401
30.06 16.4773365208
30.08 16.5592696865
30.1 16.6306229434
30.12 16.6917983722
30.14 16.7433084816
30.16 16.7857579648
30.18 16.8198244388
30.2 16.8462387687
30.22 16.8657655292
30.24 16.8791840927
30.26 16.8872707569
30.28 16.8907822391
30.3 16.8904407843
30.32 16.8869210512
30.34 16.8808388713
30.36 16.8727419123
30.38 16.8631022302
30.4 16.8523106572
30.42 16.8406729467
30.44 16.828407586
30.46 16.8156451795
30.48 16.8024293112
30.5 16.788718803
30.52 16.7743912923
30.54 16.7592480697
30.56 16.74302012
30.58 16.7253753198
30.6 16.705926743
30.62 16.6842420193
30.64 16.659853678
30.66 16.6322703885
30.68 16.6009889809
30.7 16.5655070988
30.72 16.5253362969
30.74 16.4800153582
30.76 16.4291235679
30.78 16.3722936448
30.8 16.3092240052
30.82 16.2396900161
30.84 16.1635538914
30.86 16.0807728936
30.88 15.9914055359
30.9 15.8956155215
30.92 15.7936732213
30.94 15.6859545693
30.96 15.572937343
30.98 15.4551948933
31.0 15.3333874877
31.02 15.2082515272
31.04 15.0805869801
31.06 14.951243455
31.08 14.8211053822
31.1 14.6910768069
31.12 14.562066305
31.14 14.4349725112
31.16 14.3106707108
31.18 14.1900008817
31.2 14.0737574947
31.22 13.9626812886
31.24 13.8574531393
31.26 13.7586900405
31.28 13.6669431226
31.3 13.5826975449
31.32 13.5063740272
31.34 13.4383317263
31.36 13.3788721204
31.38 13.3282435444
31.4 13.2866460123
31.42 13.254235973
31.44 13.2311306761
31.46 13.2174118615
31.48 13.2131285421
31.5 13.2182987056
31.52 13.2329098313
31.54 13.2569181882
31.56 13.2902469506
31.58 13.3327832408
31.6 13.3843742752
31.62 13.4448228482
31.64 13.5138824434
31.66 13.5912523
31.68 13.6765727904
31.7 13.7694214753
31.72 13.8693101973
31.74 13.9756835514
31.76 14.0879190266
31.78 14.2053290555
31.8 14.3271651335
31.82 14.4526240812
31.84 14.5808564278
31.86 14.710976793
31.88 14.8420760464
31.9 14.9732349288
31.92 15.1035387436
31.94 15.2320926601
31.96 15.3580371301
31.98 15.4805629033
32.0 15.5989251297
32.02 15.7124560749
32.04 15.8205760228
32.06 15.9228020195
32.08 16.0187541957
32.1 16.1081595044
32.12 16.1908528117
32.14 16.2667753743
32.16 16.3359708289
32.18 16.3985788978
32.2 16.4548270764
32.22 16.5050206163
32.24 16.549531144
32.26 16.5887842687
32.28 16.623246526
32.3 16.6534119882
32.32 16.6797888421
32.34 16.7028862021
32.36 16.7232013854
32.38 16.741207837
32.4 16.7573438549
32.42 16.7720022305
32.44 16.785520893
32.46 16.7981746244
32.48 16.8101678975
32.5 16.8216288833
32.52 16.8326046735
32.54 16.8430577689
32.56 16.8528638927
32.58 16.8618111999
32.6 16.8696009617
32.62 16.8758498151
32.64 16.8800936675
32.66 16.8817933443
32.68 16.8803420529
32.7 16.8750747135
32.72 16.8652791688
32.74 16.8502092385
32.76 16.829099524
32.78 16.8011817944
32.8 16.7657027131
32.82 16.7219425741
32.84 16.6692346429
32.86 16.6069846149
32.88 16.5346896457
32.9 16.4519563607
32.92 16.3585172316
32.94 16.2542447148
32.96 16.1391625873
32.98 16.0134539893
33.0 15.8774657859
33.02 15.7317089952
33.04 15.5768551829
33.06 15.4137288934
33.08 15.2432963577
33.1 15.0666508836
33.12 14.884995478
33.14 14.6996233735
33.16 14.5118972067
33.18 14.3232276426
33.2 14.1350522292
33.22 13.9488152205
33.24 13.7659490148
33.26 13.5878577299
33.28 13.4159032855
33.3 13.251394196
33.32 13.0955770994
33.34 12.949630881
33.36 12.8146630912
33.38 12.6917082251
33.4 12.5817273257
33.42 12.4856083059
33.44 12.4041663489
33.46 12.3381437607
33.48 12.2882086917
33.5 12.2549522338
33.52 12.2388835174
33.54 12.2404225839
33.56 12.2598909804
33.58 12.2975002165
33.6 12.3533384144
33.62 12.4273556828
33.64 12.5193489212
33.66 12.6289469195
33.68 12.7555967356
33.7 12.8985524043
33.72 13.0568670462
33.74 13.2293893948
33.76 13.4147656401
33.78 13.6114473043
33.8 13.8177056136
33.82 14.0316525342
33.84 14.2512683025
33.86 14.4744349275
33.88 14.6989747983
33.9 14.9226932133
33.92 15.143423382
33.94 15.3590722659
33.96 15.5676655186
33.98 15.7673897855
34.0 15.9566307212
34.02 16.13400527
34.04 16.2983870299
34.06 16.4489238496
34.08 16.5850471781
34.1 16.7064730693
34.12 16.8131951095
34.14 16.9054698692
34.16 16.9837957534
34.18 17.0488863371
34.2 17.1016393999
34.22 17.1431029363
34.24 17.1744393977
34.26 17.1968893553
34.28 17.2117356417
34.3 17.2202688778
34.32 17.2237551127
34.34 17.2234061274
34.36 17.2203527766
34.38 17.2156215958
34.4 17.2101147655
34.42 17.2045934319
34.44 17.1996643122
34.46 17.195769478
34.48 17.1931791995
34.5 17.1919877505
34.52 17.1921121016
34.54 17.1932934737
34.56 17.1951017703
34.58 17.1969429466
34.6 17.1980694087
34.62 17.1975935475
34.64 17.1945045065
34.66 17.1876882435
34.68 17.1759508848
34.7 17.1580452691
34.72 17.1327004557
34.74 17.0986538195
34.76 17.0546851853
34.78 16.9996522803
34.8 16.93252661
34.82 16.8524287085
34.84 16.7586615978
34.86 16.6507412154
34.88 16.5284225591
34.9 16.3917203582
34.92 16.2409232093
34.94 16.0766003236
34.96 15.899600308
34.98 15.7110417233
35.0 15.5122955318
35.02 15.304959917
35.04 15.090828323
35.06 14.8718518849
35.08 14.650097688
35.1 14.4277044746
35.12 14.2068375159
35.14 13.9896443532
35.16 13.7782130186
35.18 13.5745341492
35.2 13.3804681538
35.22 13.1977182737
35.24 13.0278100417
35.26 12.8720772946
35.28 12.7316545627
35.3 12.6074753713
35.32 12.5002757393
35.34 12.410601985
35.36 12.338821831
35.38 12.2851377529
35.4 12.2496015345
35.42 12.2321290618
35.44 12.2325145087
35.46 12.2504432228
35.48 12.2855027973
35.5 12.3371920106
35.52 12.404927509
35.54 12.488048294
35.56 12.585818253
35.58 12.6974271141
35.6 12.8219903279
35.62 12.9585484646
35.64 13.1060667579
35.66 13.2634354366
35.68 13.4294714513
35.7 13.6029221331
35.72 13.7824712127
35.74 13.9667474958
35.76 14.1543363296
35.78 14.3437938234
35.8 14.533663612
35.82 14.7224957775
35.84 14.9088673951
35.86 15.0914040431
35.88 15.2688015252
35.9 15.4398470087
35.92 15.6034387735
35.94 15.7586038156
35.96 15.9045126256
35.98 16.0404905896
36.0 16.1660256051
36.02 16.2807716732
36.04 16.384548401
36.06 16.4773365208
36.08 16.5592696865
36.1 16.6306229434
36.12 16.6917983721
36.14 16.7433084816
36.16 16.7857579648
36.18 16.8198244388
36.2 16.8462387687
36.22 16.8657655292
36.24 16.8791840927
36.26 16.8872707569
36.28 16.8907822391
36.3 16.8904407843
36.32 16.8869210512
36.34 16.8808388713
36.36 16.8727419123
36.38 16.8631022302
36.4 16.8523106572
36.42 16.8406729467
36.44 16.828407586
36.46 16.8156451795
36.48 16.8024293112
36.5 16.788718803
36.52 16.7743912923
36.54 16.7592480697
36.56 16.74302012
36.58 16.7253753198
36.6 16.705926743
36.62 16.6842420193
36.64 16.659853678
36.66 16.6322703885
36.68 16.6009889809
36.7 16.5655070988
36.72 16.5253362969
36.74 16.4800153582
36.76 16.4291235679
36.78 16.3722936448
36.8 16.3092240052
36.82 16.2396900161
36.84 16.1635538914
36.86 16.0807728936
36.88 15.9914055359
36.9 15.8956155215
36.92 15.7936732213
36.94 15.6859545693
36.96 15.572937343
36.98 15.4551948933
37.0 15.3333874878
37.02 15.2082515272
37.04 15.0805869801
37.06 14.951243455
37.08 14.8211053822
37.1 14.6910768069
37.12 14.562066305
37.14 14.4349725112
37.16 14.3106707108
37.18 14.1900008817
37.2 14.0737574947
37.22 13.9626812886
37.24 13.8574531393
37.26 13.7586900405
37.28 13.6669431226
37.3 13.5826975449
37.32 13.5063740272
37.34 13.4383317263
37.36 13.3788721204
37.38 13.3282435443
37.4 13.2866460123
37.42 13.254235973
37.44 13.2311306761
37.46 13.2174118615
37.48 13.2131285421
37.5 13.2182987056
37.52 13.2329098313
37.54 13.2569181882
37.56 13.2902469505
37.58 13.3327832408
37.6 13.3843742752
37.62 13.4448228482
37.64 13.5138824434
37.66 13.5912523
37.68 13.6765727904
37.7 13.7694214753
37.72 13.8693101973
37.74 13.9756835514
37.76 14.0879190266
37.78 14.2053290555
37.8 14.3271651335
37.82 14.4526240812
37.84 14.5808564278
37.86 14.710976793
37.88 14.8420760464
37.9 14.9732349288
37.92 15.1035387436
37.94 15.23209266
37.96 15.3580371301
37.98 15.4805629033
38.0 15.5989251297
38.02 15.7124560749
38.04 15.8205760228
38.06 15.9228020195
38.08 16.0187541957
38.1 16.1081595044
38.12 16.1908528117
38.14 16.2667753743
38.16 16.3359708289
38.18 16.3985788978
38.2 16.4548270764
38.22 16.5050206163
38.24 16.549531144
38.26 16.5887842687
38.28 16.623246526
38.3 16.6534119882
38.32 16.6797888421
38.34 16.702886202
38.36 16.7232013854
38.38 16.741207837
38.4 16.7573438549
38.42 16.7720022305
38.44 16.785520893
38.46 16.7981746244
38.48 16.8101678975
38.5 16.8216288833
38.52 16.8326046735
38.54 16.8430577689
38.56 16.8528638927
38.58 16.8618111999
38.6 16.8696009617
38.62 16.8758498151
38.64 16.8800936675
38.66 16.8817933443
38.68 16.8803420529
38.7 16.8750747135
38.72 16.8652791688
38.74 16.8502092385
38.76 16.829099524
38.78 16.8011817944
38.8 16.7657027131
38.82 16.7219425741
38.84 16.669234643
38.86 16.6069846149
38.88 16.5346896457
38.9 16.4519563607
38.92 16.3585172316
38.94 16.2542447148
38.96 16.1391625873
38.98 16.0134539893
39.0 15.8774657859
39.02 15.7317089952
39.04 15.5768551829
39.06 15.4137288934
39.08 15.2432963577
39.1 15.0666508836
39.12 14.884995478
39.14 14.6996233735
39.16 14.5118972067
39.18 14.3232276426
39.2 14.1350522292
39.22 13.9488152205
39.24 13.7659490148
39.26 13.5878577299
39.28 13.4159032855
39.3 13.251394196
39.32 13.0955770994
39.34 12.949630881
39.36 12.8146630912
39.38 12.6917082251
39.4 12.5817273257
39.42 12.4856083059
39.44 12.4041663489
39.46 12.3381437608
39.48 12.2882086917
39.5 12.2549522338
39.52 12.2388835174
39.54 12.2404225839
39.56 12.2598909804
39.58 12.2975002165
39.6 12.3533384144
39.62 12.4273556828
39.64 12.5193489212
39.66 12.6289469195
39.68 12.7555967356
39.7 12.8985524043
39.72 13.0568670462
39.74 13.2293893948
39.76 13.4147656401
39.78 13.6114473043
39.8 13.8177056136
39.82 14.0316525342
39.84 14.2512683025
39.86 14.4744349275
39.88 14.6989747983
39.9 14.9226932133
39.92 15.1434233819
39.94 15.3590722659
39.96 15.5676655186
39.98 15.7673897855
