0.0 1.07007438264
0.02 1.22601258284
0.04 1.3684572349
0.06 1.4972866661
0.08 1.6125673804
0.1 1.71454106609
0.12 1.80360805816
0.14 1.88030793653
0.16 1.94529799576
0.18 1.99933033676
0.2 2.04322831015
0.22 2.07786298998
0.24 2.10413028232
0.26 2.12292918305
0.28 2.13514160049
0.3 2.14161405855
0.32 2.1431414997
0.34 2.14045332007
0.36 2.13420169385
0.38 2.12495218321
0.4 2.1131765837
0.42 2.09924792333
0.44 2.08343751498
0.46 2.06591395406
0.48 2.04674395486
0.5 2.02589492616
0.52 2.00323919719
0.54 1.97855981611
0.56 1.95155785205
0.58 1.92186113622
0.6 1.88903437629
0.62 1.85259056858
0.64 1.8120036155
0.66 1.7667220295
0.68 1.71618357092
0.7 1.65983062666
0.72 1.59712609158
0.74 1.52756946772
0.76 1.45071285076
0.78 1.36617643287
0.8 1.27366311987
0.82 1.17297184183
0.84 1.06400913419
0.86 0.946798583381
0.88 0.821487768341
0.9 0.688352388725
0.92 0.547797349645
0.94 0.400354670217
0.96 0.246678194222
0.98 0.087535200694
1.0 -0.0762048660452
1.02 -0.243584210447
1.04 -0.413572602558
1.06 -0.585084869357
1.08 -0.756999369725
1.1 -0.928176827147
1.12 -1.09747888973
1.14 -1.26378581306
1.16 -1.42601271612
1.18 -1.58312394098
1.2 -1.73414514741
1.22 -1.87817288887
1.24 -2.01438153855
1.26 -2.14202755799
1.28 -2.26045121835
1.3 -2.36907599091
1.32 -2.46740591377
1.34 -2.5550213131
1.36 -2.63157330624
1.38 -2.69677754186
1.4 -2.75040763681
1.42 -2.79228875386
1.44 -2.8222917293
1.46 -2.84032810828
1.48 -2.8463463805
1.5 -2.84032963277
1.52 -2.82229475179
1.54 -2.7922932218
1.56 -2.75041347239
1.58 -2.69678464322
1.6 -2.63158154915
1.62 -2.555030553
1.64 -2.46741598822
1.66 -2.36908672246
1.68 -2.26046241781
1.7 -2.1420390279
1.72 -2.01439307707
1.74 -1.87818429373
1.76 -1.73415622004
1.78 -1.5831344906
1.8 -1.4260225637
1.82 -1.26379479502
1.84 -1.0974868613
1.86 -0.928183665221
1.88 -0.757004975154
1.9 -0.585089168543
1.92 -0.41357554833
1.94 -0.243585782248
1.96 -0.0762050693176
1.98 0.0875363357759
2.0 0.246680614659
2.02 0.400358302623
2.04 0.54780210309
2.06 0.688358157907
2.08 0.821494436847
2.1 0.946806027047
2.12 1.06401722431
2.14 1.1729804482
2.16 1.27367211351
2.18 1.36618568841
2.2 1.45072224839
2.22 1.52757889474
2.24 1.59713544349
2.26 1.65983980786
2.28 1.71619249505
2.3 1.76673061932
2.32 1.81201180265
2.34 1.852598293
2.36 1.88904158547
2.38 1.92186778439
2.4 1.95156389927
2.42 1.97856522738
2.44 2.00324394156
2.46 2.02589897602
2.48 2.04674728524
2.5 2.06591654218
2.52 2.08343933994
2.54 2.09924896602
2.56 2.11317682697
2.58 2.12495161222
2.6 2.13420029674
2.62 2.14045108881
2.64 2.14313843119
2.66 2.14161015595
2.68 2.13513687471
2.7 2.12292365436
2.72 2.10412398205
2.74 2.07785596218
2.76 2.04322061322
2.78 1.9993220448
2.8 1.9452891997
2.82 1.88029874476
2.84 1.80359859668
2.86 1.71453147801
2.88 1.61255782466
2.9 1.49727731542
2.92 1.3684482729
2.94 1.2260042003
2.96 1.07006677292
2.98 0.900954697841
3.0 0.719187989073
3.02 0.525487372475
3.04 0.320768728514
3.06 0.106132689457
3.08 -0.117150280554
3.1 -0.347658792515
3.12 -0.583842718887
3.14 -0.824047809438
3.16 -1.06654179053
3.18 -1.30954095786
3.2 -1.5512362849
3.22 -1.78981813572
3.24 -2.02349878897
3.26 -2.25053213947
3.28 -2.46923013667
3.3 -2.67797573149
3.32 -2.87523232272
3.34 -3.05954990709
3.36 -3.22956833288
3.38 -3.38401822281
3.4 -3.52172026157
3.42 -3.64158362857
3.44 -3.74260439465
3.46 -3.82386468947
3.48 -3.88453338628
3.5 -3.92386894257
3.52 -3.94122488564
3.54 -3.93605824456
3.56 -3.90794101393
3.58 -3.85657449782
3.6 -3.78180613582
3.62 -3.68364816903
3.64 -3.56229727526
3.66 -3.41815410393
3.68 -3.25184148697
3.7 -3.06422000493
3.72 -2.85639956092
3.74 -2.62974566727
3.76 -2.38587928581
3.78 -2.12666928332
3.8 -1.85421686191
3.82 -1.57083168824
3.84 -1.2789998571
3.86 -0.981344259501
3.88 -0.680578356965
3.9 -0.379454760738
3.92 -0.0807103510931
3.94 0.212990080634
3.96 0.499109542751
3.98 0.775291761374
4.0 1.03940926074
4.02 1.28960477787
4.04 1.52432450145
4.06 1.74234202055
4.08 1.9427723145
4.1 2.12507557929
4.12 2.28905113783
4.14 2.43482209196
4.16 2.56281172144
4.18 2.6737129007
4.2 2.76845198021
4.22 2.84814866333
4.24 2.91407340723
4.26 2.96760379865
4.28 3.01018121642
4.3 3.04326891205
4.32 3.06831243276
4.34 3.0867030981
4.36 3.0997450346
4.38 3.10862608732
4.4 3.11439276943
4.42 3.11792928917
4.44 3.11994060724
4.46 3.12093942905
4.48 3.12123701908
4.5 3.12093773622
4.52 3.11993722058
4.54 3.11792420742
4.56 3.11438599243
4.58 3.108617618
4.6 3.09973488172
4.62 3.08669127936
4.64 3.06829897852
4.66 3.04325386929
4.68 3.01016465294
4.7 2.96758580724
4.72 2.91405410969
4.74 2.84812821393
4.76 2.76843056851
4.78 2.67369075327
4.8 2.56278910234
4.82 2.43479930168
4.84 2.28902851041
4.86 2.1250534776
4.88 1.94275112354
4.9 1.74232213889
4.92 1.52430633097
4.94 1.28958871212
4.96 1.03939567231
4.98 0.77528098893
5.0 0.499101878151
5.02 0.212985757037
5.04 -0.080711169741
5.06 -0.379451988093
5.08 -0.680571990036
5.1 -0.98133438153
5.12 -1.27898663719
5.14 -1.57081537788
5.16 -1.85419778836
5.18 -2.12664784038
5.2 -2.38585592218
5.22 -2.62972087325
5.24 -2.85637385396
5.26 -3.06419391468
5.28 -3.25181554044
5.3 -3.41812881126
5.32 -3.56227311673
5.34 -3.68362558343
5.36 -3.78178551067
5.38 -3.85655616156
5.4 -3.90792523
5.42 -3.93604520767
5.44 -3.94121471981
5.46 -3.92386170116
5.48 -3.88452905357
5.5 -3.8238631839
5.52 -3.74260557332
5.54 -3.64158729305
5.56 -3.5217261646
5.58 -3.38402607599
5.6 -3.22957781493
5.62 -3.05956067271
5.64 -2.87524401171
5.66 -2.67798797801
5.68 -2.4692425784
5.7 -2.2505444265
5.72 -2.02351059206
5.74 -1.78982915389
5.76 -1.55124625193
5.78 -1.30954964772
5.8 -1.06654902138
5.82 -0.824053446261
5.84 -0.583846674526
5.86 -0.3476610273
5.88 -0.117150800444
5.9 0.106133836047
5.92 0.32077145498
5.94 0.525491559225
5.96 0.719193489372
5.98 0.900961344
6.0 1.07007438263
6.02 1.22601258285
6.04 1.3684572349
6.06 1.4972866661
6.08 1.61256738041
6.1 1.71454106609
6.12 1.80360805816
6.14 1.88030793653
6.16 1.94529799576
6.18 1.99933033676
6.2 2.04322831015
6.22 2.07786298998
6.24 2.10413028233
6.26 2.12292918304
6.28 2.13514160049
6.3 2.14161405855
6.32 2.1431414997
6.34 2.14045332007
6.36 2.13420169385
6.38 2.12495218321
6.4 2.1131765837
6.42 2.09924792333
6.44 2.08343751498
6.46 2.06591395406
6.48 2.04674395486
6.5 2.02589492616
6.52 2.00323919719
6.54 1.97855981611
6.56 1.95155785205
6.58 1.92186113622
6.6 1.8890343763
6.62 1.85259056858
6.64 1.8120036155
6.66 1.7667220295
6.68 1.71618357093
6.7 1.65983062666
6.72 1.59712609158
6.74 1.52756946772
6.76 1.45071285076
6.78 1.36617643287
6.8 1.27366311988
6.82 1.17297184183
6.84 1.06400913419
6.86 0.946798583385
6.88 0.821487768335
6.9 0.688352388731
6.92 0.547797349639
6.94 0.400354670225
6.96 0.246678194214
6.98 0.0875352007
7.0 -0.0762048660473
7.02 -0.243584210447
7.04 -0.413572602554
7.06 -0.585084869363
7.08 -0.756999369723
7.1 -0.928176827147
7.12 -1.09747888973
7.14 -1.26378581307
7.16 -1.42601271612
7.18 -1.58312394098
7.2 -1.73414514741
7.22 -1.87817288887
7.24 -2.01438153855
7.26 -2.14202755799
7.28 -2.26045121836
7.3 -2.3690759909
7.32 -2.46740591378
7.34 -2.5550213131
7.36 -2.63157330624
7.38 -2.69677754186
7.4 -2.75040763681
7.42 -2.79228875386
7.44 -2.8222917293
7.46 -2.84032810828
7.48 -2.8463463805
7.5 -2.84032963277
7.52 -2.82229475179
7.54 -2.7922932218
7.56 -2.75041347239
7.58 -2.69678464322
7.6 -2.63158154915
7.62 -2.555030553
7.64 -2.46741598822
7.66 -2.36908672246
7.68 -2.26046241781
7.7 -2.14203902791
7.72 -2.01439307707
7.74 -1.87818429373
7.76 -1.73415622004
7.78 -1.5831344906
7.8 -1.4260225637
7.82 -1.26379479502
7.84 -1.09748686129
7.86 -0.928183665223
7.88 -0.757004975158
7.9 -0.585089168537
7.92 -0.413575548332
7.94 -0.243585782248
7.96 -0.0762050693176
7.98 0.0875363357759
8.0 0.246680614659
8.02 0.400358302623
8.04 0.547802103092
8.06 0.688358157905
8.08 0.821494436845
8.1 0.946806027047
8.12 1.06401722431
8.14 1.1729804482
8.16 1.27367211351
8.18 1.36618568841
8.2 1.45072224839
8.22 1.52757889474
8.24 1.59713544349
8.26 1.65983980786
8.28 1.71619249505
8.3 1.76673061932
8.32 1.81201180265
8.34 1.852598293
8.36 1.88904158547
8.38 1.92186778439
8.4 1.95156389926
8.42 1.97856522738
8.44 2.00324394156
8.46 2.02589897602
8.48 2.04674728524
8.5 2.06591654218
8.52 2.08343933994
8.54 2.09924896602
8.56 2.11317682697
8.58 2.12495161222
8.6 2.13420029674
8.62 2.14045108881
8.64 2.14313843119
8.66 2.14161015595
8.68 2.13513687471
8.7 2.12292365436
8.72 2.10412398205
8.74 2.07785596218
8.76 2.04322061321
8.78 1.99932204481
8.8 1.9452891997
8.82 1.88029874475
8.84 1.80359859669
8.86 1.714531478
8.88 1.61255782466
8.9 1.49727731542
8.92 1.3684482729
8.94 1.2260042003
8.96 1.07006677291
8.98 0.900954697845
9.0 0.719187989071
9.02 0.525487372477
9.04 0.320768728508
9.06 0.106132689463
9.08 -0.117150280558
9.1 -0.347658792511
9.12 -0.583842718891
9.14 -0.824047809436
9.16 -1.06654179052
9.18 -1.30954095787
9.2 -1.5512362849
9.22 -1.78981813572
9.24 -2.02349878897
9.26 -2.25053213947
9.28 -2.46923013666
9.3 -2.6779757315
9.32 -2.87523232272
9.34 -3.05954990709
9.36 -3.22956833288
9.38 -3.38401822281
9.4 -3.52172026157
9.42 -3.64158362857
9.44 -3.74260439465
9.46 -3.82386468948
9.48 -3.88453338628
9.5 -3.92386894257
9.52 -3.94122488564
9.54 -3.93605824456
9.56 -3.90794101393
9.58 -3.85657449782
9.6 -3.78180613582
9.62 -3.68364816903
9.64 -3.56229727526
9.66 -3.41815410392
9.68 -3.25184148698
9.7 -3.06422000492
9.72 -2.85639956092
9.74 -2.62974566726
9.76 -2.38587928581
9.78 -2.12666928332
9.8 -1.8542168619
9.82 -1.57083168825
9.84 -1.27899985709
9.86 -0.981344259509
9.88 -0.680578356955
9.9 -0.37945476075
9.92 -0.080710351083
9.94 0.212990080628
9.96 0.499109542755
9.98 0.775291761372
10.0 1.03940926074
10.02 1.28960477787
10.04 1.52432450144
10.06 1.74234202056
10.08 1.94277231449
10.1 2.1250755793
10.12 2.28905113783
10.14 2.43482209196
10.16 2.56281172143
10.18 2.67371290071
10.2 2.76845198021
10.22 2.84814866333
10.24 2.91407340723
10.26 2.96760379865
10.28 3.01018121642
10.3 3.04326891205
10.32 3.06831243277
10.34 3.0867030981
10.36 3.0997450346
10.38 3.10862608731
10.4 3.11439276944
10.42 3.11792928917
10.44 3.11994060724
10.46 3.12093942905
10.48 3.12123701909
10.5 3.12093773621
10.52 3.11993722058
10.54 3.11792420743
10.56 3.11438599243
10.58 3.108617618
10.6 3.09973488172
10.62 3.08669127936
10.64 3.06829897852
10.66 3.04325386929
10.68 3.01016465293
10.7 2.96758580725
10.72 2.91405410969
10.74 2.84812821394
10.76 2.76843056851
10.78 2.67369075328
10.8 2.56278910233
10.82 2.43479930168
10.84 2.28902851042
10.86 2.12505347759
10.88 1.94275112355
10.9 1.74232213888
10.92 1.52430633098
10.94 1.28958871211
10.96 1.03939567232
10.98 0.775280988919
11.0 0.499101878159
11.02 0.212985757031
11.04 -0.080711169733
11.06 -0.379451988095
11.08 -0.680571990042
11.1 -0.981334381522
11.12 -1.2789866372
11.14 -1.57081537787
11.16 -1.85419778837
11.18 -2.12664784037
11.2 -2.38585592218
11.22 -2.62972087324
11.24 -2.85637385397
11.26 -3.06419391467
11.28 -3.25181554044
11.3 -3.41812881127
11.32 -3.56227311673
11.34 -3.68362558344
11.36 -3.78178551067
11.38 -3.85655616156
11.4 -3.90792523
11.42 -3.93604520767
11.44 -3.94121471981
11.46 -3.92386170116
11.48 -3.88452905357
11.5 -3.8238631839
11.52 -3.74260557332
11.54 -3.64158729305
11.56 -3.5217261646
11.58 -3.38402607599
11.6 -3.22957781493
11.62 -3.05956067271
11.64 -2.87524401171
11.66 -2.67798797801
11.68 -2.46924257839
11.7 -2.2505444265
11.72 -2.02351059206
11.74 -1.78982915388
11.76 -1.55124625194
11.78 -1.30954964772
11.8 -1.06654902138
11.82 -0.824053446257
11.84 -0.583846674526
11.86 -0.347661027302
11.88 -0.117150800446
11.9 0.106133836051
11.92 0.320771454976
11.94 0.525491559225
11.96 0.719193489376
11.98 0.900961343996
12.0 1.07007438264
12.02 1.22601258284
12.04 1.3684572349
12.06 1.4972866661
12.08 1.61256738041
12.1 1.71454106609
12.12 1.80360805816
12.14 1.88030793653
12.16 1.94529799576
12.18 1.99933033677
12.2 2.04322831015
12.22 2.07786298998
12.24 2.10413028233
12.26 2.12292918304
12.28 2.13514160049
12.3 2.14161405855
12.32 2.1431414997
12.34 2.14045332007
12.36 2.13420169385
12.38 2.12495218321
12.4 2.11317658369
12.42 2.09924792333
12.44 2.08343751498
12.46 2.06591395406
12.48 2.04674395486
12.5 2.02589492616
12.52 2.00323919719
12.54 1.97855981611
12.56 1.95155785205
12.58 1.92186113622
12.6 1.8890343763
12.62 1.85259056857
12.64 1.8120036155
12.66 1.7667220295
12.68 1.71618357092
12.7 1.65983062666
12.72 1.59712609158
12.74 1.52756946772
12.76 1.45071285076
12.78 1.36617643288
12.8 1.27366311987
12.82 1.17297184183
12.84 1.06400913419
12.86 0.946798583383
12.88 0.821487768339
12.9 0.688352388729
12.92 0.547797349639
12.94 0.400354670223
12.96 0.246678194218
12.98 0.087535200698
13.0 -0.0762048660513
13.02 -0.243584210435
13.04 -0.413572602566
13.06 -0.585084869361
13.08 -0.756999369723
13.1 -0.928176827137
13.12 -1.09747888974
13.14 -1.26378581306
13.16 -1.42601271612
13.18 -1.58312394097
13.2 -1.73414514742
13.22 -1.87817288888
13.24 -2.01438153854
13.26 -2.142027558
13.28 -2.26045121835
13.3 -2.36907599091
13.32 -2.46740591377
13.34 -2.55502131311
13.36 -2.63157330624
13.38 -2.69677754186
13.4 -2.75040763681
13.42 -2.79228875386
13.44 -2.8222917293
13.46 -2.84032810828
13.48 -2.8463463805
13.5 -2.84032963277
13.52 -2.82229475179
13.54 -2.79229322181
13.56 -2.75041347239
13.58 -2.69678464322
13.6 -2.63158154915
13.62 -2.555030553
13.64 -2.46741598821
13.66 -2.36908672246
13.68 -2.26046241782
13.7 -2.14203902789
13.72 -2.01439307707
13.74 -1.87818429373
13.76 -1.73415622005
13.78 -1.58313449059
13.8 -1.4260225637
13.82 -1.26379479502
13.84 -1.0974868613
13.86 -0.928183665215
13.88 -0.757004975158
13.9 -0.585089168549
13.92 -0.413575548322
13.94 -0.243585782248
13.96 -0.0762050693156
13.98 0.0875363357638
14.0 0.246680614671
14.02 0.400358302621
14.04 0.547802103086
14.06 0.688358157907
14.08 0.821494436853
14.1 0.946806027043
14.12 1.0640172243
14.14 1.17298044821
14.16 1.27367211351
14.18 1.3661856884
14.2 1.45072224839
14.22 1.52757889474
14.24 1.59713544348
14.26 1.65983980786
14.28 1.71619249505
14.3 1.76673061932
14.32 1.81201180265
14.34 1.85259829299
14.36 1.88904158548
14.38 1.92186778439
14.4 1.95156389927
14.42 1.97856522738
14.44 2.00324394157
14.46 2.02589897602
14.48 2.04674728525
14.5 2.06591654218
14.52 2.08343933994
14.54 2.09924896602
14.56 2.11317682697
14.58 2.12495161222
14.6 2.13420029674
14.62 2.14045108881
14.64 2.14313843119
14.66 2.14161015595
14.68 2.13513687471
14.7 2.12292365436
14.72 2.10412398204
14.74 2.07785596218
14.76 2.04322061322
14.78 1.99932204481
14.8 1.94528919969
14.82 1.88029874476
14.84 1.80359859669
14.86 1.71453147801
14.88 1.61255782465
14.9 1.49727731543
14.92 1.3684482729
14.94 1.2260042003
14.96 1.07006677291
14.98 0.900954697847
15.0 0.719187989075
15.02 0.525487372467
15.04 0.320768728514
15.06 0.106132689463
15.08 -0.117150280552
15.1 -0.347658792523
15.12 -0.583842718879
15.14 -0.824047809442
15.16 -1.06654179053
15.18 -1.30954095786
15.2 -1.5512362849
15.22 -1.78981813572
15.24 -2.02349878897
15.26 -2.25053213947
15.28 -2.46923013667
15.3 -2.67797573149
15.32 -2.87523232272
15.34 -3.05954990709
15.36 -3.22956833288
15.38 -3.38401822281
15.4 -3.52172026156
15.42 -3.64158362857
15.44 -3.74260439465
15.46 -3.82386468947
15.48 -3.88453338628
15.5 -3.92386894257
15.52 -3.94122488564
15.54 -3.93605824455
15.56 -3.90794101394
15.58 -3.85657449782
15.6 -3.78180613581
15.62 -3.68364816904
15.64 -3.56229727525
15.66 -3.41815410393
15.68 -3.25184148697
15.7 -3.06422000493
15.72 -2.85639956092
15.74 -2.62974566727
15.76 -2.3858792858
15.78 -2.12666928333
15.8 -1.85421686191
15.82 -1.57083168823
15.84 -1.2789998571
15.86 -0.981344259497
15.88 -0.680578356969
15.9 -0.379454760734
15.92 -0.0807103510971
15.94 0.21299008064
15.96 0.499109542743
15.98 0.775291761376
16.0 1.03940926075
16.02 1.28960477786
16.04 1.52432450146
16.06 1.74234202054
16.08 1.9427723145
16.1 2.12507557929
16.12 2.28905113784
16.14 2.43482209195
16.16 2.56281172144
16.18 2.6737129007
16.2 2.76845198021
16.22 2.84814866333
16.24 2.91407340722
16.26 2.96760379865
16.28 3.01018121642
16.3 3.04326891206
16.32 3.06831243276
16.34 3.0867030981
16.36 3.0997450346
16.38 3.10862608732
16.4 3.11439276943
16.42 3.11792928917
16.44 3.11994060724
16.46 3.12093942905
16.48 3.12123701909
16.5 3.12093773622
16.52 3.11993722058
16.54 3.11792420743
16.56 3.11438599243
16.58 3.108617618
16.6 3.09973488172
16.62 3.08669127936
16.64 3.06829897852
16.66 3.04325386929
16.68 3.01016465294
16.7 2.96758580724
16.72 2.91405410969
16.74 2.84812821393
16.76 2.76843056852
16.78 2.67369075327
16.8 2.56278910234
16.82 2.43479930168
16.84 2.28902851041
16.86 2.12505347761
16.88 1.94275112353
16.9 1.7423221389
16.92 1.52430633097
16.94 1.28958871211
16.96 1.03939567232
16.98 0.775280988932
17.0 0.499101878155
17.02 0.212985757029
17.04 -0.080711169733
17.06 -0.379451988095
17.08 -0.680571990042
17.1 -0.98133438153
17.12 -1.27898663718
17.14 -1.57081537788
17.16 -1.85419778837
17.18 -2.12664784038
17.2 -2.38585592217
17.22 -2.62972087325
17.24 -2.85637385397
17.26 -3.06419391468
17.28 -3.25181554044
17.3 -3.41812881127
17.32 -3.56227311673
17.34 -3.68362558343
17.36 -3.78178551067
17.38 -3.85655616156
17.4 -3.90792523001
17.42 -3.93604520766
17.44 -3.94121471982
17.46 -3.92386170116
17.48 -3.88452905357
17.5 -3.8238631839
17.52 -3.74260557332
17.54 -3.64158729305
17.56 -3.5217261646
17.58 -3.38402607599
17.6 -3.22957781493
17.62 -3.05956067271
17.64 -2.87524401171
17.66 -2.67798797801
17.68 -2.4692425784
17.7 -2.2505444265
17.72 -2.02351059206
17.74 -1.78982915388
17.76 -1.55124625193
17.78 -1.30954964773
17.8 -1.06654902137
17.82 -0.824053446259
17.84 -0.583846674526
17.86 -0.34766102731
17.88 -0.117150800436
17.9 0.106133836047
17.92 0.320771454974
17.94 0.525491559227
17.96 0.719193489376
17.98 0.900961344
18.0 1.07007438263
18.02 1.22601258286
18.04 1.3684572349
18.06 1.4972866661
18.08 1.6125673804
18.1 1.7145410661
18.12 1.80360805816
18.14 1.88030793652
18.16 1.94529799577
18.18 1.99933033676
18.2 2.04322831015
18.22 2.07786298997
18.24 2.10413028233
18.26 2.12292918305
18.28 2.13514160049
18.3 2.14161405855
18.32 2.1431414997
18.34 2.14045332007
18.36 2.13420169385
18.38 2.12495218321
18.4 2.11317658369
18.42 2.09924792333
18.44 2.08343751498
18.46 2.06591395406
18.48 2.04674395486
18.5 2.02589492616
18.52 2.00323919719
18.54 1.97855981611
18.56 1.95155785205
18.58 1.92186113623
18.6 1.88903437629
18.62 1.85259056858
18.64 1.8120036155
18.66 1.7667220295
18.68 1.71618357092
18.7 1.65983062666
18.72 1.59712609158
18.74 1.52756946773
18.76 1.45071285076
18.78 1.36617643287
18.8 1.27366311988
18.82 1.17297184182
18.84 1.06400913419
18.86 0.946798583383
18.88 0.821487768349
18.9 0.688352388717
18.92 0.547797349643
18.94 0.400354670217
18.96 0.246678194236
18.98 0.0875352006799
19.0 -0.0762048660452
19.02 -0.243584210435
19.04 -0.413572602568
19.06 -0.585084869357
19.08 -0.756999369725
19.1 -0.928176827139
19.12 -1.09747888974
19.14 -1.26378581306
19.16 -1.42601271612
19.18 -1.58312394097
19.2 -1.73414514742
19.22 -1.87817288888
19.24 -2.01438153854
19.26 -2.142027558
19.28 -2.26045121835
19.3 -2.36907599091
19.32 -2.46740591377
19.34 -2.55502131311
19.36 -2.63157330624
19.38 -2.69677754185
19.4 -2.75040763682
19.42 -2.79228875386
19.44 -2.8222917293
19.46 -2.84032810828
19.48 -2.8463463805
19.5 -2.84032963277
19.52 -2.82229475179
19.54 -2.79229322181
19.56 -2.75041347239
19.58 -2.69678464322
19.6 -2.63158154916
19.62 -2.55503055299
19.64 -2.46741598822
19.66 -2.36908672246
19.68 -2.26046241781
19.7 -2.1420390279
19.72 -2.01439307707
19.74 -1.87818429373
19.76 -1.73415622005
19.78 -1.58313449059
19.8 -1.4260225637
19.82 -1.26379479502
19.84 -1.09748686129
19.86 -0.928183665219
19.88 -0.757004975158
19.9 -0.585089168549
19.92 -0.413575548322
19.94 -0.243585782248
19.96 -0.0762050693156
19.98 0.0875363357638
20.0 0.246680614671
20.02 0.400358302621
20.04 0.547802103082
20.06 0.688358157915
20.08 0.821494436849
20.1 0.946806027043
20.12 1.0640172243
20.14 1.17298044821
20.16 1.27367211351
20.18 1.36618568841
20.2 1.45072224838
20.22 1.52757889474
20.24 1.59713544348
20.26 1.65983980786
20.28 1.71619249505
20.3 1.76673061932
20.32 1.81201180265
20.34 1.85259829299
20.36 1.88904158547
20.38 1.92186778439
20.4 1.95156389926
20.42 1.97856522738
20.44 2.00324394156
20.46 2.02589897603
20.48 2.04674728524
20.5 2.06591654218
20.52 2.08343933994
20.54 2.09924896602
20.56 2.11317682697
20.58 2.12495161222
20.6 2.13420029674
20.62 2.14045108881
20.64 2.1431384312
20.66 2.14161015595
20.68 2.13513687471
20.7 2.12292365436
20.72 2.10412398205
20.74 2.07785596217
20.76 2.04322061323
20.78 1.9993220448
20.8 1.9452891997
20.82 1.88029874475
20.84 1.80359859669
20.86 1.71453147801
20.88 1.61255782465
20.9 1.49727731541
20.92 1.36844827291
20.94 1.2260042003
20.96 1.07006677292
20.98 0.900954697831
21.0 0.719187989095
21.02 0.525487372453
21.04 0.320768728522
21.06 0.106132689449
21.08 -0.117150280532
21.1 -0.347658792537
21.12 -0.583842718877
21.14 -0.824047809438
21.16 -1.06654179053
21.18 -1.30954095787
21.2 -1.55123628489
21.22 -1.78981813572
21.24 -2.02349878897
21.26 -2.25053213948
21.28 -2.46923013666
21.3 -2.67797573149
21.32 -2.87523232272
21.34 -3.05954990709
21.36 -3.22956833288
21.38 -3.38401822282
21.4 -3.52172026156
21.42 -3.64158362858
21.44 -3.74260439465
21.46 -3.82386468947
21.48 -3.88453338629
21.5 -3.92386894257
21.52 -3.94122488565
21.54 -3.93605824455
21.56 -3.90794101394
21.58 -3.85657449782
21.6 -3.78180613582
21.62 -3.68364816903
21.64 -3.56229727526
21.66 -3.41815410393
21.68 -3.25184148697
21.7 -3.06422000491
21.72 -2.85639956094
21.74 -2.62974566724
21.76 -2.38587928582
21.78 -2.1266692833
21.8 -1.85421686193
21.82 -1.57083168822
21.84 -1.27899985711
21.86 -0.981344259493
21.88 -0.680578356989
21.9 -0.379454760714
21.92 -0.0807103511011
21.94 0.21299008063
21.96 0.499109542749
21.98 0.775291761394
22.0 1.03940926072
22.02 1.28960477787
22.04 1.52432450145
22.06 1.74234202056
22.08 1.94277231449
22.1 2.12507557929
22.12 2.28905113783
22.14 2.43482209197
22.16 2.56281172142
22.18 2.67371290072
22.2 2.7684519802
22.22 2.84814866333
22.24 2.91407340721
22.26 2.96760379866
22.28 3.01018121641
22.3 3.04326891206
22.32 3.06831243275
22.34 3.08670309811
22.36 3.0997450346
22.38 3.10862608732
22.4 3.11439276943
22.42 3.11792928917
22.44 3.11994060724
22.46 3.12093942905
22.48 3.12123701909
22.5 3.12093773621
22.52 3.11993722059
22.54 3.11792420743
22.56 3.11438599243
22.58 3.108617618
22.6 3.09973488172
22.62 3.08669127935
22.64 3.06829897853
22.66 3.04325386928
22.68 3.01016465295
22.7 2.96758580723
22.72 2.9140541097
22.74 2.84812821392
22.76 2.76843056853
22.78 2.67369075325
22.8 2.56278910235
22.82 2.43479930168
22.84 2.28902851042
22.86 2.12505347759
22.88 1.94275112355
22.9 1.7423221389
22.92 1.52430633097
22.94 1.28958871211
22.96 1.03939567233
22.98 0.775280988926
23.0 0.499101878155
23.02 0.212985757021
23.04 -0.0807111697089
23.06 -0.379451988127
23.08 -0.68057199002
23.1 -0.981334381542
23.12 -1.27898663716
23.14 -1.5708153779
23.16 -1.85419778835
23.18 -2.12664784039
23.2 -2.38585592216
23.22 -2.62972087327
23.24 -2.85637385395
23.26 -3.06419391468
23.28 -3.25181554044
23.3 -3.41812881128
23.32 -3.56227311672
23.34 -3.68362558343
23.36 -3.78178551067
23.38 -3.85655616156
23.4 -3.90792523
23.42 -3.93604520767
23.44 -3.94121471982
23.46 -3.92386170116
23.48 -3.88452905357
23.5 -3.8238631839
23.52 -3.74260557332
23.54 -3.64158729305
23.56 -3.5217261646
23.58 -3.38402607598
23.6 -3.22957781494
23.62 -3.05956067271
23.64 -2.87524401171
23.66 -2.677987978
23.68 -2.4692425784
23.7 -2.2505444265
23.72 -2.02351059206
23.74 -1.78982915388
23.76 -1.55124625194
23.78 -1.30954964772
23.8 -1.06654902138
23.82 -0.824053446247
23.84 -0.583846674538
23.86 -0.3476610273
23.88 -0.117150800444
23.9 0.106133836055
23.92 0.320771454962
23.94 0.525491559243
23.96 0.719193489366
23.98 0.900961343996
24.0 1.07007438264
24.02 1.22601258286
24.04 1.36845723489
24.06 1.4972866661
24.08 1.6125673804
24.1 1.7145410661
24.12 1.80360805816
24.14 1.88030793653
24.16 1.94529799576
24.18 1.99933033677
24.2 2.04322831015
24.22 2.07786298998
24.24 2.10413028232
24.26 2.12292918305
24.28 2.13514160048
24.3 2.14161405855
24.32 2.1431414997
24.34 2.14045332007
24.36 2.13420169385
24.38 2.12495218321
24.4 2.11317658369
24.42 2.09924792333
24.44 2.08343751498
24.46 2.06591395406
24.48 2.04674395486
24.5 2.02589492616
24.52 2.00323919719
24.54 1.97855981611
24.56 1.95155785205
24.58 1.92186113622
24.6 1.8890343763
24.62 1.85259056857
24.64 1.8120036155
24.66 1.7667220295
24.68 1.71618357092
24.7 1.65983062666
24.72 1.59712609158
24.74 1.52756946771
24.76 1.45071285077
24.78 1.36617643287
24.8 1.27366311987
24.82 1.17297184182
24.84 1.0640091342
24.86 0.946798583381
24.88 0.821487768341
24.9 0.688352388715
24.92 0.547797349655
24.94 0.400354670217
24.96 0.246678194222
24.98 0.0875352006839
25.0 -0.0762048660352
25.02 -0.243584210447
25.04 -0.413572602556
25.06 -0.585084869359
25.08 -0.756999369735
25.1 -0.928176827135
25.12 -1.09747888973
25.14 -1.26378581306
25.16 -1.42601271612
25.18 -1.58312394098
25.2 -1.7341451474
25.22 -1.87817288887
25.24 -2.01438153855
25.26 -2.142027558
25.28 -2.26045121835
25.3 -2.36907599091
25.32 -2.46740591378
25.34 -2.55502131311
25.36 -2.63157330624
25.38 -2.69677754186
25.4 -2.75040763682
25.42 -2.79228875386
25.44 -2.8222917293
25.46 -2.84032810828
25.48 -2.8463463805
25.5 -2.84032963277
25.52 -2.82229475179
25.54 -2.79229322181
25.56 -2.75041347239
25.58 -2.69678464322
25.6 -2.63158154915
25.62 -2.55503055299
25.64 -2.46741598822
25.66 -2.36908672246
25.68 -2.26046241781
25.7 -2.1420390279
25.72 -2.01439307707
25.74 -1.87818429373
25.76 -1.73415622005
25.78 -1.5831344906
25.8 -1.42602256369
25.82 -1.26379479503
25.84 -1.09748686129
25.86 -0.928183665219
25.88 -0.75700497515
25.9 -0.585089168549
25.92 -0.41357554833
25.94 -0.243585782248
25.96 -0.0762050693055
25.98 0.0875363357618
26.0 0.246680614663
26.02 0.400358302619
26.04 0.547802103102
26.06 0.688358157897
26.08 0.821494436837
26.1 0.946806027065
26.12 1.0640172243
26.14 1.17298044821
26.16 1.2736721135
26.18 1.36618568841
26.2 1.45072224839
26.22 1.52757889472
26.24 1.59713544349
26.26 1.65983980787
26.28 1.71619249504
26.3 1.76673061932
26.32 1.81201180265
26.34 1.85259829299
26.36 1.88904158547
26.38 1.92186778438
26.4 1.95156389927
26.42 1.97856522738
26.44 2.00324394157
26.46 2.02589897602
26.48 2.04674728525
26.5 2.06591654218
26.52 2.08343933994
26.54 2.09924896602
26.56 2.11317682696
26.58 2.12495161222
26.6 2.13420029674
26.62 2.14045108881
26.64 2.14313843119
26.66 2.14161015596
26.68 2.13513687471
26.7 2.12292365436
26.72 2.10412398204
26.74 2.07785596218
26.76 2.04322061321
26.78 1.99932204481
26.8 1.94528919969
26.82 1.88029874477
26.84 1.80359859668
26.86 1.714531478
26.88 1.61255782466
26.9 1.49727731542
26.92 1.3684482729
26.94 1.22600420032
26.96 1.07006677291
26.98 0.900954697835
27.0 0.719187989081
27.02 0.525487372467
27.04 0.32076872852
27.06 0.106132689459
27.08 -0.117150280562
27.1 -0.347658792499
27.12 -0.583842718895
27.14 -0.824047809446
27.16 -1.06654179052
27.18 -1.30954095786
27.2 -1.55123628491
27.22 -1.7898181357
27.24 -2.023498789
27.26 -2.25053213945
27.28 -2.46923013667
27.3 -2.6779757315
27.32 -2.87523232271
27.34 -3.05954990709
27.36 -3.22956833289
27.38 -3.38401822281
27.4 -3.52172026157
27.42 -3.64158362858
27.44 -3.74260439465
27.46 -3.82386468948
27.48 -3.88453338628
27.5 -3.92386894257
27.52 -3.94122488564
27.54 -3.93605824456
27.56 -3.90794101393
27.58 -3.85657449781
27.6 -3.78180613583
27.62 -3.68364816903
27.64 -3.56229727525
27.66 -3.41815410395
27.68 -3.25184148695
27.7 -3.06422000494
27.72 -2.85639956092
27.74 -2.62974566726
27.76 -2.38587928582
27.78 -2.12666928332
27.8 -1.85421686189
27.82 -1.57083168827
27.84 -1.27899985708
27.86 -0.981344259489
27.88 -0.680578356977
27.9 -0.379454760726
27.92 -0.0807103511051
27.94 0.212990080616
27.96 0.499109542797
27.98 0.775291761332
28.0 1.03940926075
28.02 1.28960477788
28.04 1.52432450143
28.06 1.74234202055
28.08 1.94277231451
28.1 2.12507557927
28.12 2.28905113786
28.14 2.43482209194
28.16 2.56281172144
28.18 2.67371290071
28.2 2.76845198021
28.22 2.84814866332
28.24 2.91407340724
28.26 2.96760379863
28.28 3.01018121643
28.3 3.04326891206
28.32 3.06831243276
28.34 3.0867030981
28.36 3.0997450346
28.38 3.10862608731
28.4 3.11439276944
28.42 3.11792928917
28.44 3.11994060724
28.46 3.12093942905
28.48 3.12123701908
28.5 3.12093773622
28.52 3.11993722058
28.54 3.11792420743
28.56 3.11438599243
28.58 3.108617618
28.6 3.09973488172
28.62 3.08669127936
28.64 3.06829897853
28.66 3.0432538693
28.68 3.01016465292
28.7 2.96758580727
28.72 2.91405410969
28.74 2.84812821392
28.76 2.76843056853
28.78 2.67369075327
28.8 2.56278910233
28.82 2.4347993017
28.84 2.28902851039
28.86 2.12505347762
28.88 1.94275112353
28.9 1.74232213888
28.92 1.52430633099
28.94 1.28958871212
28.96 1.0393956723
28.98 0.775280988952
29.0 0.499101878141
29.02 0.212985757023
29.04 -0.080711169729
29.06 -0.379451988107
29.08 -0.680571990022
29.1 -0.981334381512
29.12 -1.27898663722
29.14 -1.57081537786
29.16 -1.85419778836
29.18 -2.12664784039
29.2 -2.38585592216
29.22 -2.62972087325
29.24 -2.85637385397
29.26 -3.06419391466
29.28 -3.25181554046
29.3 -3.41812881125
29.32 -3.56227311673
29.34 -3.68362558344
29.36 -3.78178551067
29.38 -3.85655616155
29.4 -3.90792523002
29.42 -3.93604520765
29.44 -3.94121471982
29.46 -3.92386170116
29.48 -3.88452905357
29.5 -3.8238631839
29.52 -3.74260557332
29.54 -3.64158729305
29.56 -3.52172616459
29.58 -3.384026076
29.6 -3.22957781493
29.62 -3.05956067271
29.64 -2.87524401171
29.66 -2.67798797801
29.68 -2.46924257839
29.7 -2.25054442651
29.72 -2.02351059205
29.74 -1.78982915389
29.76 -1.55124625193
29.78 -1.30954964771
29.8 -1.06654902139
29.82 -0.824053446269
29.84 -0.583846674506
29.86 -0.347661027314
29.88 -0.117150800442
29.9 0.106133836055
29.92 0.32077145497
29.94 0.525491559237
29.96 0.719193489362
29.98 0.90096134399
30.0 1.07007438265
30.02 1.22601258284
30.04 1.3684572349
30.06 1.49728666611
30.08 1.6125673804
30.1 1.71454106608
30.12 1.80360805818
30.14 1.88030793651
30.16 1.94529799577
30.18 1.99933033676
30.2 2.04322831015
30.22 2.07786298998
30.24 2.10413028232
30.26 2.12292918305
30.28 2.13514160049
30.3 2.14161405855
30.32 2.1431414997
30.34 2.14045332007
30.36 2.13420169385
30.38 2.12495218321
30.4 2.11317658369
30.42 2.09924792333
30.44 2.08343751498
30.46 2.06591395406
30.48 2.04674395486
30.5 2.02589492615
30.52 2.0032391972
30.54 1.97855981611
30.56 1.95155785204
30.58 1.92186113623
30.6 1.88903437629
30.62 1.85259056858
30.64 1.8120036155
30.66 1.76672202949
30.68 1.71618357093
30.7 1.65983062667
30.72 1.59712609156
30.74 1.52756946773
30.76 1.45071285076
30.78 1.36617643286
30.8 1.27366311988
30.82 1.17297184182
30.84 1.06400913421
30.86 0.946798583387
30.88 0.821487768323
30.9 0.688352388737
30.92 0.547797349641
30.94 0.400354670208
30.96 0.246678194232
30.98 0.087535200704
31.0 -0.0762048660653
31.02 -0.243584210437
31.04 -0.413572602564
31.06 -0.585084869353
31.08 -0.756999369723
31.1 -0.928176827155
31.12 -1.09747888972
31.14 -1.26378581306
31.16 -1.42601271614
31.18 -1.58312394097
31.2 -1.73414514741
31.22 -1.87817288888
31.24 -2.01438153855
31.26 -2.142027558
31.28 -2.26045121834
31.3 -2.36907599091
31.32 -2.46740591378
31.34 -2.5550213131
31.36 -2.63157330624
31.38 -2.69677754186
31.4 -2.75040763681
31.42 -2.79228875386
31.44 -2.8222917293
31.46 -2.84032810828
31.48 -2.8463463805
31.5 -2.84032963277
31.52 -2.82229475179
31.54 -2.7922932218
31.56 -2.75041347239
31.58 -2.69678464322
31.6 -2.63158154915
31.62 -2.555030553
31.64 -2.46741598822
31.66 -2.36908672245
31.68 -2.26046241782
31.7 -2.14203902789
31.72 -2.01439307708
31.74 -1.87818429373
31.76 -1.73415622004
31.78 -1.58313449061
31.8 -1.4260225637
31.82 -1.26379479501
31.84 -1.0974868613
31.86 -0.928183665231
31.88 -0.75700497514
31.9 -0.585089168549
31.92 -0.41357554832
31.94 -0.243585782258
31.96 -0.0762050693176
31.98 0.0875363357859
32.0 0.246680614639
32.02 0.400358302633
32.04 0.5478021031
32.06 0.688358157899
32.08 0.821494436843
32.1 0.946806027057
32.12 1.0640172243
32.14 1.17298044821
32.16 1.2736721135
32.18 1.36618568842
32.2 1.4507222484
32.22 1.52757889473
32.24 1.59713544349
32.26 1.65983980787
32.28 1.71619249504
32.3 1.76673061932
32.32 1.81201180266
32.34 1.85259829299
32.36 1.88904158548
32.38 1.92186778439
32.4 1.95156389927
32.42 1.97856522738
32.44 2.00324394156
32.46 2.02589897603
32.48 2.04674728525
32.5 2.06591654218
32.52 2.08343933994
32.54 2.09924896603
32.56 2.11317682696
32.58 2.12495161223
32.6 2.13420029674
32.62 2.1404510888
32.64 2.1431384312
32.66 2.14161015595
32.68 2.13513687471
32.7 2.12292365435
32.72 2.10412398205
32.74 2.07785596218
32.76 2.04322061321
32.78 1.99932204481
32.8 1.94528919969
32.82 1.88029874477
32.84 1.80359859668
32.86 1.714531478
32.88 1.61255782467
32.9 1.49727731542
32.92 1.36844827289
32.94 1.22600420031
32.96 1.07006677291
32.98 0.900954697839
33.0 0.719187989077
33.02 0.525487372471
33.04 0.320768728528
33.06 0.106132689447
33.08 -0.11715028056
33.1 -0.347658792509
33.12 -0.583842718883
33.14 -0.82404780945
33.16 -1.06654179051
33.18 -1.30954095787
33.2 -1.55123628491
33.22 -1.78981813571
33.24 -2.02349878897
33.26 -2.25053213948
33.28 -2.46923013666
33.3 -2.6779757315
33.32 -2.87523232271
33.34 -3.0595499071
33.36 -3.22956833289
33.38 -3.38401822281
33.4 -3.52172026157
33.42 -3.64158362857
33.44 -3.74260439465
33.46 -3.82386468948
33.48 -3.88453338628
33.5 -3.92386894257
33.52 -3.94122488563
33.54 -3.93605824456
33.56 -3.90794101393
33.58 -3.85657449781
33.6 -3.78180613583
33.62 -3.68364816903
33.64 -3.56229727525
33.66 -3.41815410394
33.68 -3.25184148697
33.7 -3.06422000492
33.72 -2.85639956093
33.74 -2.62974566726
33.76 -2.38587928583
33.78 -2.12666928331
33.8 -1.85421686189
33.82 -1.57083168825
33.84 -1.2789998571
33.86 -0.981344259487
33.88 -0.680578356991
33.9 -0.37945476073
33.92 -0.080710351067
33.94 0.21299008061
33.96 0.499109542767
33.98 0.77529176136
34.0 1.03940926074
34.02 1.28960477788
34.04 1.52432450142
34.06 1.74234202056
34.08 1.94277231451
34.1 2.12507557928
34.12 2.28905113783
34.14 2.43482209197
34.16 2.56281172141
34.18 2.67371290073
34.2 2.76845198019
34.22 2.84814866333
34.24 2.91407340723
34.26 2.96760379864
34.28 3.01018121642
34.3 3.04326891205
34.32 3.06831243275
34.34 3.0867030981
34.36 3.0997450346
34.38 3.10862608731
34.4 3.11439276944
34.42 3.11792928916
34.44 3.11994060724
34.46 3.12093942905
34.48 3.12123701909
34.5 3.12093773622
34.52 3.11993722058
34.54 3.11792420743
34.56 3.11438599243
34.58 3.108617618
34.6 3.09973488172
34.62 3.08669127935
34.64 3.06829897853
34.66 3.04325386929
34.68 3.01016465293
34.7 2.96758580725
34.72 2.9140541097
34.74 2.84812821392
34.76 2.76843056853
34.78 2.67369075326
34.8 2.56278910232
34.82 2.43479930169
34.84 2.2890285104
34.86 2.12505347762
34.88 1.94275112355
34.9 1.74232213885
34.92 1.52430633101
34.94 1.2895887121
34.96 1.0393956723
34.98 0.77528098894
35.0 0.499101878155
35.02 0.212985757021
35.04 -0.0807111697089
35.06 -0.379451988127
35.08 -0.68057199002
35.1 -0.981334381528
35.12 -1.2789866372
35.14 -1.57081537787
35.16 -1.85419778836
35.18 -2.1266478404
35.2 -2.38585592215
35.22 -2.62972087326
35.24 -2.85637385398
35.26 -3.06419391467
35.28 -3.25181554045
35.3 -3.41812881125
35.32 -3.56227311673
35.34 -3.68362558345
35.36 -3.78178551066
35.38 -3.85655616156
35.4 -3.90792523001
35.42 -3.93604520766
35.44 -3.94121471982
35.46 -3.92386170116
35.48 -3.88452905357
35.5 -3.8238631839
35.52 -3.74260557332
35.54 -3.64158729305
35.56 -3.5217261646
35.58 -3.38402607599
35.6 -3.22957781494
35.62 -3.0595606727
35.64 -2.87524401172
35.66 -2.677987978
35.68 -2.4692425784
35.7 -2.2505444265
35.72 -2.02351059206
35.74 -1.78982915389
35.76 -1.55124625194
35.78 -1.30954964771
35.8 -1.06654902138
35.82 -0.824053446259
35.84 -0.583846674518
35.86 -0.347661027312
35.88 -0.117150800442
35.9 0.106133836057
35.92 0.320771454958
35.94 0.525491559249
35.96 0.719193489358
35.98 0.900961344
36.0 1.07007438265
36.02 1.22601258284
36.04 1.36845723489
36.06 1.49728666612
36.08 1.61256738039
36.1 1.71454106609
36.12 1.80360805816
36.14 1.88030793653
36.16 1.94529799576
36.18 1.99933033676
36.2 2.04322831015
36.22 2.07786298998
36.24 2.10413028233
36.26 2.12292918304
36.28 2.13514160049
36.3 2.14161405854
36.32 2.1431414997
36.34 2.14045332007
36.36 2.13420169385
36.38 2.12495218321
36.4 2.11317658369
36.42 2.09924792333
36.44 2.08343751498
36.46 2.06591395406
36.48 2.04674395486
36.5 2.02589492615
36.52 2.00323919719
36.54 1.97855981611
36.56 1.95155785204
36.58 1.92186113623
36.6 1.88903437628
36.62 1.85259056859
36.64 1.8120036155
36.66 1.76672202949
36.68 1.71618357093
36.7 1.65983062666
36.72 1.59712609157
36.74 1.52756946773
36.76 1.45071285077
36.78 1.36617643286
36.8 1.27366311988
36.82 1.17297184182
36.84 1.0640091342
36.86 0.946798583383
36.88 0.821487768333
36.9 0.688352388733
36.92 0.547797349653
36.94 0.400354670198
36.96 0.246678194234
36.98 0.0875352006919
37.0 -0.0762048660573
37.02 -0.243584210433
37.04 -0.41357260257
37.06 -0.585084869345
37.08 -0.756999369719
37.1 -0.928176827163
37.12 -1.09747888972
37.14 -1.26378581306
37.16 -1.42601271613
37.18 -1.58312394097
37.2 -1.73414514741
37.22 -1.87817288889
37.24 -2.01438153855
37.26 -2.142027558
37.28 -2.26045121835
37.3 -2.36907599091
37.32 -2.46740591378
37.34 -2.5550213131
37.36 -2.63157330624
37.38 -2.69677754186
37.4 -2.75040763681
37.42 -2.79228875386
37.44 -2.8222917293
37.46 -2.84032810828
37.48 -2.8463463805
37.5 -2.84032963277
37.52 -2.82229475179
37.54 -2.7922932218
37.56 -2.75041347239
37.58 -2.69678464322
37.6 -2.63158154915
37.62 -2.555030553
37.64 -2.46741598822
37.66 -2.36908672245
37.68 -2.26046241782
37.7 -2.1420390279
37.72 -2.01439307707
37.74 -1.87818429374
37.76 -1.73415622004
37.78 -1.58313449061
37.8 -1.42602256371
37.82 -1.263794795
37.84 -1.0974868613
37.86 -0.928183665223
37.88 -0.757004975146
37.9 -0.585089168551
37.92 -0.41357554832
37.94 -0.243585782268
37.96 -0.0762050693075
37.98 0.0875363357859
38.0 0.246680614649
38.02 0.400358302621
38.04 0.547802103102
38.06 0.688358157899
38.08 0.821494436835
38.1 0.946806027063
38.12 1.06401722431
38.14 1.1729804482
38.16 1.27367211351
38.18 1.36618568841
38.2 1.4507222484
38.22 1.52757889472
38.24 1.5971354435
38.26 1.65983980787
38.28 1.71619249504
38.3 1.76673061932
38.32 1.81201180266
38.34 1.85259829298
38.36 1.88904158548
38.38 1.92186778438
38.4 1.95156389927
38.42 1.97856522739
38.44 2.00324394155
38.46 2.02589897603
38.48 2.04674728524
38.5 2.06591654218
38.52 2.08343933994
38.54 2.09924896602
38.56 2.11317682697
38.58 2.12495161222
38.6 2.13420029674
38.62 2.14045108881
38.64 2.14313843119
38.66 2.14161015596
38.68 2.13513687471
38.7 2.12292365435
38.72 2.10412398205
38.74 2.07785596217
38.76 2.04322061322
38.78 1.99932204481
38.8 1.94528919971
38.82 1.88029874475
38.84 1.80359859669
38.86 1.71453147801
38.88 1.61255782466
38.9 1.49727731542
38.92 1.3684482729
38.94 1.22600420032
38.96 1.07006677291
38.98 0.900954697831
39.0 0.719187989085
39.02 0.525487372475
39.04 0.320768728498
39.06 0.106132689473
39.08 -0.117150280566
39.1 -0.347658792497
39.12 -0.583842718893
39.14 -0.824047809448
39.16 -1.06654179052
39.18 -1.30954095786
39.2 -1.55123628491
39.22 -1.78981813572
39.24 -2.02349878896
39.26 -2.25053213948
39.28 -2.46923013666
39.3 -2.6779757315
39.32 -2.87523232272
39.34 -3.05954990709
39.36 -3.22956833289
39.38 -3.3840182228
39.4 -3.52172026157
39.42 -3.64158362857
39.44 -3.74260439465
39.46 -3.82386468948
39.48 -3.88453338628
39.5 -3.92386894257
39.52 -3.94122488563
39.54 -3.93605824456
39.56 -3.90794101392
39.58 -3.85657449782
39.6 -3.78180613582
39.62 -3.68364816904
39.64 -3.56229727524
39.66 -3.41815410395
39.68 -3.25184148696
39.7 -3.06422000492
39.72 -2.85639956093
39.74 -2.62974566725
39.76 -2.38587928582
39.78 -2.12666928332
39.8 -1.85421686189
39.82 -1.57083168827
39.84 -1.27899985708
39.86 -0.981344259491
39.88 -0.680578356973
39.9 -0.379454760744
39.92 -0.080710351073
39.94 0.212990080616
39.96 0.499109542763
39.98 0.775291761352
