0.0 0.230415812607
0.02 0.200198018521
0.04 0.170378741455
0.06 0.141376063469
0.08 0.113577179525
0.1 0.0873400031995
0.12 0.0629924477952
0.14 0.0408302475054
0.16 0.0211139699728
0.18 0.00406572908327
0.2 -0.0101339914412
0.22 -0.0213490640181
0.24 -0.0294897096587
0.26 -0.0345135248519
0.28 -0.0364253627397
0.3 -0.0352759462227
0.32 -0.0311591561753
0.34 -0.0242080119192
0.36 -0.0145894412646
0.38 -0.00249802001268
0.4 0.0118510604063
0.42 0.0282294702728
0.44 0.0464032871592
0.46 0.0661402080633
0.48 0.0872160316003
0.5 0.109420051101
0.52 0.13255906813
0.54 0.156459830805
0.56 0.180969814853
0.58 0.205956386941
0.6 0.231304508494
0.62 0.256913242848
0.64 0.28269141
0.66 0.308552785069
0.68 0.334411255617
0.7 0.360176339274
0.72 0.38574942008
0.74 0.411020994461
0.76 0.435869132751
0.78 0.460159266517
0.8 0.483745312602
0.82 0.506472048123
0.84 0.5281785623
0.86 0.548702535885
0.88 0.567885041932
0.9 0.585575526557
0.92 0.601636619545
0.94 0.615948444801
0.96 0.628412151564
0.98 0.638952468366
1.0 0.647519188111
1.02 0.654087616167
1.04 0.658658140182
1.06 0.661255193066
1.08 0.661925960136
1.1 0.660739209096
1.12 0.657784585475
1.14 0.653172612845
1.16 0.647035476522
1.18 0.639528473946
1.2 0.630831817682
1.22 0.62115231469
1.24 0.610724352258
1.26 0.599809618156
1.28 0.588695075234
1.3 0.577688884379
1.32 0.567114194889
1.34 0.55730095974
1.36 0.548576146626
1.38 0.541252875395
1.4 0.535619102015
1.42 0.531926488707
1.44 0.530380060548
1.46 0.531129170125
1.48 0.534260194402
1.5 0.53979128882
1.52 0.54766943271
1.54 0.557769919938
1.56 0.569898373894
1.58 0.583795288664
1.6 0.599143008869
1.62 0.615574954071
1.64 0.632686770639
1.66 0.650048963449
1.68 0.667220437498
1.7 0.683762286673
1.72 0.699251123246
1.74 0.713291263419
1.76 0.725525175884
1.78 0.735641755188
1.8 0.743382179637
1.82 0.748543326406
1.84 0.750978913255
1.86 0.750598689089
1.88 0.747366087297
1.9 0.741294779944
1.92 0.732444535451
1.94 0.720916702898
1.96 0.706849544582
1.98 0.690413535592
2.0 0.67180666304
2.02 0.651249698471
2.04 0.62898138977
2.06 0.605253521569
2.08 0.580325819913
2.1 0.554460719921
2.12 0.527918065619
2.14 0.500949861396
2.16 0.473795238288
2.18 0.446675830461
2.2 0.419791774783
2.22 0.393318546915
2.24 0.367404829925
2.26 0.342171575891
2.28 0.317712368313
2.3 0.294095125369
2.32 0.271365104796
2.34 0.249549085082
2.36 0.228660511437
2.38 0.208705315564
2.4 0.18968805384
2.42 0.171617966082
2.44 0.154514542944
2.46 0.138412207486
2.48 0.123363766163
2.5 0.10944236327
2.52 0.0967417744257
2.54 0.085374989819
2.56 0.0754711560827
2.58 0.0671710558857
2.6 0.0606213970931
2.62 0.0559682511273
2.64 0.0533500189712
2.66 0.0528903120876
2.68 0.0546911166673
2.7 0.0588265677177
2.72 0.0653376006414
2.74 0.0742276786346
2.76 0.0854597206107
2.78 0.0989542810912
2.8 0.11458896383
2.82 0.132198985488
2.84 0.151578743825
2.86 0.172484182511
2.88 0.194635676669
2.9 0.217721080781
2.92 0.241398471799
2.94 0.265297968236
2.96 0.28902178516
2.98 0.312141356143
3.0 0.334189852935
3.02 0.354647653616
3.04 0.372917062137
3.06 0.388280522601
3.08 0.399833056276
3.1 0.406373421618
3.12 0.406227010094
3.14 0.396951335003
3.16 0.374830037424
3.18 0.33396474989
3.2 0.264551707336
3.22 0.149372612586
3.24 -2.12021416192
3.26 -22.4264088922
3.28 -3.18119551333
3.3 -5.94876106731
3.32 -13.7721926472
3.34 nan
3.36 nan
3.38 nan
3.4 nan
3.42 nan
3.44 nan
3.46 nan
3.48 nan
3.5 nan
3.52 nan
3.54 nan
3.56 nan
3.58 nan
3.6 nan
3.62 nan
3.64 nan
3.66 nan
3.68 nan
3.7 nan
3.72 nan
3.74 -37.1236760089
3.76 -3.72089507762
3.78 -1.54229645473
3.8 -0.860338773697
3.82 -0.52617800681
3.84 -0.35445790687
3.86 -0.268688837963
3.88 -0.232498113385
3.9 -0.226805141844
3.92 -0.240833719954
3.94 -0.268119679877
3.96 -0.304571667898
3.98 -0.347463133607
4.0 -0.394880661074
4.02 -0.445410206204
4.04 -0.497953678832
4.06 -0.551619817407
4.08 -0.605658726218
4.1 -0.65942265477
4.12 -0.71234277147
4.14 -0.763915726192
4.16 -0.813696147799
4.18 -0.861292627648
4.2 -0.906365599959
4.22 -0.948626069127
4.24 -0.987834481947
4.26 -1.02379927707
4.28 -1.0563748105
4.3 -1.08545848387
4.32 -1.11098700771
4.34 -1.1329318242
4.36 -1.15129379668
4.38 -1.16609734678
4.4 -1.17738428153
4.42 -1.18520759918
4.44 -1.18962558917
4.46 -1.19069654625
4.48 -1.18847439873
4.5 -1.18300550754
4.52 -1.17432682868
4.54 -1.16246555159
4.56 -1.14744023807
4.58 -1.12926339652
4.6 -1.10794534434
4.62 -1.08349914274
4.64 -1.05594633857
4.66 -1.02532322059
4.68 -0.99168729311
4.7 -0.955123686999
4.72 -0.915751264522
4.74 -0.87372822729
4.76 -0.829257102756
4.78 -0.782589064236
4.8 -0.734027633795
4.82 -0.683931934313
4.84 -0.632719810174
4.86 -0.5808713514
4.88 -0.528933676309
4.9 -0.477528325855
4.92 -0.427363422
4.94 -0.379254057349
4.96 -0.334156597878
4.98 -0.293226407148
5.0 -0.257915312047
5.02 -0.23013769684
5.04 -0.212558305057
5.06 -0.209103822283
5.08 -0.225905670329
5.1 -0.27312486374
5.12 -0.368723428554
5.14 -0.546971922428
5.16 -0.88006996644
5.18 -1.54326013314
5.2 -3.79957506679
5.22 -42.5747509764
5.24 nan
5.26 nan
5.28 nan
5.3 nan
5.32 nan
5.34 nan
5.36 nan
5.38 nan
5.4 nan
5.42 nan
5.44 nan
5.46 nan
5.48 nan
5.5 nan
5.52 nan
5.54 nan
5.56 nan
5.58 nan
5.6 nan
5.62 nan
5.64 -13.7531197505
5.66 -6.11215230318
5.68 -3.38724195176
5.7 -18.9467924351
5.72 -1.70905598572
5.74 0.187296514826
5.76 0.300676847263
5.78 0.365294483734
5.8 0.399477795154
5.82 0.413732061986
5.84 0.414432427356
5.86 0.405636358348
5.88 0.390038530497
5.9 0.369503355781
5.92 0.345375851786
5.94 0.31866973491
5.96 0.290184265175
5.98 0.260578034989
6.0 0.230415812607
6.02 0.20019801852
6.04 0.170378741456
6.06 0.141376063469
6.08 0.113577179525
6.1 0.0873400031981
6.12 0.0629924477957
6.14 0.0408302475047
6.16 0.0211139699742
6.18 0.00406572908247
6.2 -0.0101339914422
6.22 -0.0213490640168
6.24 -0.0294897096586
6.26 -0.0345135248522
6.28 -0.0364253627402
6.3 -0.0352759462224
6.32 -0.0311591561753
6.34 -0.0242080119192
6.36 -0.0145894412649
6.38 -0.00249802001216
6.4 0.011851060406
6.42 0.0282294702727
6.44 0.046403287159
6.46 0.0661402080636
6.48 0.0872160316001
6.5 0.109420051101
6.52 0.132559068129
6.54 0.156459830805
6.56 0.180969814853
6.58 0.205956386941
6.6 0.231304508494
6.62 0.256913242848
6.64 0.28269141
6.66 0.308552785068
6.68 0.334411255617
6.7 0.360176339273
6.72 0.385749420081
6.74 0.41102099446
6.76 0.435869132752
6.78 0.460159266516
6.8 0.483745312603
6.82 0.506472048124
6.84 0.528178562298
6.86 0.548702535888
6.88 0.56788504193
6.9 0.585575526557
6.92 0.601636619544
6.94 0.615948444802
6.96 0.628412151563
6.98 0.638952468367
7.0 0.64751918811
7.02 0.654087616169
7.04 0.658658140181
7.06 0.661255193064
7.08 0.661925960139
7.1 0.660739209095
7.12 0.657784585474
7.14 0.653172612845
7.16 0.647035476522
7.18 0.639528473946
7.2 0.630831817682
7.22 0.62115231469
7.24 0.610724352259
7.26 0.599809618156
7.28 0.588695075233
7.3 0.57768888438
7.32 0.567114194889
7.34 0.557300959738
7.36 0.548576146628
7.38 0.541252875397
7.4 0.535619102012
7.42 0.531926488709
7.44 0.530380060548
7.46 0.531129170125
7.48 0.534260194402
7.5 0.53979128882
7.52 0.547669432709
7.54 0.557769919939
7.56 0.569898373894
7.58 0.583795288664
7.6 0.59914300887
7.62 0.615574954069
7.64 0.632686770641
7.66 0.650048963448
7.68 0.667220437498
7.7 0.683762286671
7.72 0.699251123248
7.74 0.713291263419
7.76 0.725525175883
7.78 0.735641755189
7.8 0.743382179636
7.82 0.748543326407
7.84 0.750978913255
7.86 0.750598689089
7.88 0.747366087296
7.9 0.741294779945
7.92 0.73244453545
7.94 0.720916702898
7.96 0.706849544583
7.98 0.690413535592
8.0 0.67180666304
8.02 0.651249698471
8.04 0.628981389772
8.06 0.605253521567
8.08 0.580325819913
8.1 0.554460719922
8.12 0.52791806562
8.14 0.500949861395
8.16 0.473795238288
8.18 0.446675830462
8.2 0.419791774782
8.22 0.393318546915
8.24 0.367404829925
8.26 0.342171575891
8.28 0.317712368313
8.3 0.294095125369
8.32 0.271365104796
8.34 0.249549085083
8.36 0.228660511436
8.38 0.208705315564
8.4 0.18968805384
8.42 0.171617966082
8.44 0.154514542943
8.46 0.138412207486
8.48 0.123363766163
8.5 0.109442363271
8.52 0.0967417744245
8.54 0.0853749898195
8.56 0.0754711560829
8.58 0.0671710558855
8.6 0.0606213970929
8.62 0.0559682511274
8.64 0.0533500189714
8.66 0.0528903120875
8.68 0.0546911166679
8.7 0.0588265677167
8.72 0.0653376006417
8.74 0.0742276786359
8.76 0.0854597206081
8.78 0.0989542810931
8.8 0.114588963829
8.82 0.132198985489
8.84 0.151578743824
8.86 0.172484182511
8.88 0.19463567667
8.9 0.217721080781
8.92 0.241398471796
8.94 0.265297968239
8.96 0.289021785157
8.98 0.312141356145
9.0 0.334189852935
9.02 0.354647653615
9.04 0.372917062138
9.06 0.3882805226
9.08 0.399833056276
9.1 0.406373421618
9.12 0.406227010095
9.14 0.396951335002
9.16 0.374830037425
9.18 0.333964749891
9.2 0.264551707336
9.22 0.149372612588
9.24 -2.12021416193
9.26 -22.4264088922
9.28 -3.18119551333
9.3 -5.94876106731
9.32 -13.7721926472
9.34 nan
9.36 nan
9.38 nan
9.4 nan
9.42 nan
9.44 nan
9.46 nan
9.48 nan
9.5 nan
9.52 nan
9.54 nan
9.56 nan
9.58 nan
9.6 nan
9.62 nan
9.64 nan
9.66 nan
9.68 nan
9.7 nan
9.72 nan
9.74 -37.1236760089
9.76 -3.72089507762
9.78 -1.54229645473
9.8 -0.8603387737
9.82 -0.526178006807
9.84 -0.354457906872
9.86 -0.268688837961
9.88 -0.232498113387
9.9 -0.226805141843
9.92 -0.240833719955
9.94 -0.268119679875
9.96 -0.304571667899
9.98 -0.347463133606
10.0 -0.394880661074
10.02 -0.445410206205
10.04 -0.497953678831
10.06 -0.551619817408
10.08 -0.605658726217
10.1 -0.659422654771
10.12 -0.71234277147
10.14 -0.763915726192
10.16 -0.813696147799
10.18 -0.861292627648
10.2 -0.906365599959
10.22 -0.948626069127
10.24 -0.987834481947
10.26 -1.02379927707
10.28 -1.0563748105
10.3 -1.08545848387
10.32 -1.11098700771
10.34 -1.1329318242
10.36 -1.15129379668
10.38 -1.16609734678
10.4 -1.17738428153
10.42 -1.18520759918
10.44 -1.18962558917
10.46 -1.19069654625
10.48 -1.18847439873
10.5 -1.18300550754
10.52 -1.17432682868
10.54 -1.16246555159
10.56 -1.14744023807
10.58 -1.12926339652
10.6 -1.10794534434
10.62 -1.08349914274
10.64 -1.05594633857
10.66 -1.02532322059
10.68 -0.99168729311
10.7 -0.955123686999
10.72 -0.915751264522
10.74 -0.87372822729
10.76 -0.829257102755
10.78 -0.782589064236
10.8 -0.734027633796
10.82 -0.683931934313
10.84 -0.632719810175
10.86 -0.580871351399
10.88 -0.52893367631
10.9 -0.477528325853
10.92 -0.427363422002
10.94 -0.379254057347
10.96 -0.33415659788
10.98 -0.293226407145
11.0 -0.25791531205
11.02 -0.230137696838
11.04 -0.212558305058
11.06 -0.209103822282
11.08 -0.225905670329
11.1 -0.27312486374
11.12 -0.368723428552
11.14 -0.546971922431
11.16 -0.880069966439
11.18 -1.54326013314
11.2 -3.79957506676
11.22 -42.5747509765
11.24 nan
11.26 nan
11.28 nan
11.3 nan
11.32 nan
11.34 nan
11.36 nan
11.38 nan
11.4 nan
11.42 nan
11.44 nan
11.46 nan
11.48 nan
11.5 nan
11.52 nan
11.54 nan
11.56 nan
11.58 nan
11.6 nan
11.62 nan
11.64 -13.7531197505
11.66 -6.11215230317
11.68 -3.38724195175
11.7 -18.9467924351
11.72 -1.7090559857
11.74 0.187296514825
11.76 0.300676847264
11.78 0.365294483733
11.8 0.399477795158
11.82 0.413732061982
11.84 0.414432427357
11.86 0.405636358347
11.88 0.390038530499
11.9 0.36950335578
11.92 0.345375851787
11.94 0.318669734909
11.96 0.290184265174
11.98 0.26057803499
12.0 0.230415812604
12.02 0.200198018523
12.04 0.170378741454
12.06 0.141376063472
12.08 0.113577179524
12.1 0.0873400031991
12.12 0.0629924477955
12.14 0.0408302475053
12.16 0.0211139699732
12.18 0.00406572908423
12.2 -0.0101339914434
12.22 -0.0213490640173
12.24 -0.0294897096574
12.26 -0.0345135248534
12.28 -0.0364253627394
12.3 -0.0352759462227
12.32 -0.0311591561753
12.34 -0.0242080119184
12.36 -0.0145894412656
12.38 -0.00249802001229
12.4 0.011851060406
12.42 0.0282294702733
12.44 0.0464032871585
12.46 0.0661402080645
12.48 0.0872160315991
12.5 0.109420051101
12.52 0.132559068129
12.54 0.156459830805
12.56 0.180969814854
12.58 0.205956386939
12.6 0.231304508494
12.62 0.256913242848
12.64 0.28269141
12.66 0.308552785069
12.68 0.334411255618
12.7 0.360176339273
12.72 0.385749420081
12.74 0.411020994461
12.76 0.435869132751
12.78 0.460159266517
12.8 0.4837453126
12.82 0.506472048124
12.84 0.528178562299
12.86 0.548702535886
12.88 0.567885041932
12.9 0.585575526557
12.92 0.601636619546
12.94 0.6159484448
12.96 0.628412151563
12.98 0.638952468368
13.0 0.647519188109
13.02 0.654087616171
13.04 0.65865814018
13.06 0.661255193064
13.08 0.661925960138
13.1 0.660739209097
13.12 0.657784585473
13.14 0.653172612845
13.16 0.647035476521
13.18 0.639528473947
13.2 0.63083181768
13.22 0.621152314692
13.24 0.610724352257
13.26 0.599809618157
13.28 0.588695075233
13.3 0.577688884377
13.32 0.567114194892
13.34 0.557300959738
13.36 0.548576146628
13.38 0.541252875395
13.4 0.535619102014
13.42 0.531926488707
13.44 0.530380060548
13.46 0.531129170125
13.48 0.534260194402
13.5 0.53979128882
13.52 0.54766943271
13.54 0.557769919939
13.56 0.569898373892
13.58 0.583795288665
13.6 0.599143008868
13.62 0.615574954073
13.64 0.632686770639
13.66 0.650048963447
13.68 0.667220437498
13.7 0.683762286674
13.72 0.699251123245
13.74 0.713291263419
13.76 0.725525175883
13.78 0.735641755189
13.8 0.743382179635
13.82 0.748543326408
13.84 0.750978913254
13.86 0.75059868909
13.88 0.747366087296
13.9 0.741294779944
13.92 0.73244453545
13.94 0.720916702899
13.96 0.706849544583
13.98 0.690413535589
14.0 0.671806663043
14.02 0.651249698469
14.04 0.62898138977
14.06 0.605253521569
14.08 0.580325819913
14.1 0.554460719923
14.12 0.527918065617
14.14 0.500949861398
14.16 0.473795238288
14.18 0.446675830461
14.2 0.419791774782
14.22 0.393318546916
14.24 0.367404829925
14.26 0.34217157589
14.28 0.317712368314
14.3 0.294095125369
14.32 0.271365104796
14.34 0.249549085081
14.36 0.228660511438
14.38 0.208705315564
14.4 0.18968805384
14.42 0.171617966081
14.44 0.154514542945
14.46 0.138412207486
14.48 0.123363766162
14.5 0.109442363271
14.52 0.096741774425
14.54 0.0853749898183
14.56 0.0754711560834
14.58 0.0671710558862
14.6 0.0606213970929
14.62 0.0559682511269
14.64 0.0533500189705
14.66 0.0528903120891
14.68 0.0546911166667
14.7 0.0588265677169
14.72 0.0653376006424
14.74 0.0742276786351
14.76 0.0854597206085
14.78 0.0989542810932
14.8 0.114588963829
14.82 0.132198985488
14.84 0.151578743825
14.86 0.17248418251
14.88 0.19463567667
14.9 0.21772108078
14.92 0.241398471799
14.94 0.265297968236
14.96 0.289021785159
14.98 0.312141356144
15.0 0.334189852934
15.02 0.354647653618
15.04 0.372917062138
15.06 0.388280522598
15.08 0.399833056275
15.1 0.406373421622
15.12 0.406227010092
15.14 0.396951335002
15.16 0.374830037427
15.18 0.333964749891
15.2 0.264551707333
15.22 0.149372612585
15.24 -2.12021416192
15.26 -22.4264088922
15.28 -3.18119551333
15.3 -5.94876106731
15.32 -13.7721926472
15.34 nan
15.36 nan
15.38 nan
15.4 nan
15.42 nan
15.44 nan
15.46 nan
15.48 nan
15.5 nan
15.52 nan
15.54 nan
15.56 nan
15.58 nan
15.6 nan
15.62 nan
15.64 nan
15.66 nan
15.68 nan
15.7 nan
15.72 nan
15.74 -37.1236760089
15.76 -3.72089507763
15.78 -1.54229645473
15.8 -0.860338773697
15.82 -0.526178006813
15.84 -0.354457906867
15.86 -0.268688837964
15.88 -0.232498113384
15.9 -0.226805141845
15.92 -0.240833719951
15.94 -0.26811967988
15.96 -0.304571667896
15.98 -0.347463133608
16.0 -0.394880661075
16.02 -0.445410206203
16.04 -0.497953678833
16.06 -0.551619817405
16.08 -0.605658726219
16.1 -0.65942265477
16.12 -0.712342771471
16.14 -0.76391572619
16.16 -0.813696147801
16.18 -0.861292627645
16.2 -0.906365599961
16.22 -0.948626069127
16.24 -0.987834481947
16.26 -1.02379927707
16.28 -1.0563748105
16.3 -1.08545848387
16.32 -1.11098700771
16.34 -1.1329318242
16.36 -1.15129379668
16.38 -1.16609734678
16.4 -1.17738428153
16.42 -1.18520759918
16.44 -1.18962558917
16.46 -1.19069654625
16.48 -1.18847439873
16.5 -1.18300550754
16.52 -1.17432682868
16.54 -1.1624655516
16.56 -1.14744023807
16.58 -1.12926339651
16.6 -1.10794534434
16.62 -1.08349914274
16.64 -1.05594633857
16.66 -1.02532322059
16.68 -0.991687293111
16.7 -0.955123686999
16.72 -0.915751264522
16.74 -0.873728227289
16.76 -0.829257102758
16.78 -0.782589064236
16.8 -0.734027633795
16.82 -0.683931934313
16.84 -0.632719810173
16.86 -0.580871351401
16.88 -0.528933676309
16.9 -0.477528325855
16.92 -0.427363422
16.94 -0.379254057348
16.96 -0.334156597877
16.98 -0.293226407149
17.0 -0.257915312048
17.02 -0.230137696838
17.04 -0.21255830506
17.06 -0.209103822281
17.08 -0.225905670329
17.1 -0.273124863738
17.12 -0.368723428557
17.14 -0.54697192243
17.16 -0.880069966437
17.18 -1.54326013314
17.2 -3.79957506677
17.22 -42.5747509765
17.24 nan
17.26 nan
17.28 nan
17.3 nan
17.32 nan
17.34 nan
17.36 nan
17.38 nan
17.4 nan
17.42 nan
17.44 nan
17.46 nan
17.48 nan
17.5 nan
17.52 nan
17.54 nan
17.56 nan
17.58 nan
17.6 nan
17.62 nan
17.64 -13.7531197505
17.66 -6.11215230319
17.68 -3.38724195175
17.7 -18.9467924351
17.72 -1.70905598571
17.74 0.187296514824
17.76 0.300676847261
17.78 0.36529448374
17.8 0.399477795151
17.82 0.413732061985
17.84 0.414432427355
17.86 0.405636358355
17.88 0.390038530491
17.9 0.369503355783
17.92 0.345375851785
17.94 0.318669734913
17.96 0.290184265173
17.98 0.260578034988
18.0 0.230415812609
18.02 0.20019801852
18.04 0.170378741455
18.06 0.14137606347
18.08 0.113577179528
18.1 0.0873400031956
18.12 0.0629924477967
18.14 0.0408302475058
18.16 0.0211139699716
18.18 0.00406572908408
18.2 -0.0101339914419
18.22 -0.0213490640174
18.24 -0.0294897096588
18.26 -0.0345135248526
18.28 -0.0364253627399
18.3 -0.0352759462202
18.32 -0.0311591561775
18.34 -0.0242080119188
18.36 -0.0145894412645
18.38 -0.0024980200129
18.4 0.0118510604059
18.42 0.0282294702735
18.44 0.046403287159
18.46 0.0661402080631
18.48 0.0872160316001
18.5 0.109420051101
18.52 0.132559068131
18.54 0.156459830803
18.56 0.180969814853
18.58 0.205956386942
18.6 0.231304508492
18.62 0.256913242849
18.64 0.282691409999
18.66 0.308552785071
18.68 0.334411255615
18.7 0.360176339274
18.72 0.38574942008
18.74 0.411020994464
18.76 0.435869132748
18.78 0.460159266517
18.8 0.483745312604
18.82 0.506472048122
18.84 0.528178562299
18.86 0.548702535886
18.88 0.567885041935
18.9 0.585575526552
18.92 0.601636619548
18.94 0.615948444799
18.96 0.628412151567
18.98 0.638952468363
19.0 0.647519188112
19.02 0.654087616169
19.04 0.658658140181
19.06 0.661255193066
19.08 0.661925960136
19.1 0.660739209096
19.12 0.657784585474
19.14 0.653172612844
19.16 0.647035476523
19.18 0.639528473947
19.2 0.63083181768
19.22 0.621152314692
19.24 0.610724352258
19.26 0.599809618156
19.28 0.588695075233
19.3 0.577688884378
19.32 0.56711419489
19.34 0.557300959738
19.36 0.548576146628
19.38 0.541252875395
19.4 0.535619102012
19.42 0.531926488709
19.44 0.530380060548
19.46 0.531129170125
19.48 0.534260194402
19.5 0.53979128882
19.52 0.54766943271
19.54 0.557769919938
19.56 0.569898373893
19.58 0.583795288665
19.6 0.599143008869
19.62 0.61557495407
19.64 0.632686770641
19.66 0.650048963449
19.68 0.667220437496
19.7 0.683762286673
19.72 0.699251123248
19.74 0.713291263418
19.76 0.725525175883
19.78 0.73564175519
19.8 0.743382179634
19.82 0.748543326408
19.84 0.750978913254
19.86 0.750598689089
19.88 0.747366087298
19.9 0.741294779943
19.92 0.73244453545
19.94 0.7209167029
19.96 0.706849544581
19.98 0.690413535591
20.0 0.671806663042
20.02 0.65124969847
20.04 0.62898138977
20.06 0.60525352157
20.08 0.580325819912
20.1 0.554460719923
20.12 0.527918065617
20.14 0.500949861398
20.16 0.473795238287
20.18 0.446675830461
20.2 0.419791774782
20.22 0.393318546916
20.24 0.367404829925
20.26 0.34217157589
20.28 0.317712368314
20.3 0.294095125369
20.32 0.271365104796
20.34 0.249549085082
20.36 0.228660511437
20.38 0.208705315566
20.4 0.189688053838
20.42 0.171617966083
20.44 0.154514542943
20.46 0.138412207488
20.48 0.123363766161
20.5 0.10944236327
20.52 0.0967417744262
20.54 0.0853749898188
20.56 0.0754711560828
20.58 0.0671710558852
20.6 0.0606213970931
20.62 0.0559682511282
20.64 0.0533500189691
20.66 0.0528903120904
20.68 0.0546911166658
20.7 0.058826567717
20.72 0.0653376006426
20.74 0.0742276786352
20.76 0.0854597206094
20.78 0.0989542810911
20.8 0.11458896383
20.82 0.13219898549
20.84 0.151578743822
20.86 0.172484182512
20.88 0.19463567667
20.9 0.217721080783
20.92 0.241398471795
20.94 0.265297968237
20.96 0.289021785159
20.98 0.312141356146
21.0 0.334189852931
21.02 0.354647653621
21.04 0.372917062134
21.06 0.388280522604
21.08 0.399833056268
21.1 0.406373421627
21.12 0.406227010088
21.14 0.396951335003
21.16 0.374830037428
21.18 0.333964749891
21.2 0.264551707335
21.22 0.149372612584
21.24 -2.12021416192
21.26 -22.4264088922
21.28 -3.18119551334
21.3 -5.94876106731
21.32 -13.7721926472
21.34 nan
21.36 nan
21.38 nan
21.4 nan
21.42 nan
21.44 nan
21.46 nan
21.48 nan
21.5 nan
21.52 nan
21.54 nan
21.56 nan
21.58 nan
21.6 nan
21.62 nan
21.64 nan
21.66 nan
21.68 nan
21.7 nan
21.72 nan
21.74 -37.1236760089
21.76 -3.7208950776
21.78 -1.54229645473
21.8 -0.860338773687
21.82 -0.52617800682
21.84 -0.354457906863
21.86 -0.268688837969
21.88 -0.232498113376
21.9 -0.226805141852
21.92 -0.240833719949
21.94 -0.268119679878
21.96 -0.304571667897
21.98 -0.347463133611
22.0 -0.39488066107
22.02 -0.445410206205
22.04 -0.497953678832
22.06 -0.55161981741
22.08 -0.605658726214
22.1 -0.659422654771
22.12 -0.71234277147
22.14 -0.763915726194
22.16 -0.813696147797
22.18 -0.86129262765
22.2 -0.906365599959
22.22 -0.948626069127
22.24 -0.987834481945
22.26 -1.02379927708
22.28 -1.0563748105
22.3 -1.08545848387
22.32 -1.11098700771
22.34 -1.1329318242
22.36 -1.15129379668
22.38 -1.16609734678
22.4 -1.17738428153
22.42 -1.18520759918
22.44 -1.18962558917
22.46 -1.19069654625
22.48 -1.18847439873
22.5 -1.18300550754
22.52 -1.17432682868
22.54 -1.1624655516
22.56 -1.14744023807
22.58 -1.12926339651
22.6 -1.10794534434
22.62 -1.08349914274
22.64 -1.05594633857
22.66 -1.02532322059
22.68 -0.991687293111
22.7 -0.955123686997
22.72 -0.915751264523
22.74 -0.873728227288
22.76 -0.829257102759
22.78 -0.782589064234
22.8 -0.734027633797
22.82 -0.683931934314
22.84 -0.632719810173
22.86 -0.580871351399
22.88 -0.528933676312
22.9 -0.477528325853
22.92 -0.427363422002
22.94 -0.379254057346
22.96 -0.334156597881
22.98 -0.293226407147
23.0 -0.257915312048
23.02 -0.230137696836
23.04 -0.212558305065
23.06 -0.209103822276
23.08 -0.225905670333
23.1 -0.273124863736
23.12 -0.368723428563
23.14 -0.546971922417
23.16 -0.880069966449
23.18 -1.54326013313
23.2 -3.79957506679
23.22 -42.5747509765
23.24 nan
23.26 nan
23.28 nan
23.3 nan
23.32 nan
23.34 nan
23.36 nan
23.38 nan
23.4 nan
23.42 nan
23.44 nan
23.46 nan
23.48 nan
23.5 nan
23.52 nan
23.54 nan
23.56 nan
23.58 nan
23.6 nan
23.62 nan
23.64 -13.7531197505
23.66 -6.11215230319
23.68 -3.38724195173
23.7 -18.9467924351
23.72 -1.70905598569
23.74 0.187296514819
23.76 0.300676847269
23.78 0.365294483735
23.8 0.399477795153
23.82 0.413732061983
23.84 0.414432427358
23.86 0.405636358349
23.88 0.390038530498
23.9 0.369503355777
23.92 0.345375851793
23.94 0.318669734903
23.96 0.29018426518
23.98 0.260578034988
24.0 0.230415812606
24.02 0.200198018518
24.04 0.170378741457
24.06 0.141376063471
24.08 0.113577179525
24.1 0.0873400031958
24.12 0.0629924477993
24.14 0.0408302475025
24.16 0.0211139699753
24.18 0.00406572908122
24.2 -0.010133991441
24.22 -0.0213490640167
24.24 -0.0294897096602
24.26 -0.0345135248516
24.28 -0.0364253627405
24.3 -0.0352759462208
24.32 -0.031159156176
24.34 -0.0242080119195
24.36 -0.0145894412643
24.38 -0.00249802001424
24.4 0.0118510604083
24.42 0.028229470273
24.44 0.0464032871573
24.46 0.066140208064
24.48 0.0872160316003
24.5 0.109420051101
24.52 0.13255906813
24.54 0.156459830803
24.56 0.180969814855
24.58 0.20595638694
24.6 0.231304508494
24.62 0.256913242847
24.64 0.282691410001
24.66 0.30855278507
24.68 0.334411255616
24.7 0.360176339275
24.72 0.38574942008
24.74 0.411020994458
24.76 0.435869132754
24.78 0.460159266516
24.8 0.483745312603
24.82 0.506472048121
24.84 0.528178562302
24.86 0.548702535886
24.88 0.567885041931
24.9 0.585575526554
24.92 0.601636619547
24.94 0.615948444802
24.96 0.628412151563
24.98 0.638952468364
25.0 0.647519188113
25.02 0.654087616167
25.04 0.658658140182
25.06 0.661255193066
25.08 0.661925960134
25.1 0.660739209098
25.12 0.657784585474
25.14 0.653172612846
25.16 0.647035476522
25.18 0.639528473945
25.2 0.630831817684
25.22 0.62115231469
25.24 0.610724352259
25.26 0.599809618154
25.28 0.588695075234
25.3 0.577688884379
25.32 0.56711419489
25.34 0.557300959739
25.36 0.548576146628
25.38 0.541252875394
25.4 0.535619102013
25.42 0.531926488709
25.44 0.530380060547
25.46 0.531129170125
25.48 0.534260194402
25.5 0.53979128882
25.52 0.54766943271
25.54 0.557769919938
25.56 0.569898373894
25.58 0.583795288663
25.6 0.599143008871
25.62 0.615574954071
25.64 0.632686770638
25.66 0.650048963449
25.68 0.667220437497
25.7 0.683762286674
25.72 0.699251123246
25.74 0.713291263418
25.76 0.725525175885
25.78 0.735641755188
25.8 0.743382179637
25.82 0.748543326407
25.84 0.750978913253
25.86 0.75059868909
25.88 0.747366087297
25.9 0.741294779944
25.92 0.732444535449
25.94 0.720916702899
25.96 0.706849544584
25.98 0.69041353559
26.0 0.67180666304
26.02 0.651249698471
26.04 0.628981389772
26.06 0.605253521568
26.08 0.58032581991
26.1 0.554460719926
26.12 0.527918065617
26.14 0.500949861398
26.16 0.473795238286
26.18 0.446675830461
26.2 0.419791774785
26.22 0.393318546911
26.24 0.367404829927
26.26 0.342171575893
26.28 0.31771236831
26.3 0.29409512537
26.32 0.271365104796
26.34 0.249549085082
26.36 0.228660511437
26.38 0.208705315562
26.4 0.189688053842
26.42 0.171617966082
26.44 0.154514542943
26.46 0.138412207485
26.48 0.123363766165
26.5 0.109442363268
26.52 0.0967417744257
26.54 0.0853749898207
26.56 0.0754711560812
26.58 0.0671710558872
26.6 0.0606213970916
26.62 0.0559682511272
26.64 0.0533500189725
26.66 0.0528903120859
26.68 0.0546911166678
26.7 0.0588265677188
26.72 0.0653376006408
26.74 0.0742276786349
26.76 0.0854597206098
26.78 0.0989542810927
26.8 0.114588963828
26.82 0.132198985487
26.84 0.151578743827
26.86 0.172484182511
26.88 0.194635676669
26.9 0.217721080781
26.92 0.241398471799
26.94 0.265297968232
26.96 0.289021785161
26.98 0.312141356148
27.0 0.334189852931
27.02 0.35464765362
27.04 0.372917062134
27.06 0.388280522599
27.08 0.399833056279
27.1 0.406373421613
27.12 0.406227010096
27.14 0.396951335008
27.16 0.37483003742
27.18 0.333964749892
27.2 0.264551707338
27.22 0.149372612578
27.24 -2.1202141619
27.26 -22.4264088922
27.28 -3.18119551332
27.3 -5.9487610673
27.32 -13.7721926472
27.34 nan
27.36 nan
27.38 nan
27.4 nan
27.42 nan
27.44 nan
27.46 nan
27.48 nan
27.5 nan
27.52 nan
27.54 nan
27.56 nan
27.58 nan
27.6 nan
27.62 nan
27.64 nan
27.66 nan
27.68 nan
27.7 nan
27.72 nan
27.74 -37.1236760089
27.76 -3.72089507761
27.78 -1.54229645473
27.8 -0.860338773703
27.82 -0.526178006798
27.84 -0.354457906876
27.86 -0.268688837966
27.88 -0.232498113382
27.9 -0.226805141847
27.92 -0.240833719951
27.94 -0.268119679873
27.96 -0.304571667908
27.98 -0.347463133598
28.0 -0.394880661077
28.02 -0.445410206207
28.04 -0.497953678829
28.06 -0.551619817406
28.08 -0.60565872622
28.1 -0.659422654767
28.12 -0.712342771473
28.14 -0.763915726191
28.16 -0.813696147799
28.18 -0.861292627648
28.2 -0.90636559996
28.22 -0.948626069126
28.24 -0.987834481948
28.26 -1.02379927707
28.28 -1.0563748105
28.3 -1.08545848387
28.32 -1.11098700771
28.34 -1.1329318242
28.36 -1.15129379668
28.38 -1.16609734678
28.4 -1.17738428153
28.42 -1.18520759918
28.44 -1.18962558917
28.46 -1.19069654625
28.48 -1.18847439873
28.5 -1.18300550754
28.52 -1.17432682868
28.54 -1.16246555159
28.56 -1.14744023807
28.58 -1.12926339651
28.6 -1.10794534434
28.62 -1.08349914274
28.64 -1.05594633857
28.66 -1.02532322059
28.68 -0.991687293108
28.7 -0.955123687
28.72 -0.915751264523
28.74 -0.873728227288
28.76 -0.829257102758
28.78 -0.782589064235
28.8 -0.734027633794
28.82 -0.683931934317
28.84 -0.632719810171
28.86 -0.580871351401
28.88 -0.52893367631
28.9 -0.477528325853
28.92 -0.427363422002
28.94 -0.37925405735
28.96 -0.334156597875
28.98 -0.293226407153
29.0 -0.257915312045
29.02 -0.230137696837
29.04 -0.212558305061
29.06 -0.209103822279
29.08 -0.225905670334
29.1 -0.273124863742
29.12 -0.368723428546
29.14 -0.546971922434
29.16 -0.880069966441
29.18 -1.54326013313
29.2 -3.79957506679
29.22 -42.5747509765
29.24 nan
29.26 nan
29.28 nan
29.3 nan
29.32 nan
29.34 nan
29.36 nan
29.38 nan
29.4 nan
29.42 nan
29.44 nan
29.46 nan
29.48 nan
29.5 nan
29.52 nan
29.54 nan
29.56 nan
29.58 nan
29.6 nan
29.62 nan
29.64 -13.7531197505
29.66 -6.11215230318
29.68 -3.38724195176
29.7 -18.9467924351
29.72 -1.70905598571
29.74 0.187296514831
29.76 0.300676847263
29.78 0.365294483731
29.8 0.399477795158
29.82 0.41373206199
29.84 0.414432427347
29.86 0.405636358355
29.88 0.390038530495
29.9 0.36950335578
29.92 0.345375851787
29.94 0.318669734908
29.96 0.290184265177
29.98 0.260578034992
30.0 0.230415812601
30.02 0.200198018523
30.04 0.170378741456
30.06 0.141376063467
30.08 0.113577179527
30.1 0.0873400032008
30.12 0.0629924477901
30.14 0.0408302475099
30.16 0.0211139699704
30.18 0.00406572908549
30.2 -0.0101339914424
30.22 -0.0213490640194
30.24 -0.029489709657
30.26 -0.0345135248514
30.28 -0.036425362742
30.3 -0.0352759462211
30.32 -0.0311591561759
30.34 -0.0242080119192
30.36 -0.0145894412649
30.38 -0.00249802001238
30.4 0.011851060406
30.42 0.0282294702746
30.44 0.046403287157
30.46 0.0661402080638
30.48 0.087216031601
30.5 0.109420051099
30.52 0.132559068131
30.54 0.156459830806
30.56 0.180969814851
30.58 0.20595638694
30.6 0.231304508494
30.62 0.256913242849
30.64 0.282691409999
30.66 0.308552785068
30.68 0.334411255617
30.7 0.360176339277
30.72 0.385749420077
30.74 0.411020994461
30.76 0.435869132753
30.78 0.460159266513
30.8 0.483745312605
30.82 0.506472048121
30.84 0.528178562302
30.86 0.548702535887
30.88 0.567885041929
30.9 0.585575526558
30.92 0.601636619545
30.94 0.615948444799
30.96 0.628412151566
30.98 0.638952468368
31.0 0.647519188107
31.02 0.65408761617
31.04 0.658658140179
31.06 0.661255193067
31.08 0.661925960136
31.1 0.660739209095
31.12 0.657784585475
31.14 0.653172612847
31.16 0.647035476518
31.18 0.63952847395
31.2 0.63083181768
31.22 0.621152314691
31.24 0.610724352258
31.26 0.599809618154
31.28 0.588695075237
31.3 0.577688884377
31.32 0.56711419489
31.34 0.557300959739
31.36 0.548576146627
31.38 0.541252875396
31.4 0.535619102014
31.42 0.531926488708
31.44 0.530380060547
31.46 0.531129170124
31.48 0.534260194404
31.5 0.539791288819
31.52 0.54766943271
31.54 0.557769919939
31.56 0.569898373895
31.58 0.583795288661
31.6 0.599143008871
31.62 0.61557495407
31.64 0.632686770639
31.66 0.65004896345
31.68 0.667220437497
31.7 0.683762286674
31.72 0.699251123244
31.74 0.71329126342
31.76 0.725525175886
31.78 0.735641755186
31.8 0.743382179637
31.82 0.748543326407
31.84 0.750978913255
31.86 0.750598689087
31.88 0.747366087299
31.9 0.741294779943
31.92 0.732444535451
31.94 0.7209167029
31.96 0.70684954458
31.98 0.690413535594
32.0 0.671806663037
32.02 0.651249698473
32.04 0.628981389771
32.06 0.605253521569
32.08 0.58032581991
32.1 0.554460719926
32.12 0.527918065615
32.14 0.500949861399
32.16 0.473795238284
32.18 0.446675830462
32.2 0.419791774786
32.22 0.393318546911
32.24 0.367404829926
32.26 0.342171575893
32.28 0.317712368311
32.3 0.294095125368
32.32 0.271365104798
32.34 0.249549085082
32.36 0.228660511437
32.38 0.208705315563
32.4 0.189688053841
32.42 0.171617966082
32.44 0.154514542941
32.46 0.138412207488
32.48 0.123363766163
32.5 0.10944236327
32.52 0.0967417744238
32.54 0.0853749898224
32.56 0.0754711560791
32.58 0.0671710558893
32.6 0.0606213970902
32.62 0.0559682511268
32.64 0.0533500189743
32.66 0.0528903120846
32.68 0.0546911166694
32.7 0.0588265677164
32.72 0.0653376006413
32.74 0.0742276786367
32.76 0.0854597206085
32.78 0.0989542810926
32.8 0.114588963828
32.82 0.132198985489
32.84 0.151578743824
32.86 0.172484182511
32.88 0.194635676668
32.9 0.217721080782
32.92 0.2413984718
32.94 0.265297968236
32.96 0.289021785156
32.98 0.31214135615
33.0 0.334189852929
33.02 0.354647653621
33.04 0.37291706213
33.06 0.388280522603
33.08 0.39983305628
33.1 0.406373421612
33.12 0.406227010096
33.14 0.396951335007
33.16 0.374830037418
33.18 0.333964749894
33.2 0.264551707339
33.22 0.149372612582
33.24 -2.12021416193
33.26 -22.4264088922
33.28 -3.18119551334
33.3 -5.9487610673
33.32 -13.7721926472
33.34 nan
33.36 nan
33.38 nan
33.4 nan
33.42 nan
33.44 nan
33.46 nan
33.48 nan
33.5 nan
33.52 nan
33.54 nan
33.56 nan
33.58 nan
33.6 nan
33.62 nan
33.64 nan
33.66 nan
33.68 nan
33.7 nan
33.72 nan
33.74 -37.1236760089
33.76 -3.72089507761
33.78 -1.54229645474
33.8 -0.860338773702
33.82 -0.526178006805
33.84 -0.354457906871
33.86 -0.268688837966
33.88 -0.232498113377
33.9 -0.226805141848
33.92 -0.240833719957
33.94 -0.268119679874
33.96 -0.304571667901
33.98 -0.347463133605
34.0 -0.394880661073
34.02 -0.445410206208
34.04 -0.497953678825
34.06 -0.551619817409
34.08 -0.605658726221
34.1 -0.659422654769
34.12 -0.71234277147
34.14 -0.763915726194
34.16 -0.813696147797
34.18 -0.861292627651
34.2 -0.906365599956
34.22 -0.948626069128
34.24 -0.987834481949
34.26 -1.02379927707
34.28 -1.0563748105
34.3 -1.08545848387
34.32 -1.11098700771
34.34 -1.1329318242
34.36 -1.15129379668
34.38 -1.16609734678
34.4 -1.17738428153
34.42 -1.18520759918
34.44 -1.18962558917
34.46 -1.19069654625
34.48 -1.18847439872
34.5 -1.18300550754
34.52 -1.17432682868
34.54 -1.1624655516
34.56 -1.14744023807
34.58 -1.12926339651
34.6 -1.10794534434
34.62 -1.08349914274
34.64 -1.05594633857
34.66 -1.02532322059
34.68 -0.99168729311
34.7 -0.955123687
34.72 -0.915751264522
34.74 -0.873728227287
34.76 -0.82925710276
34.78 -0.782589064234
34.8 -0.734027633794
34.82 -0.683931934315
34.84 -0.632719810172
34.86 -0.580871351403
34.88 -0.52893367631
34.9 -0.477528325849
34.92 -0.427363422007
34.94 -0.379254057347
34.96 -0.334156597875
34.98 -0.29322640715
35.0 -0.257915312048
35.02 -0.230137696836
35.04 -0.212558305065
35.06 -0.209103822275
35.08 -0.225905670333
35.1 -0.273124863739
35.12 -0.36872342855
35.14 -0.546971922431
35.16 -0.880069966443
35.18 -1.54326013313
35.2 -3.79957506678
35.22 -42.5747509765
35.24 nan
35.26 nan
35.28 nan
35.3 nan
35.32 nan
35.34 nan
35.36 nan
35.38 nan
35.4 nan
35.42 nan
35.44 nan
35.46 nan
35.48 nan
35.5 nan
35.52 nan
35.54 nan
35.56 nan
35.58 nan
35.6 nan
35.62 nan
35.64 -13.7531197504
35.66 -6.11215230319
35.68 -3.38724195176
35.7 -18.9467924351
35.72 -1.70905598571
35.74 0.187296514831
35.76 0.300676847268
35.78 0.365294483725
35.8 0.399477795162
35.82 0.413732061982
35.84 0.414432427353
35.86 0.405636358352
35.88 0.390038530496
35.9 0.36950335578
35.92 0.345375851791
35.94 0.318669734905
35.96 0.290184265177
35.98 0.260578034989
36.0 0.230415812604
36.02 0.200198018522
36.04 0.170378741458
36.06 0.141376063467
36.08 0.113577179525
36.1 0.0873400032008
36.12 0.0629924477918
36.14 0.0408302475087
36.16 0.0211139699694
36.18 0.00406572908739
36.2 -0.0101339914415
36.22 -0.0213490640221
36.24 -0.0294897096551
36.26 -0.0345135248536
36.28 -0.0364253627401
36.3 -0.0352759462223
36.32 -0.0311591561738
36.34 -0.0242080119219
36.36 -0.0145894412624
36.38 -0.00249802001334
36.4 0.0118510604057
36.42 0.0282294702729
36.44 0.0464032871587
36.46 0.066140208064
36.48 0.0872160316015
36.5 0.109420051099
36.52 0.132559068129
36.54 0.156459830807
36.56 0.18096981485
36.58 0.205956386943
36.6 0.231304508491
36.62 0.256913242852
36.64 0.28269141
36.66 0.308552785065
36.68 0.334411255621
36.7 0.360176339272
36.72 0.385749420079
36.74 0.411020994463
36.76 0.435869132752
36.78 0.460159266514
36.8 0.483745312602
36.82 0.506472048123
36.84 0.528178562299
36.86 0.548702535886
36.88 0.567885041931
36.9 0.585575526557
36.92 0.601636619548
36.94 0.615948444797
36.96 0.628412151565
36.98 0.638952468367
37.0 0.647519188108
37.02 0.654087616171
37.04 0.658658140179
37.06 0.661255193068
37.08 0.661925960138
37.1 0.660739209093
37.12 0.657784585476
37.14 0.653172612844
37.16 0.647035476522
37.18 0.639528473946
37.2 0.630831817684
37.22 0.621152314689
37.24 0.610724352259
37.26 0.599809618154
37.28 0.588695075235
37.3 0.577688884377
37.32 0.567114194891
37.34 0.557300959738
37.36 0.548576146629
37.38 0.541252875394
37.4 0.535619102014
37.42 0.531926488707
37.44 0.530380060548
37.46 0.531129170125
37.48 0.534260194402
37.5 0.53979128882
37.52 0.54766943271
37.54 0.557769919939
37.56 0.569898373894
37.58 0.583795288663
37.6 0.59914300887
37.62 0.615574954071
37.64 0.632686770639
37.66 0.650048963448
37.68 0.667220437499
37.7 0.683762286673
37.72 0.699251123246
37.74 0.71329126342
37.76 0.725525175884
37.78 0.735641755188
37.8 0.743382179634
37.82 0.74854332641
37.84 0.750978913254
37.86 0.750598689088
37.88 0.747366087299
37.9 0.741294779942
37.92 0.732444535452
37.94 0.720916702897
37.96 0.706849544581
37.98 0.690413535595
38.0 0.671806663038
38.02 0.651249698471
38.04 0.628981389772
38.06 0.605253521568
38.08 0.58032581991
38.1 0.554460719925
38.12 0.527918065618
38.14 0.500949861396
38.16 0.473795238288
38.18 0.446675830461
38.2 0.419791774783
38.22 0.393318546912
38.24 0.367404829927
38.26 0.342171575893
38.28 0.317712368311
38.3 0.294095125368
38.32 0.271365104799
38.34 0.249549085079
38.36 0.22866051144
38.38 0.20870531556
38.4 0.189688053841
38.42 0.171617966086
38.44 0.15451454294
38.46 0.138412207487
38.48 0.123363766164
38.5 0.10944236327
38.52 0.096741774424
38.54 0.0853749898203
38.56 0.0754711560828
38.58 0.0671710558859
38.6 0.0606213970931
38.62 0.055968251127
38.64 0.0533500189707
38.66 0.0528903120871
38.68 0.0546911166689
38.7 0.0588265677173
38.72 0.0653376006414
38.74 0.0742276786331
38.76 0.0854597206138
38.78 0.0989542810873
38.8 0.114588963831
38.82 0.132198985491
38.84 0.15157874382
38.86 0.172484182516
38.88 0.194635676664
38.9 0.217721080784
38.92 0.241398471797
38.94 0.265297968233
38.96 0.289021785162
38.98 0.312141356144
39.0 0.334189852935
39.02 0.354647653615
39.04 0.372917062138
39.06 0.3882805226
39.08 0.399833056276
39.1 0.406373421614
39.12 0.406227010097
39.14 0.396951335006
39.16 0.374830037423
39.18 0.333964749886
39.2 0.264551707345
39.22 0.149372612577
39.24 -2.12021416193
39.26 -22.4264088922
39.28 -3.18119551335
39.3 -5.94876106729
39.32 -13.7721926472
39.34 nan
39.36 nan
39.38 nan
39.4 nan
39.42 nan
39.44 nan
39.46 nan
39.48 nan
39.5 nan
39.52 nan
39.54 nan
39.56 nan
39.58 nan
39.6 nan
39.62 nan
39.64 nan
39.66 nan
39.68 nan
39.7 nan
39.72 nan
39.74 -37.1236760089
39.76 -3.72089507762
39.78 -1.54229645473
39.8 -0.860338773702
39.82 -0.5261780068
39.84 -0.354457906874
39.86 -0.268688837968
39.88 -0.23249811338
39.9 -0.226805141845
39.92 -0.240833719957
39.94 -0.268119679873
39.96 -0.304571667902
39.98 -0.347463133601
