0.0 1.03615858161
0.02 1.19125557304
0.04 1.33293626631
0.06 1.46107928439
0.08 1.57575035964
0.1 1.67718942138
0.12 1.76579415766
0.14 1.84210072839
0.16 1.90676236114
0.18 1.96052657594
0.2 2.00421176455
0.22 2.03868379916
0.24 2.06483327161
0.26 2.08355387467
0.28 2.09572233877
0.3 2.10218023817
0.32 2.1037178847
0.34 2.10106044073
0.36 2.09485630843
0.38 2.08566779142
0.4 2.07396397932
0.42 2.0601157739
0.44 2.0443929569
0.46 2.02696319237
0.48 2.00789285744
0.5 1.98714960257
0.52 1.96460655312
0.54 1.94004807461
0.56 1.91317703321
0.58 1.88362348725
0.6 1.85095474431
0.62 1.8146867088
0.64 1.77429642797
0.66 1.72923571817
0.68 1.67894571963
0.7 1.62287218768
0.72 1.56048128365
0.74 1.491275582
0.76 1.4148099651
0.78 1.3307070367
0.8 1.23867165442
0.82 1.13850416262
0.84 1.03011190527
0.86 0.913518615035
0.88 0.788871312196
0.9 0.656444405886
0.92 0.516640769026
0.94 0.369989654992
0.96 0.217141434586
0.98 0.0588592506819
1.0 -0.103992191038
1.02 -0.270460360612
1.04 -0.439520732646
1.06 -0.610094180123
1.08 -0.781065345601
1.1 -0.951301367393
1.12 -1.11967033387
1.14 -1.28505886487
1.16 -1.44638827355
1.18 -1.60262884226
1.2 -1.75281184552
1.22 -1.89603906835
1.24 -2.03148968936
1.26 -2.15842452127
1.28 -2.27618771852
1.3 -2.38420616725
1.32 -2.48198686325
1.34 -2.56911265378
1.36 -2.64523676861
1.38 -2.71007659265
1.4 -2.76340713734
1.42 -2.80505465249
1.44 -2.83489078526
1.46 -2.85282764208
1.48 -2.85881404442
1.5 -2.85283319388
1.52 -2.8349018789
1.54 -2.80507126785
1.56 -2.76342924365
1.58 -2.71010414783
1.6 -2.64526971842
1.62 -2.56915093081
1.64 -2.48203038584
1.66 -2.38425483832
1.68 -2.2762414244
1.7 -2.15848313058
1.72 -2.03155305196
1.74 -1.8961070145
1.76 -1.75288418515
1.78 -1.60270536457
1.8 -1.44646874684
1.82 -1.28514303666
1.84 -1.11975793143
1.86 -0.951392098473
1.88 -0.781158899636
1.9 -0.610190229664
1.92 -0.439618935106
1.94 -0.270560360319
1.96 -0.104093621455
1.98 0.0587567645188
2.0 0.217038273529
2.02 0.369886203166
2.04 0.516537411188
2.06 0.656341524877
2.08 0.788769286416
2.1 0.913417816136
2.12 1.03001269598
2.14 1.13840689488
2.16 1.23857666764
2.18 1.33061465643
2.2 1.41472050185
2.22 1.49118933049
2.24 1.56039852218
2.26 1.62279317791
2.28 1.67887070648
2.3 1.72916492996
2.32 1.77423007678
2.34 1.81462499093
2.36 1.85089784082
2.38 1.88357156456
2.4 1.91313024374
2.42 1.94000655732
2.44 1.96457043403
2.46 1.98711899516
2.48 2.0078678629
2.5 2.02694389965
2.52 2.0443794426
2.54 2.06010810195
2.56 2.07396220045
2.58 2.08567194232
2.6 2.09486641085
2.62 2.10107650025
2.64 2.10373988938
2.66 2.10220815705
2.68 2.09575612025
2.7 2.08359344482
2.72 2.06487853252
2.74 2.03873462721
2.76 2.0042680089
2.78 1.96058805714
2.8 1.90682886992
2.82 1.84217202479
2.84 1.76586997042
2.86 1.67726944779
2.88 1.57583426575
2.9 1.46116670566
2.92 1.33302680877
2.94 1.19134881492
2.96 1.03625407534
2.98 0.868059856475
3.0 0.687283584676
3.02 0.494642248062
3.04 0.291046864144
3.06 0.0775921294634
3.08 -0.144458421959
3.1 -0.373691224095
3.12 -0.608564744317
3.14 -0.847433963555
3.16 -1.08857633032
3.18 -1.33021820413
3.2 -1.57056081592
3.22 -1.80780483945
3.24 -2.04017278489
3.26 -2.26592858472
3.28 -2.48339393382
3.3 -2.69096115678
3.32 -2.88710259368
3.34 -3.0703767078
3.36 -3.2394313126
3.38 -3.39300448118
3.4 -3.52992382942
3.42 -3.6491049495
3.44 -3.74954980767
3.46 -3.83034590893
3.48 -3.89066697104
3.5 -3.92977574293
3.52 -3.94702945388
3.54 -3.94188819355
3.56 -3.91392630769
3.58 -3.86284665918
3.6 -3.78849735857
3.62 -3.69089032592
3.64 -3.57022081796
3.66 -3.42688685773
3.68 -3.26150734939
3.7 -3.07493756529
3.72 -2.86828066525
3.74 -2.64289396015
3.76 -2.4003887669
3.78 -2.14262292134
3.8 -1.87168531184
3.82 -1.58987215865
3.84 -1.29965517307
3.86 -1.00364216271
3.88 -0.704531078343
3.9 -0.405058892613
3.92 -0.107947035565
3.94 0.184154641882
3.96 0.468723264107
3.98 0.74341555341
4.0 1.00611564512
4.02 1.25497627737
4.04 1.48845185352
4.06 1.70532226848
4.08 1.90470683349
4.1 2.08606809538
4.12 2.24920579536
4.14 2.39424162139
4.16 2.52159575285
4.18 2.63195646118
4.2 2.7262442045
4.22 2.80557173876
4.24 2.87120176506
4.26 2.92450355578
4.28 2.96690986441
4.3 2.99987524384
4.32 3.02483669284
4.34 3.04317733777
4.36 3.05619365162
4.38 3.06506652747
4.4 3.07083636703
4.42 3.07438222337
4.44 3.07640495149
4.46 3.07741427175
4.48 3.07771963423
4.5 3.07742478346
4.52 3.07642595463
4.54 3.07441367683
4.56 3.0708782077
4.58 3.06511866853
4.6 3.05625598045
4.62 3.04324971338
4.64 3.02491894306
4.66 2.99996716231
4.68 2.96701120755
4.7 2.92461403978
4.72 2.87132106314
4.74 2.80569947875
4.76 2.72637996692
4.78 2.63209977793
4.8 2.52174610666
4.82 2.39439844609
4.84 2.2493684771
4.86 2.08623597469
4.88 1.90487920852
4.9 1.70549839907
4.92 1.48863096628
4.94 1.25515757159
4.96 1.00629829949
4.98 0.743598733359
5.0 0.468906129523
5.02 0.18433635528
5.04 -0.107767300907
5.06 -0.404881944591
5.08 -0.704357698222
5.1 -1.0034730979
5.12 -1.2994911305
5.14 -1.58971379906
5.16 -1.87153324494
5.18 -2.1424777021
5.2 -2.40025089284
5.22 -2.64276386979
5.24 -2.86815873765
5.26 -3.07482412052
5.28 -3.26140264995
5.3 -3.42679111071
5.32 -3.57013417782
5.34 -3.69081289773
5.36 -3.78842920156
5.38 -3.86278779033
5.4 -3.91387670537
5.42 -3.94184780098
5.44 -3.94699818225
5.46 -3.92975347423
5.48 -3.89065356041
5.5 -3.83034118649
5.52 -3.74955358001
5.54 -3.64911700058
5.56 -3.52994392114
5.58 -3.39303235356
5.6 -3.23946668376
5.62 -3.07041927365
5.64 -2.88715202767
5.66 -2.69101710955
5.68 -2.48345603307
5.7 -2.26599643522
5.72 -2.04024596884
5.74 -1.80788291716
5.76 -1.5706433269
5.78 -1.33030466867
5.8 -1.08866625138
5.82 -0.847526829274
5.84 -0.608660030757
5.86 -0.37378839846
5.88 -0.144556946055
5.9 0.0774927955455
5.92 0.290947258175
5.94 0.494542901795
5.96 0.687185020009
5.98 0.867962581692
6.0 1.03615858161
6.02 1.19125557305
6.04 1.33293626631
6.06 1.46107928439
6.08 1.57575035965
6.1 1.67718942137
6.12 1.76579415766
6.14 1.84210072839
6.16 1.90676236114
6.18 1.96052657594
6.2 2.00421176455
6.22 2.03868379916
6.24 2.06483327162
6.26 2.08355387466
6.28 2.09572233877
6.3 2.10218023817
6.32 2.1037178847
6.34 2.10106044073
6.36 2.09485630843
6.38 2.08566779142
6.4 2.07396397932
6.42 2.0601157739
6.44 2.0443929569
6.46 2.02696319237
6.48 2.00789285744
6.5 1.98714960257
6.52 1.96460655312
6.54 1.94004807461
6.56 1.91317703321
6.58 1.88362348725
6.6 1.85095474431
6.62 1.8146867088
6.64 1.77429642797
6.66 1.72923571817
6.68 1.67894571963
6.7 1.62287218768
6.72 1.56048128365
6.74 1.491275582
6.76 1.4148099651
6.78 1.3307070367
6.8 1.23867165443
6.82 1.13850416262
6.84 1.03011190526
6.86 0.913518615039
6.88 0.78887131219
6.9 0.656444405892
6.92 0.51664076902
6.94 0.369989655
6.96 0.217141434578
6.98 0.0588592506879
7.0 -0.10399219104
7.02 -0.270460360612
7.04 -0.439520732642
7.06 -0.610094180129
7.08 -0.781065345599
7.1 -0.951301367393
7.12 -1.11967033387
7.14 -1.28505886487
7.16 -1.44638827355
7.18 -1.60262884226
7.2 -1.75281184553
7.22 -1.89603906835
7.24 -2.03148968936
7.26 -2.15842452127
7.28 -2.27618771852
7.3 -2.38420616725
7.32 -2.48198686325
7.34 -2.56911265377
7.36 -2.64523676861
7.38 -2.71007659265
7.4 -2.76340713734
7.42 -2.80505465249
7.44 -2.83489078526
7.46 -2.85282764208
7.48 -2.85881404442
7.5 -2.85283319388
7.52 -2.8349018789
7.54 -2.80507126785
7.56 -2.76342924365
7.58 -2.71010414783
7.6 -2.64526971842
7.62 -2.56915093081
7.64 -2.48203038584
7.66 -2.38425483832
7.68 -2.2762414244
7.7 -2.15848313058
7.72 -2.03155305196
7.74 -1.8961070145
7.76 -1.75288418515
7.78 -1.60270536457
7.8 -1.44646874684
7.82 -1.28514303666
7.84 -1.11975793142
7.86 -0.951392098475
7.88 -0.78115889964
7.9 -0.610190229658
7.92 -0.439618935108
7.94 -0.270560360319
7.96 -0.104093621455
7.98 0.0587567645188
8.0 0.217038273529
8.02 0.369886203166
8.04 0.51653741119
8.06 0.656341524875
8.08 0.788769286414
8.1 0.913417816136
8.12 1.03001269599
8.14 1.13840689488
8.16 1.23857666765
8.18 1.33061465642
8.2 1.41472050185
8.22 1.49118933049
8.24 1.56039852218
8.26 1.62279317791
8.28 1.67887070648
8.3 1.72916492996
8.32 1.77423007678
8.34 1.81462499093
8.36 1.85089784082
8.38 1.88357156457
8.4 1.91313024373
8.42 1.94000655732
8.44 1.96457043403
8.46 1.98711899516
8.48 2.0078678629
8.5 2.02694389965
8.52 2.0443794426
8.54 2.06010810195
8.56 2.07396220045
8.58 2.08567194232
8.6 2.09486641085
8.62 2.10107650025
8.64 2.10373988938
8.66 2.10220815705
8.68 2.09575612025
8.7 2.08359344482
8.72 2.06487853252
8.74 2.03873462721
8.76 2.0042680089
8.78 1.96058805714
8.8 1.90682886992
8.82 1.84217202478
8.84 1.76586997043
8.86 1.67726944779
8.88 1.57583426575
8.9 1.46116670566
8.92 1.33302680877
8.94 1.19134881492
8.96 1.03625407534
8.98 0.868059856479
9.0 0.687283584674
9.02 0.494642248064
9.04 0.291046864138
9.06 0.0775921294694
9.08 -0.144458421963
9.1 -0.373691224091
9.12 -0.608564744321
9.14 -0.847433963553
9.16 -1.08857633032
9.18 -1.33021820414
9.2 -1.57056081591
9.22 -1.80780483945
9.24 -2.04017278489
9.26 -2.26592858473
9.28 -2.48339393382
9.3 -2.69096115678
9.32 -2.88710259368
9.34 -3.0703767078
9.36 -3.2394313126
9.38 -3.39300448118
9.4 -3.52992382942
9.42 -3.6491049495
9.44 -3.74954980767
9.46 -3.83034590893
9.48 -3.89066697104
9.5 -3.92977574293
9.52 -3.94702945388
9.54 -3.94188819355
9.56 -3.9139263077
9.58 -3.86284665918
9.6 -3.78849735857
9.62 -3.69089032592
9.64 -3.57022081796
9.66 -3.42688685773
9.68 -3.2615073494
9.7 -3.07493756528
9.72 -2.86828066525
9.74 -2.64289396014
9.76 -2.40038876691
9.78 -2.14262292135
9.8 -1.87168531182
9.82 -1.58987215866
9.84 -1.29965517306
9.86 -1.00364216272
9.88 -0.704531078333
9.9 -0.405058892625
9.92 -0.107947035555
9.94 0.184154641876
9.96 0.468723264111
9.98 0.743415553408
10.0 1.00611564511
10.02 1.25497627738
10.04 1.48845185352
10.06 1.70532226848
10.08 1.90470683348
10.1 2.08606809539
10.12 2.24920579536
10.14 2.39424162139
10.16 2.52159575285
10.18 2.63195646119
10.2 2.72624420449
10.22 2.80557173876
10.24 2.87120176506
10.26 2.92450355579
10.28 2.96690986441
10.3 2.99987524384
10.32 3.02483669284
10.34 3.04317733777
10.36 3.05619365162
10.38 3.06506652746
10.4 3.07083636704
10.42 3.07438222337
10.44 3.07640495149
10.46 3.07741427175
10.48 3.07771963423
10.5 3.07742478345
10.52 3.07642595463
10.54 3.07441367683
10.56 3.0708782077
10.58 3.06511866853
10.6 3.05625598045
10.62 3.04324971338
10.64 3.02491894306
10.66 2.99996716232
10.68 2.96701120755
10.7 2.92461403979
10.72 2.87132106314
10.74 2.80569947876
10.76 2.72637996691
10.78 2.63209977794
10.8 2.52174610666
10.82 2.3943984461
10.84 2.2493684771
10.86 2.08623597469
10.88 1.90487920853
10.9 1.70549839906
10.92 1.48863096628
10.94 1.25515757158
10.96 1.0062982995
10.98 0.743598733349
11.0 0.468906129531
11.02 0.184336355274
11.04 -0.107767300899
11.06 -0.404881944593
11.08 -0.704357698228
11.1 -1.0034730979
11.12 -1.29949113051
11.14 -1.58971379906
11.16 -1.87153324495
11.18 -2.1424777021
11.2 -2.40025089285
11.22 -2.64276386979
11.24 -2.86815873765
11.26 -3.07482412051
11.28 -3.26140264996
11.3 -3.42679111071
11.32 -3.57013417781
11.34 -3.69081289774
11.36 -3.78842920156
11.38 -3.86278779033
11.4 -3.91387670537
11.42 -3.94184780098
11.44 -3.94699818225
11.46 -3.92975347424
11.48 -3.8906535604
11.5 -3.83034118649
11.52 -3.74955358
11.54 -3.64911700058
11.56 -3.52994392113
11.58 -3.39303235356
11.6 -3.23946668376
11.62 -3.07041927365
11.64 -2.88715202767
11.66 -2.69101710955
11.68 -2.48345603306
11.7 -2.26599643523
11.72 -2.04024596884
11.74 -1.80788291715
11.76 -1.57064332691
11.78 -1.33030466866
11.8 -1.08866625139
11.82 -0.84752682927
11.84 -0.608660030757
11.86 -0.373788398462
11.88 -0.144556946057
11.9 0.0774927955495
11.92 0.290947258171
11.94 0.494542901795
11.96 0.687185020013
11.98 0.867962581688
12.0 1.03615858161
12.02 1.19125557304
12.04 1.33293626631
12.06 1.46107928439
12.08 1.57575035965
12.1 1.67718942137
12.12 1.76579415766
12.14 1.84210072839
12.16 1.90676236114
12.18 1.96052657595
12.2 2.00421176455
12.22 2.03868379916
12.24 2.06483327162
12.26 2.08355387466
12.28 2.09572233877
12.3 2.10218023817
12.32 2.1037178847
12.34 2.10106044073
12.36 2.09485630843
12.38 2.08566779142
12.4 2.07396397932
12.42 2.0601157739
12.44 2.04439295689
12.46 2.02696319237
12.48 2.00789285744
12.5 1.98714960257
12.52 1.96460655312
12.54 1.94004807461
12.56 1.91317703321
12.58 1.88362348724
12.6 1.85095474431
12.62 1.81468670879
12.64 1.77429642797
12.66 1.72923571817
12.68 1.67894571963
12.7 1.62287218768
12.72 1.56048128365
12.74 1.491275582
12.76 1.4148099651
12.78 1.33070703671
12.8 1.23867165442
12.82 1.13850416262
12.84 1.03011190526
12.86 0.913518615037
12.88 0.788871312194
12.9 0.65644440589
12.92 0.51664076902
12.94 0.369989654998
12.96 0.217141434582
12.98 0.0588592506859
13.0 -0.103992191044
13.02 -0.2704603606
13.04 -0.439520732654
13.06 -0.610094180127
13.08 -0.781065345599
13.1 -0.951301367383
13.12 -1.11967033388
13.14 -1.28505886486
13.16 -1.44638827356
13.18 -1.60262884225
13.2 -1.75281184553
13.22 -1.89603906836
13.24 -2.03148968935
13.26 -2.15842452128
13.28 -2.27618771852
13.3 -2.38420616725
13.32 -2.48198686325
13.34 -2.56911265378
13.36 -2.64523676861
13.38 -2.71007659265
13.4 -2.76340713734
13.42 -2.80505465249
13.44 -2.83489078526
13.46 -2.85282764208
13.48 -2.85881404442
13.5 -2.85283319388
13.52 -2.8349018789
13.54 -2.80507126786
13.56 -2.76342924365
13.58 -2.71010414783
13.6 -2.64526971841
13.62 -2.56915093081
13.64 -2.48203038584
13.66 -2.38425483832
13.68 -2.27624142441
13.7 -2.15848313057
13.72 -2.03155305196
13.74 -1.8961070145
13.76 -1.75288418515
13.78 -1.60270536456
13.8 -1.44646874684
13.82 -1.28514303666
13.84 -1.11975793143
13.86 -0.951392098467
13.88 -0.78115889964
13.9 -0.61019022967
13.92 -0.439618935098
13.94 -0.270560360319
13.96 -0.104093621453
13.98 0.0587567645068
14.0 0.217038273541
14.02 0.369886203164
14.04 0.516537411184
14.06 0.656341524877
14.08 0.788769286422
14.1 0.913417816132
14.12 1.03001269598
14.14 1.13840689489
14.16 1.23857666765
14.18 1.33061465642
14.2 1.41472050185
14.22 1.49118933049
14.24 1.56039852218
14.26 1.62279317791
14.28 1.67887070648
14.3 1.72916492995
14.32 1.77423007678
14.34 1.81462499093
14.36 1.85089784083
14.38 1.88357156456
14.4 1.91313024373
14.42 1.94000655732
14.44 1.96457043403
14.46 1.98711899516
14.48 2.0078678629
14.5 2.02694389965
14.52 2.0443794426
14.54 2.06010810195
14.56 2.07396220045
14.58 2.08567194232
14.6 2.09486641085
14.62 2.10107650025
14.64 2.10373988938
14.66 2.10220815705
14.68 2.09575612024
14.7 2.08359344483
14.72 2.06487853252
14.74 2.0387346272
14.76 2.0042680089
14.78 1.96058805714
14.8 1.90682886992
14.82 1.84217202479
14.84 1.76586997043
14.86 1.67726944779
14.88 1.57583426575
14.9 1.46116670567
14.92 1.33302680877
14.94 1.19134881492
14.96 1.03625407534
14.98 0.868059856481
15.0 0.687283584678
15.02 0.494642248054
15.04 0.291046864144
15.06 0.0775921294694
15.08 -0.144458421957
15.1 -0.373691224103
15.12 -0.608564744309
15.14 -0.847433963559
15.16 -1.08857633033
15.18 -1.33021820413
15.2 -1.57056081591
15.22 -1.80780483945
15.24 -2.04017278489
15.26 -2.26592858472
15.28 -2.48339393383
15.3 -2.69096115677
15.32 -2.88710259368
15.34 -3.0703767078
15.36 -3.2394313126
15.38 -3.39300448118
15.4 -3.52992382942
15.42 -3.6491049495
15.44 -3.74954980767
15.46 -3.83034590893
15.48 -3.89066697104
15.5 -3.92977574292
15.52 -3.94702945388
15.54 -3.94188819355
15.56 -3.9139263077
15.58 -3.86284665918
15.6 -3.78849735857
15.62 -3.69089032592
15.64 -3.57022081796
15.66 -3.42688685773
15.68 -3.26150734939
15.7 -3.07493756529
15.72 -2.86828066524
15.74 -2.64289396015
15.76 -2.4003887669
15.78 -2.14262292135
15.8 -1.87168531183
15.82 -1.58987215864
15.84 -1.29965517307
15.86 -1.00364216271
15.88 -0.704531078347
15.9 -0.405058892609
15.92 -0.107947035569
15.94 0.184154641888
15.96 0.468723264099
15.98 0.743415553412
16.0 1.00611564512
16.02 1.25497627736
16.04 1.48845185353
16.06 1.70532226847
16.08 1.9047068335
16.1 2.08606809538
16.12 2.24920579537
16.14 2.39424162138
16.16 2.52159575286
16.18 2.63195646118
16.2 2.7262442045
16.22 2.80557173876
16.24 2.87120176506
16.26 2.92450355579
16.28 2.96690986441
16.3 2.99987524385
16.32 3.02483669284
16.34 3.04317733777
16.36 3.05619365162
16.38 3.06506652747
16.4 3.07083636703
16.42 3.07438222337
16.44 3.07640495149
16.46 3.07741427175
16.48 3.07771963423
16.5 3.07742478346
16.52 3.07642595462
16.54 3.07441367684
16.56 3.0708782077
16.58 3.06511866853
16.6 3.05625598045
16.62 3.04324971338
16.64 3.02491894306
16.66 2.99996716231
16.68 2.96701120755
16.7 2.92461403978
16.72 2.87132106314
16.74 2.80569947875
16.76 2.72637996692
16.78 2.63209977793
16.8 2.52174610666
16.82 2.3943984461
16.84 2.24936847709
16.86 2.0862359747
16.88 1.90487920852
16.9 1.70549839908
16.92 1.48863096627
16.94 1.25515757159
16.96 1.0062982995
16.98 0.743598733361
17.0 0.468906129527
17.02 0.184336355272
17.04 -0.107767300899
17.06 -0.404881944593
17.08 -0.704357698228
17.1 -1.0034730979
17.12 -1.2994911305
17.14 -1.58971379906
17.16 -1.87153324495
17.18 -2.1424777021
17.2 -2.40025089284
17.22 -2.64276386979
17.24 -2.86815873766
17.26 -3.07482412051
17.28 -3.26140264995
17.3 -3.42679111071
17.32 -3.57013417781
17.34 -3.69081289773
17.36 -3.78842920156
17.38 -3.86278779033
17.4 -3.91387670538
17.42 -3.94184780097
17.44 -3.94699818226
17.46 -3.92975347423
17.48 -3.89065356041
17.5 -3.83034118649
17.52 -3.74955358
17.54 -3.64911700058
17.56 -3.52994392113
17.58 -3.39303235356
17.6 -3.23946668375
17.62 -3.07041927365
17.64 -2.88715202767
17.66 -2.69101710954
17.68 -2.48345603306
17.7 -2.26599643523
17.72 -2.04024596884
17.74 -1.80788291715
17.76 -1.57064332691
17.78 -1.33030466868
17.8 -1.08866625137
17.82 -0.847526829272
17.84 -0.608660030757
17.86 -0.37378839847
17.88 -0.144556946047
17.9 0.0774927955455
17.92 0.290947258169
17.94 0.494542901797
17.96 0.687185020013
17.98 0.867962581692
18.0 1.0361585816
18.02 1.19125557306
18.04 1.3329362663
18.06 1.46107928439
18.08 1.57575035964
18.1 1.67718942138
18.12 1.76579415766
18.14 1.84210072838
18.16 1.90676236115
18.18 1.96052657594
18.2 2.00421176456
18.22 2.03868379916
18.24 2.06483327162
18.26 2.08355387466
18.28 2.09572233877
18.3 2.10218023817
18.32 2.1037178847
18.34 2.10106044073
18.36 2.09485630843
18.38 2.08566779142
18.4 2.07396397932
18.42 2.0601157739
18.44 2.04439295689
18.46 2.02696319237
18.48 2.00789285744
18.5 1.98714960257
18.52 1.96460655312
18.54 1.94004807461
18.56 1.91317703321
18.58 1.88362348725
18.6 1.8509547443
18.62 1.8146867088
18.64 1.77429642797
18.66 1.72923571817
18.68 1.67894571963
18.7 1.62287218768
18.72 1.56048128365
18.74 1.49127558201
18.76 1.41480996509
18.78 1.3307070367
18.8 1.23867165443
18.82 1.13850416261
18.84 1.03011190526
18.86 0.913518615037
18.88 0.788871312204
18.9 0.656444405878
18.92 0.516640769024
18.94 0.369989654992
18.96 0.2171414346
18.98 0.058859250668
19.0 -0.103992191038
19.02 -0.2704603606
19.04 -0.439520732656
19.06 -0.610094180123
19.08 -0.781065345601
19.1 -0.951301367385
19.12 -1.11967033388
19.14 -1.28505886486
19.16 -1.44638827356
19.18 -1.60262884225
19.2 -1.75281184553
19.22 -1.89603906836
19.24 -2.03148968935
19.26 -2.15842452128
19.28 -2.27618771852
19.3 -2.38420616725
19.32 -2.48198686324
19.34 -2.56911265378
19.36 -2.64523676861
19.38 -2.71007659264
19.4 -2.76340713734
19.42 -2.80505465249
19.44 -2.83489078526
19.46 -2.85282764208
19.48 -2.85881404442
19.5 -2.85283319388
19.52 -2.83490187891
19.54 -2.80507126786
19.56 -2.76342924365
19.58 -2.71010414783
19.6 -2.64526971842
19.62 -2.5691509308
19.64 -2.48203038584
19.66 -2.38425483832
19.68 -2.27624142441
19.7 -2.15848313058
19.72 -2.03155305196
19.74 -1.8961070145
19.76 -1.75288418516
19.78 -1.60270536456
19.8 -1.44646874684
19.82 -1.28514303667
19.84 -1.11975793142
19.86 -0.951392098471
19.88 -0.78115889964
19.9 -0.61019022967
19.92 -0.439618935098
19.94 -0.270560360319
19.96 -0.104093621453
19.98 0.0587567645068
20.0 0.217038273541
20.02 0.369886203164
20.04 0.51653741118
20.06 0.656341524885
20.08 0.788769286418
20.1 0.913417816132
20.12 1.03001269598
20.14 1.13840689489
20.16 1.23857666765
20.18 1.33061465642
20.2 1.41472050185
20.22 1.4911893305
20.24 1.56039852218
20.26 1.62279317791
20.28 1.67887070648
20.3 1.72916492996
20.32 1.77423007678
20.34 1.81462499093
20.36 1.85089784082
20.38 1.88357156457
20.4 1.91313024373
20.42 1.94000655732
20.44 1.96457043403
20.46 1.98711899517
20.48 2.00786786289
20.5 2.02694389964
20.52 2.0443794426
20.54 2.06010810195
20.56 2.07396220045
20.58 2.08567194232
20.6 2.09486641085
20.62 2.10107650025
20.64 2.10373988938
20.66 2.10220815705
20.68 2.09575612025
20.7 2.08359344482
20.72 2.06487853252
20.74 2.0387346272
20.76 2.00426800891
20.78 1.96058805714
20.8 1.90682886992
20.82 1.84217202478
20.84 1.76586997043
20.86 1.6772694478
20.88 1.57583426575
20.9 1.46116670566
20.92 1.33302680878
20.94 1.19134881492
20.96 1.03625407534
20.98 0.868059856465
21.0 0.687283584698
21.02 0.49464224804
21.04 0.291046864152
21.06 0.0775921294554
21.08 -0.144458421937
21.1 -0.373691224117
21.12 -0.608564744307
21.14 -0.847433963555
21.16 -1.08857633032
21.18 -1.33021820414
21.2 -1.57056081591
21.22 -1.80780483945
21.24 -2.04017278489
21.26 -2.26592858473
21.28 -2.48339393382
21.3 -2.69096115678
21.32 -2.88710259368
21.34 -3.0703767078
21.36 -3.2394313126
21.38 -3.39300448118
21.4 -3.52992382942
21.42 -3.64910494951
21.44 -3.74954980766
21.46 -3.83034590892
21.48 -3.89066697104
21.5 -3.92977574292
21.52 -3.94702945389
21.54 -3.94188819354
21.56 -3.9139263077
21.58 -3.86284665918
21.6 -3.78849735858
21.62 -3.69089032591
21.64 -3.57022081797
21.66 -3.42688685773
21.68 -3.2615073494
21.7 -3.07493756527
21.72 -2.86828066527
21.74 -2.64289396013
21.76 -2.40038876692
21.78 -2.14262292133
21.8 -1.87168531186
21.82 -1.58987215862
21.84 -1.29965517308
21.86 -1.0036421627
21.88 -0.704531078367
21.9 -0.405058892589
21.92 -0.107947035573
21.94 0.184154641878
21.96 0.468723264105
21.98 0.74341555343
22.0 1.0061156451
22.02 1.25497627737
22.04 1.48845185352
22.06 1.70532226849
22.08 1.90470683348
22.1 2.08606809538
22.12 2.24920579537
22.14 2.39424162139
22.16 2.52159575283
22.18 2.6319564612
22.2 2.72624420449
22.22 2.80557173877
22.24 2.87120176504
22.26 2.9245035558
22.28 2.9669098644
22.3 2.99987524385
22.32 3.02483669283
22.34 3.04317733778
22.36 3.05619365161
22.38 3.06506652747
22.4 3.07083636703
22.42 3.07438222337
22.44 3.07640495149
22.46 3.07741427175
22.48 3.07771963423
22.5 3.07742478345
22.52 3.07642595463
22.54 3.07441367683
22.56 3.0708782077
22.58 3.06511866853
22.6 3.05625598046
22.62 3.04324971337
22.64 3.02491894307
22.66 2.99996716231
22.68 2.96701120756
22.7 2.92461403977
22.72 2.87132106315
22.74 2.80569947874
22.76 2.72637996694
22.78 2.63209977791
22.8 2.52174610668
22.82 2.39439844609
22.84 2.2493684771
22.86 2.08623597468
22.88 1.90487920853
22.9 1.70549839907
22.92 1.48863096627
22.94 1.25515757158
22.96 1.00629829951
22.98 0.743598733355
23.0 0.468906129527
23.02 0.184336355264
23.04 -0.107767300875
23.06 -0.404881944625
23.08 -0.704357698206
23.1 -1.00347309792
23.12 -1.29949113048
23.14 -1.58971379909
23.16 -1.87153324494
23.18 -2.14247770211
23.2 -2.40025089282
23.22 -2.64276386981
23.24 -2.86815873764
23.26 -3.07482412052
23.28 -3.26140264995
23.3 -3.42679111072
23.32 -3.57013417781
23.34 -3.69081289773
23.36 -3.78842920156
23.38 -3.86278779033
23.4 -3.91387670537
23.42 -3.94184780098
23.44 -3.94699818225
23.46 -3.92975347424
23.48 -3.8906535604
23.5 -3.83034118649
23.52 -3.74955358
23.54 -3.64911700058
23.56 -3.52994392114
23.58 -3.39303235355
23.6 -3.23946668376
23.62 -3.07041927365
23.64 -2.88715202767
23.66 -2.69101710954
23.68 -2.48345603307
23.7 -2.26599643522
23.72 -2.04024596884
23.74 -1.80788291715
23.76 -1.57064332691
23.78 -1.33030466867
23.8 -1.08866625139
23.82 -0.84752682926
23.84 -0.608660030769
23.86 -0.37378839846
23.88 -0.144556946055
23.9 0.0774927955535
23.92 0.290947258157
23.94 0.494542901813
23.96 0.687185020003
23.98 0.867962581688
24.0 1.03615858161
24.02 1.19125557306
24.04 1.3329362663
24.06 1.46107928439
24.08 1.57575035964
24.1 1.67718942138
24.12 1.76579415765
24.14 1.84210072838
24.16 1.90676236114
24.18 1.96052657595
24.2 2.00421176455
24.22 2.03868379916
24.24 2.06483327161
24.26 2.08355387467
24.28 2.09572233876
24.3 2.10218023817
24.32 2.1037178847
24.34 2.10106044073
24.36 2.09485630843
24.38 2.08566779142
24.4 2.07396397932
24.42 2.0601157739
24.44 2.04439295689
24.46 2.02696319237
24.48 2.00789285744
24.5 1.98714960257
24.52 1.96460655312
24.54 1.94004807461
24.56 1.91317703321
24.58 1.88362348724
24.6 1.85095474431
24.62 1.81468670879
24.64 1.77429642797
24.66 1.72923571817
24.68 1.67894571963
24.7 1.62287218768
24.72 1.56048128365
24.74 1.49127558199
24.76 1.41480996511
24.78 1.3307070367
24.8 1.23867165442
24.82 1.13850416261
24.84 1.03011190528
24.86 0.913518615035
24.88 0.788871312196
24.9 0.656444405876
24.92 0.516640769036
24.94 0.369989654992
24.96 0.217141434586
24.98 0.0588592506719
25.0 -0.103992191028
25.02 -0.270460360612
25.04 -0.439520732644
25.06 -0.610094180125
25.08 -0.781065345611
25.1 -0.951301367381
25.12 -1.11967033387
25.14 -1.28505886486
25.16 -1.44638827356
25.18 -1.60262884227
25.2 -1.75281184552
25.22 -1.89603906835
25.24 -2.03148968936
25.26 -2.15842452128
25.28 -2.27618771851
25.3 -2.38420616725
25.32 -2.48198686325
25.34 -2.56911265378
25.36 -2.64523676861
25.38 -2.71007659265
25.4 -2.76340713734
25.42 -2.80505465249
25.44 -2.83489078526
25.46 -2.85282764208
25.48 -2.85881404442
25.5 -2.85283319388
25.52 -2.8349018789
25.54 -2.80507126786
25.56 -2.76342924365
25.58 -2.71010414783
25.6 -2.64526971842
25.62 -2.5691509308
25.64 -2.48203038584
25.66 -2.38425483832
25.68 -2.2762414244
25.7 -2.15848313058
25.72 -2.03155305197
25.74 -1.8961070145
25.76 -1.75288418515
25.78 -1.60270536457
25.8 -1.44646874683
25.82 -1.28514303667
25.84 -1.11975793142
25.86 -0.951392098471
25.88 -0.781158899632
25.9 -0.61019022967
25.92 -0.439618935106
25.94 -0.270560360319
25.96 -0.104093621443
25.98 0.0587567645048
26.0 0.217038273533
26.02 0.369886203162
26.04 0.5165374112
26.06 0.656341524867
26.08 0.788769286406
26.1 0.913417816154
26.12 1.03001269598
26.14 1.13840689489
26.16 1.23857666764
26.18 1.33061465643
26.2 1.41472050186
26.22 1.49118933047
26.24 1.56039852219
26.26 1.62279317792
26.28 1.67887070647
26.3 1.72916492996
26.32 1.77423007678
26.34 1.81462499093
26.36 1.85089784082
26.38 1.88357156455
26.4 1.91313024374
26.42 1.94000655732
26.44 1.96457043403
26.46 1.98711899516
26.48 2.0078678629
26.5 2.02694389964
26.52 2.0443794426
26.54 2.06010810196
26.56 2.07396220044
26.58 2.08567194232
26.6 2.09486641085
26.62 2.10107650025
26.64 2.10373988938
26.66 2.10220815706
26.68 2.09575612024
26.7 2.08359344482
26.72 2.06487853252
26.74 2.03873462721
26.76 2.00426800889
26.78 1.96058805715
26.8 1.90682886991
26.82 1.8421720248
26.84 1.76586997042
26.86 1.67726944778
26.88 1.57583426576
26.9 1.46116670566
26.92 1.33302680877
26.94 1.19134881494
26.96 1.03625407533
26.98 0.868059856469
27.0 0.687283584684
27.02 0.494642248054
27.04 0.29104686415
27.06 0.0775921294654
27.08 -0.144458421967
27.1 -0.373691224079
27.12 -0.608564744325
27.14 -0.847433963563
27.16 -1.08857633032
27.18 -1.33021820413
27.2 -1.57056081593
27.22 -1.80780483943
27.24 -2.04017278492
27.26 -2.2659285847
27.28 -2.48339393383
27.3 -2.69096115678
27.32 -2.88710259367
27.34 -3.0703767078
27.36 -3.23943131261
27.38 -3.39300448117
27.4 -3.52992382942
27.42 -3.64910494951
27.44 -3.74954980766
27.46 -3.83034590893
27.48 -3.89066697104
27.5 -3.92977574292
27.52 -3.94702945388
27.54 -3.94188819356
27.56 -3.91392630769
27.58 -3.86284665917
27.6 -3.78849735858
27.62 -3.69089032592
27.64 -3.57022081795
27.66 -3.42688685775
27.68 -3.26150734937
27.7 -3.0749375653
27.72 -2.86828066525
27.74 -2.64289396014
27.76 -2.40038876692
27.78 -2.14262292134
27.8 -1.87168531182
27.82 -1.58987215868
27.84 -1.29965517305
27.86 -1.0036421627
27.88 -0.704531078355
27.9 -0.405058892601
27.92 -0.107947035577
27.94 0.184154641864
27.96 0.468723264153
27.98 0.743415553368
28.0 1.00611564513
28.02 1.25497627739
28.04 1.48845185351
28.06 1.70532226848
28.08 1.9047068335
28.1 2.08606809536
28.12 2.24920579539
28.14 2.39424162137
28.16 2.52159575285
28.18 2.63195646119
28.2 2.72624420449
28.22 2.80557173876
28.24 2.87120176507
28.26 2.92450355577
28.28 2.96690986442
28.3 2.99987524385
28.32 3.02483669283
28.34 3.04317733777
28.36 3.05619365162
28.38 3.06506652746
28.4 3.07083636704
28.42 3.07438222337
28.44 3.07640495149
28.46 3.07741427175
28.48 3.07771963423
28.5 3.07742478346
28.52 3.07642595462
28.54 3.07441367684
28.56 3.0708782077
28.58 3.06511866853
28.6 3.05625598045
28.62 3.04324971338
28.64 3.02491894307
28.66 2.99996716232
28.68 2.96701120753
28.7 2.92461403981
28.72 2.87132106314
28.74 2.80569947874
28.76 2.72637996693
28.78 2.63209977793
28.8 2.52174610665
28.82 2.39439844612
28.84 2.24936847708
28.86 2.08623597471
28.88 1.90487920852
28.9 1.70549839905
28.92 1.48863096629
28.94 1.25515757159
28.96 1.00629829948
28.98 0.743598733381
29.0 0.468906129513
29.02 0.184336355266
29.04 -0.107767300895
29.06 -0.404881944605
29.08 -0.704357698208
29.1 -1.00347309789
29.12 -1.29949113053
29.14 -1.58971379905
29.16 -1.87153324494
29.18 -2.14247770211
29.2 -2.40025089283
29.22 -2.64276386979
29.24 -2.86815873766
29.26 -3.0748241205
29.28 -3.26140264998
29.3 -3.4267911107
29.32 -3.57013417782
29.34 -3.69081289774
29.36 -3.78842920156
29.38 -3.86278779032
29.4 -3.91387670539
29.42 -3.94184780096
29.44 -3.94699818226
29.46 -3.92975347423
29.48 -3.8906535604
29.5 -3.83034118649
29.52 -3.74955358
29.54 -3.64911700058
29.56 -3.52994392113
29.58 -3.39303235357
29.6 -3.23946668375
29.62 -3.07041927365
29.64 -2.88715202767
29.66 -2.69101710955
29.68 -2.48345603306
29.7 -2.26599643524
29.72 -2.04024596883
29.74 -1.80788291716
29.76 -1.57064332691
29.78 -1.33030466866
29.8 -1.08866625139
29.82 -0.847526829282
29.84 -0.608660030737
29.86 -0.373788398474
29.88 -0.144556946053
29.9 0.0774927955535
29.92 0.290947258165
29.94 0.494542901807
29.96 0.687185019999
29.98 0.867962581682
30.0 1.03615858163
30.02 1.19125557304
30.04 1.33293626631
30.06 1.4610792844
30.08 1.57575035964
30.1 1.67718942136
30.12 1.76579415768
30.14 1.84210072837
30.16 1.90676236115
30.18 1.96052657594
30.2 2.00421176456
30.22 2.03868379917
30.24 2.06483327161
30.26 2.08355387466
30.28 2.09572233877
30.3 2.10218023817
30.32 2.1037178847
30.34 2.10106044073
30.36 2.09485630843
30.38 2.08566779142
30.4 2.07396397932
30.42 2.0601157739
30.44 2.04439295689
30.46 2.02696319237
30.48 2.00789285744
30.5 1.98714960256
30.52 1.96460655313
30.54 1.94004807461
30.56 1.9131770332
30.58 1.88362348725
30.6 1.8509547443
30.62 1.8146867088
30.64 1.77429642797
30.66 1.72923571816
30.68 1.67894571964
30.7 1.62287218769
30.72 1.56048128363
30.74 1.49127558201
30.76 1.4148099651
30.78 1.33070703669
30.8 1.23867165443
30.82 1.1385041626
30.84 1.03011190528
30.86 0.913518615041
30.88 0.788871312178
30.9 0.656444405898
30.92 0.516640769022
30.94 0.369989654984
30.96 0.217141434596
30.98 0.0588592506919
31.0 -0.103992191058
31.02 -0.270460360602
31.04 -0.439520732652
31.06 -0.610094180119
31.08 -0.781065345599
31.1 -0.951301367401
31.12 -1.11967033386
31.14 -1.28505886486
31.16 -1.44638827357
31.18 -1.60262884225
31.2 -1.75281184553
31.22 -1.89603906836
31.24 -2.03148968935
31.26 -2.15842452128
31.28 -2.27618771851
31.3 -2.38420616725
31.32 -2.48198686326
31.34 -2.56911265377
31.36 -2.64523676861
31.38 -2.71007659265
31.4 -2.76340713733
31.42 -2.80505465249
31.44 -2.83489078526
31.46 -2.85282764208
31.48 -2.85881404442
31.5 -2.85283319388
31.52 -2.83490187891
31.54 -2.80507126785
31.56 -2.76342924366
31.58 -2.71010414783
31.6 -2.64526971841
31.62 -2.56915093081
31.64 -2.48203038584
31.66 -2.38425483831
31.68 -2.27624142441
31.7 -2.15848313057
31.72 -2.03155305197
31.74 -1.89610701449
31.76 -1.75288418514
31.78 -1.60270536457
31.8 -1.44646874684
31.82 -1.28514303665
31.84 -1.11975793143
31.86 -0.951392098483
31.88 -0.781158899622
31.9 -0.61019022967
31.92 -0.439618935096
31.94 -0.270560360329
31.96 -0.104093621455
31.98 0.0587567645288
32.0 0.217038273509
32.02 0.369886203176
32.04 0.516537411198
32.06 0.656341524869
32.08 0.788769286412
32.1 0.913417816146
32.12 1.03001269598
32.14 1.13840689489
32.16 1.23857666763
32.18 1.33061465643
32.2 1.41472050186
32.22 1.49118933048
32.24 1.56039852218
32.26 1.62279317792
32.28 1.67887070647
32.3 1.72916492995
32.32 1.77423007679
32.34 1.81462499093
32.36 1.85089784083
32.38 1.88357156456
32.4 1.91313024373
32.42 1.94000655732
32.44 1.96457043403
32.46 1.98711899517
32.48 2.0078678629
32.5 2.02694389964
32.52 2.04437944259
32.54 2.06010810196
32.56 2.07396220044
32.58 2.08567194232
32.6 2.09486641085
32.62 2.10107650025
32.64 2.10373988938
32.66 2.10220815705
32.68 2.09575612025
32.7 2.08359344482
32.72 2.06487853253
32.74 2.0387346272
32.76 2.0042680089
32.78 1.96058805715
32.8 1.90682886991
32.82 1.8421720248
32.84 1.76586997042
32.86 1.67726944779
32.88 1.57583426576
32.9 1.46116670566
32.92 1.33302680876
32.94 1.19134881493
32.96 1.03625407534
32.98 0.868059856473
33.0 0.68728358468
33.02 0.494642248058
33.04 0.291046864158
33.06 0.0775921294534
33.08 -0.144458421965
33.1 -0.373691224089
33.12 -0.608564744313
33.14 -0.847433963567
33.16 -1.08857633031
33.18 -1.33021820414
33.2 -1.57056081593
33.22 -1.80780483944
33.24 -2.04017278489
33.26 -2.26592858473
33.28 -2.48339393381
33.3 -2.69096115678
33.32 -2.88710259367
33.34 -3.0703767078
33.36 -3.23943131261
33.38 -3.39300448117
33.4 -3.52992382943
33.42 -3.6491049495
33.44 -3.74954980766
33.46 -3.83034590893
33.48 -3.89066697104
33.5 -3.92977574293
33.52 -3.94702945387
33.54 -3.94188819356
33.56 -3.91392630769
33.58 -3.86284665917
33.6 -3.78849735859
33.62 -3.69089032591
33.64 -3.57022081795
33.66 -3.42688685774
33.68 -3.26150734939
33.7 -3.07493756528
33.72 -2.86828066526
33.74 -2.64289396014
33.76 -2.40038876693
33.78 -2.14262292133
33.8 -1.87168531182
33.82 -1.58987215866
33.84 -1.29965517307
33.86 -1.0036421627
33.88 -0.704531078369
33.9 -0.405058892605
33.92 -0.107947035539
33.94 0.184154641858
33.96 0.468723264123
33.98 0.743415553396
34.0 1.00611564512
34.02 1.25497627738
34.04 1.4884518535
34.06 1.70532226849
34.08 1.9047068335
34.1 2.08606809537
34.12 2.24920579537
34.14 2.39424162139
34.16 2.52159575283
34.18 2.63195646121
34.2 2.72624420447
34.22 2.80557173877
34.24 2.87120176507
34.26 2.92450355578
34.28 2.96690986441
34.3 2.99987524384
34.32 3.02483669283
34.34 3.04317733778
34.36 3.05619365162
34.38 3.06506652746
34.4 3.07083636704
34.42 3.07438222337
34.44 3.07640495149
34.46 3.07741427175
34.48 3.07771963423
34.5 3.07742478346
34.52 3.07642595462
34.54 3.07441367684
34.56 3.0708782077
34.58 3.06511866853
34.6 3.05625598046
34.62 3.04324971337
34.64 3.02491894307
34.66 2.99996716231
34.68 2.96701120754
34.7 2.9246140398
34.72 2.87132106315
34.74 2.80569947874
34.76 2.72637996694
34.78 2.63209977792
34.8 2.52174610665
34.82 2.39439844611
34.84 2.24936847708
34.86 2.08623597471
34.88 1.90487920853
34.9 1.70549839903
34.92 1.48863096632
34.94 1.25515757158
34.96 1.00629829948
34.98 0.743598733369
35.0 0.468906129527
35.02 0.184336355264
35.04 -0.107767300875
35.06 -0.404881944625
35.08 -0.704357698206
35.1 -1.0034730979
35.12 -1.29949113052
35.14 -1.58971379905
35.16 -1.87153324494
35.18 -2.14247770212
35.2 -2.40025089281
35.22 -2.6427638698
35.24 -2.86815873766
35.26 -3.0748241205
35.28 -3.26140264997
35.3 -3.42679111069
35.32 -3.57013417781
35.34 -3.69081289775
35.36 -3.78842920155
35.38 -3.86278779033
35.4 -3.91387670538
35.42 -3.94184780097
35.44 -3.94699818226
35.46 -3.92975347423
35.48 -3.8906535604
35.5 -3.83034118649
35.52 -3.74955358001
35.54 -3.64911700058
35.56 -3.52994392113
35.58 -3.39303235356
35.6 -3.23946668376
35.62 -3.07041927364
35.64 -2.88715202768
35.66 -2.69101710954
35.68 -2.48345603306
35.7 -2.26599643523
35.72 -2.04024596884
35.74 -1.80788291716
35.76 -1.57064332691
35.78 -1.33030466866
35.8 -1.08866625139
35.82 -0.847526829272
35.84 -0.608660030749
35.86 -0.373788398472
35.88 -0.144556946053
35.9 0.0774927955555
35.92 0.290947258153
35.94 0.494542901819
35.96 0.687185019995
35.98 0.867962581692
36.0 1.03615858162
36.02 1.19125557304
36.04 1.3329362663
36.06 1.46107928441
36.08 1.57575035963
36.1 1.67718942138
36.12 1.76579415766
36.14 1.84210072839
36.16 1.90676236114
36.18 1.96052657594
36.2 2.00421176455
36.22 2.03868379917
36.24 2.06483327162
36.26 2.08355387466
36.28 2.09572233877
36.3 2.10218023817
36.32 2.1037178847
36.34 2.10106044073
36.36 2.09485630843
36.38 2.08566779142
36.4 2.07396397932
36.42 2.0601157739
36.44 2.04439295689
36.46 2.02696319237
36.48 2.00789285744
36.5 1.98714960257
36.52 1.96460655312
36.54 1.94004807461
36.56 1.9131770332
36.58 1.88362348726
36.6 1.8509547443
36.62 1.81468670881
36.64 1.77429642797
36.66 1.72923571816
36.68 1.67894571964
36.7 1.62287218768
36.72 1.56048128364
36.74 1.49127558201
36.76 1.4148099651
36.78 1.33070703669
36.8 1.23867165443
36.82 1.13850416261
36.84 1.03011190527
36.86 0.913518615037
36.88 0.788871312188
36.9 0.656444405894
36.92 0.516640769034
36.94 0.369989654974
36.96 0.217141434598
36.98 0.0588592506799
37.0 -0.10399219105
37.02 -0.270460360598
37.04 -0.439520732658
37.06 -0.610094180111
37.08 -0.781065345595
37.1 -0.951301367409
37.12 -1.11967033386
37.14 -1.28505886487
37.16 -1.44638827356
37.18 -1.60262884225
37.2 -1.75281184552
37.22 -1.89603906837
37.24 -2.03148968936
37.26 -2.15842452128
37.28 -2.27618771851
37.3 -2.38420616725
37.32 -2.48198686325
37.34 -2.56911265377
37.36 -2.64523676861
37.38 -2.71007659265
37.4 -2.76340713733
37.42 -2.80505465249
37.44 -2.83489078526
37.46 -2.85282764208
37.48 -2.85881404442
37.5 -2.85283319388
37.52 -2.8349018789
37.54 -2.80507126785
37.56 -2.76342924366
37.58 -2.71010414783
37.6 -2.64526971841
37.62 -2.56915093081
37.64 -2.48203038585
37.66 -2.38425483831
37.68 -2.27624142441
37.7 -2.15848313057
37.72 -2.03155305196
37.74 -1.8961070145
37.76 -1.75288418514
37.78 -1.60270536457
37.8 -1.44646874685
37.82 -1.28514303664
37.84 -1.11975793143
37.86 -0.951392098475
37.88 -0.781158899628
37.9 -0.610190229672
37.92 -0.439618935096
37.94 -0.270560360339
37.96 -0.104093621445
37.98 0.0587567645288
38.0 0.217038273519
38.02 0.369886203164
38.04 0.5165374112
38.06 0.656341524869
38.08 0.788769286404
38.1 0.913417816152
38.12 1.03001269598
38.14 1.13840689488
38.16 1.23857666764
38.18 1.33061465642
38.2 1.41472050186
38.22 1.49118933047
38.24 1.56039852219
38.26 1.62279317792
38.28 1.67887070647
38.3 1.72916492995
38.32 1.77423007679
38.34 1.81462499092
38.36 1.85089784083
38.38 1.88357156455
38.4 1.91313024374
38.42 1.94000655733
38.44 1.96457043402
38.46 1.98711899517
38.48 2.0078678629
38.5 2.02694389965
38.52 2.04437944259
38.54 2.06010810196
38.56 2.07396220045
38.58 2.08567194232
38.6 2.09486641085
38.62 2.10107650025
38.64 2.10373988938
38.66 2.10220815706
38.68 2.09575612025
38.7 2.08359344482
38.72 2.06487853252
38.74 2.0387346272
38.76 2.0042680089
38.78 1.96058805714
38.8 1.90682886993
38.82 1.84217202477
38.84 1.76586997043
38.86 1.67726944779
38.88 1.57583426575
38.9 1.46116670566
38.92 1.33302680877
38.94 1.19134881494
38.96 1.03625407533
38.98 0.868059856465
39.0 0.687283584688
39.02 0.494642248062
39.04 0.291046864128
39.06 0.0775921294794
39.08 -0.144458421971
39.1 -0.373691224077
39.12 -0.608564744323
39.14 -0.847433963565
39.16 -1.08857633032
39.18 -1.33021820414
39.2 -1.57056081592
39.22 -1.80780483944
39.24 -2.04017278488
39.26 -2.26592858474
39.28 -2.48339393382
39.3 -2.69096115678
39.32 -2.88710259368
39.34 -3.07037670779
39.36 -3.23943131261
39.38 -3.39300448117
39.4 -3.52992382943
39.42 -3.6491049495
39.44 -3.74954980766
39.46 -3.83034590893
39.48 -3.89066697104
39.5 -3.92977574293
39.52 -3.94702945388
39.54 -3.94188819356
39.56 -3.91392630769
39.58 -3.86284665918
39.6 -3.78849735858
39.62 -3.69089032592
39.64 -3.57022081795
39.66 -3.42688685775
39.68 -3.26150734938
39.7 -3.07493756528
39.72 -2.86828066526
39.74 -2.64289396013
39.76 -2.40038876692
39.78 -2.14262292134
39.8 -1.87168531182
39.82 -1.58987215867
39.84 -1.29965517305
39.86 -1.0036421627
39.88 -0.704531078351
39.9 -0.405058892619
39.92 -0.107947035545
39.94 0.184154641864
39.96 0.468723264119
39.98 0.743415553388
