0.0 52.383452451
0.02 52.4819102845
0.04 52.5676531291
0.06 52.6408803689
0.08 52.7019690019
0.1 52.751457788
0.12 52.7900282139
0.14 52.8184829992
0.16 52.8377229043
0.18 52.8487225969
0.2 52.8525063006
0.22 52.8501238795
0.24 52.8426279294
0.26 52.8310523472
0.28 52.8163927411
0.3 52.7995889453
0.32 52.7815098001
0.34 52.7629402751
0.36 52.7445709388
0.38 52.726989723
0.4 52.710675886
0.42 52.6959960581
0.44 52.6832022359
0.46 52.672431595
0.48 52.6637079985
0.5 52.6569450927
0.52 52.6519508984
0.54 52.648433827
0.56 52.6460100614
0.58 52.6442122555
0.6 52.6424995088
0.62 52.640268567
0.64 52.6368661883
0.66 52.6316025875
0.68 52.6237658449
0.7 52.612637121
0.72 52.5975064756
0.74 52.5776890437
0.76 52.552541267
0.78 52.5214768403
0.8 52.4839819923
0.82 52.4396296954
0.84 52.3880923902
0.86 52.3291528159
0.88 52.2627125689
0.9 52.1887980577
0.92 52.107563596
0.94 52.0192914598
0.96 51.9243888412
0.98 51.8233817417
1.0 51.7169059679
1.02 51.6056955033
1.04 51.4905686398
1.06 51.3724123373
1.08 51.2521653497
1.1 51.1308006997
1.12 51.0093080937
1.14 50.888676858
1.16 50.7698799303
1.18 50.6538593761
1.2 50.541513806
1.22 50.4336879716
1.24 50.3311647004
1.26 50.2346592197
1.28 50.1448158034
1.3 50.0622065811
1.32 49.9873322535
1.34 49.9206243956
1.36 49.8624489745
1.38 49.8131106805
1.4 49.7728576624
1.42 49.7418862692
1.44 49.7203454298
1.46 49.7083403475
1.48 49.7059352463
1.5 49.7131549746
1.52 49.7299853503
1.54 49.7563722108
1.56 49.7922192165
1.58 49.837384539
1.6 49.8916766387
1.62 49.9548494096
1.64 50.0265970264
1.66 50.1065488735
1.68 50.1942649648
1.7 50.2892322738
1.72 50.3908623834
1.74 50.4984908307
1.76 50.6113784738
1.78 50.7287151293
1.8 50.8496256431
1.82 50.9731784474
1.84 51.0983965458
1.86 51.2242707469
1.88 51.3497748542
1.9 51.47388241
1.92 51.5955845049
1.94 51.7139080907
1.96 51.8279341963
1.98 51.9368154285
2.0 52.0397921578
2.02 52.136206835
2.04 52.2255159549
2.06 52.3072992797
2.08 52.3812660419
2.1 52.447257969
2.12 52.5052490917
2.14 52.5553424158
2.16 52.5977636452
2.18 52.6328522312
2.2 52.6610500994
2.22 52.682888451
2.24 52.6989730661
2.26 52.7099685427
2.28 52.7165818939
2.3 52.7195458967
2.32 52.7196025489
2.34 52.717486942
2.36 52.7139118059
2.38 52.7095529322
2.4 52.7050356347
2.42 52.7009223609
2.44 52.6977015392
2.46 52.6957777162
2.48 52.6954630271
2.5 52.696970034
2.52 52.7004059694
2.54 52.705768431
2.56 52.7129425904
2.58 52.7216999903
2.6 52.7316990281
2.62 52.7424872319
2.64 52.7535054463
2.66 52.764094046
2.68 52.7735012796
2.7 52.7808938278
2.72 52.785369614
2.74 52.785972856
2.76 52.7817112751
2.78 52.7715752953
2.8 52.7545589743
2.82 52.7296823058
2.84 52.6960144337
2.86 52.6526972249
2.88 52.5989685649
2.9 52.5341846821
2.92 52.4578407725
2.94 52.3695891974
2.96 52.2692545669
2.98 52.1568450957
3.0 52.0325597374
3.02 51.896790752
3.04 51.7501215381
3.06 51.5933197579
3.08 51.4273259838
3.1 51.25323829
3.12 51.0722933899
3.14 50.8858450627
3.16 50.6953407185
3.18 50.5022970067
3.2 50.3082753747
3.22 50.1148584406
3.24 49.9236279429
3.26 49.7361448973
3.28 49.5539324184
3.3 49.3784614758
3.32 49.2111396554
3.34 49.0533027998
3.36 48.9062092239
3.38 48.7710360469
3.4 48.648877058
3.42 48.540741457
3.44 48.4475527687
3.46 48.3701472433
3.48 48.3092711074
3.5 48.2655761298
3.52 48.2396131042
3.54 48.2318230237
3.56 48.2425259222
3.58 48.2719075725
3.6 48.3200044589
3.62 48.3866876583
3.64 48.4716464696
3.66 48.5743728002
3.68 48.6941474451
3.7 48.8300294651
3.72 48.980849868
3.74 49.1452107239
3.76 49.3214906896
3.78 49.5078576827
3.8 49.7022891439
3.82 49.9025999631
3.84 50.1064777454
3.86 50.3115246828
3.88 50.5153048917
3.9 50.7153957252
3.92 50.9094412725
3.94 51.0952060635
3.96 51.2706269082
3.98 51.4338608252
4.0 51.5833271656
4.02 51.7177422915
4.04 51.8361455171
4.06 51.9379154362
4.08 52.0227762092
4.1 52.0907938467
4.12 52.1423629564
4.14 52.1781848106
4.16 52.1992378992
4.18 52.2067423634
4.2 52.2021198367
4.22 52.1869502609
4.24 52.1629272027
4.26 52.1318130796
4.28 52.0953955339
4.3 52.0554459861
4.32 52.0136811723
4.34 51.9717282451
4.36 51.9310938027
4.38 51.8931370262
4.4 51.8590469499
4.42 51.8298237772
4.44 51.8062640812
4.46 51.7889496915
4.48 51.7782400721
4.5 51.7742680222
4.52 51.7769385812
4.54 51.7859310857
4.56 51.8007043925
4.58 51.820505347
4.6 51.8443806271
4.62 51.8711921237
4.64 51.8996360193
4.66 51.9282656966
4.68 51.9555185386
4.7 51.9797465727
4.72 51.9992507687
4.74 52.0123186203
4.76 52.017264439
4.78 52.0124715754
4.8 51.9964355684
4.82 51.9678070298
4.84 51.9254329141
4.86 51.8683947179
4.88 51.7960421199
4.9 51.7080206192
4.92 51.6042918623
4.94 51.4851455763
4.96 51.3512023248
4.98 51.2034066799
5.0 51.043010817
5.02 50.8715489788
5.04 50.6908036855
5.06 50.5027649555
5.08 50.3095841275
5.1 50.1135241127
5.12 49.9169080317
5.14 49.7220682117
5.16 49.5312974253
5.18 49.3468040508
5.2 49.170672555
5.22 49.0048303471
5.24 48.8510216725
5.26 48.710788814
5.28 48.5854604923
5.3 48.4761470135
5.32 48.3837414235
5.34 48.3089257155
5.36 48.2521809903
5.38 48.2138004085
5.4 48.1939037777
5.42 48.1924526932
5.44 48.2092652788
5.46 48.2440297452
5.48 48.2963161823
5.5 48.3655862224
5.52 48.4512004261
5.54 48.552423461
5.56 48.6684273334
5.58 48.7982931031
5.6 48.9410116426
5.62 49.0954840972
5.64 49.2605227489
5.66 49.4348529924
5.68 49.6171170847
5.7 49.8058802458
5.72 49.9996395548
5.74 50.1968359284
5.76 50.3958692787
5.78 50.5951167465
5.8 50.7929537021
5.82 50.987777012
5.84 51.1780298961
5.86 51.3622275655
5.88 51.5389827326
5.9 51.7070300458
5.92 51.865248507
5.94 52.0126809951
5.96 52.1485501324
5.98 52.2722698817
6.0 52.383452451
6.02 52.4819102845
6.04 52.5676531291
6.06 52.6408803689
6.08 52.7019690019
6.1 52.751457788
6.12 52.7900282139
6.14 52.8184829992
6.16 52.8377229043
6.18 52.8487225969
6.2 52.8525063006
6.22 52.8501238795
6.24 52.8426279294
6.26 52.8310523472
6.28 52.8163927411
6.3 52.7995889453
6.32 52.7815098001
6.34 52.7629402751
6.36 52.7445709388
6.38 52.726989723
6.4 52.710675886
6.42 52.6959960581
6.44 52.6832022359
6.46 52.672431595
6.48 52.6637079985
6.5 52.6569450927
6.52 52.6519508984
6.54 52.648433827
6.56 52.6460100614
6.58 52.6442122555
6.6 52.6424995088
6.62 52.640268567
6.64 52.6368661883
6.66 52.6316025875
6.68 52.623765845
6.7 52.612637121
6.72 52.5975064756
6.74 52.5776890437
6.76 52.552541267
6.78 52.5214768403
6.8 52.4839819923
6.82 52.4396296954
6.84 52.3880923902
6.86 52.3291528159
6.88 52.2627125688
6.9 52.1887980577
6.92 52.1075635959
6.94 52.0192914598
6.96 51.9243888411
6.98 51.8233817417
7.0 51.7169059679
7.02 51.6056955033
7.04 51.4905686398
7.06 51.3724123373
7.08 51.2521653497
7.1 51.1308006997
7.12 51.0093080937
7.14 50.888676858
7.16 50.7698799303
7.18 50.6538593761
7.2 50.541513806
7.22 50.4336879716
7.24 50.3311647004
7.26 50.2346592197
7.28 50.1448158034
7.3 50.0622065811
7.32 49.9873322535
7.34 49.9206243956
7.36 49.8624489745
7.38 49.8131106805
7.4 49.7728576624
7.42 49.7418862692
7.44 49.7203454298
7.46 49.7083403475
7.48 49.7059352463
7.5 49.7131549746
7.52 49.7299853503
7.54 49.7563722108
7.56 49.7922192165
7.58 49.837384539
7.6 49.8916766387
7.62 49.9548494096
7.64 50.0265970264
7.66 50.1065488735
7.68 50.1942649648
7.7 50.2892322738
7.72 50.3908623834
7.74 50.4984908307
7.76 50.6113784738
7.78 50.7287151293
7.8 50.8496256431
7.82 50.9731784474
7.84 51.0983965458
7.86 51.2242707469
7.88 51.3497748542
7.9 51.47388241
7.92 51.5955845049
7.94 51.7139080907
7.96 51.8279341963
7.98 51.9368154285
8.0 52.0397921578
8.02 52.136206835
8.04 52.2255159549
8.06 52.3072992797
8.08 52.3812660419
8.1 52.447257969
8.12 52.5052490917
8.14 52.5553424158
8.16 52.5977636452
8.18 52.6328522312
8.2 52.6610500994
8.22 52.682888451
8.24 52.6989730661
8.26 52.7099685427
8.28 52.7165818939
8.3 52.7195458967
8.32 52.7196025489
8.34 52.717486942
8.36 52.7139118059
8.38 52.7095529322
8.4 52.7050356347
8.42 52.7009223609
8.44 52.6977015392
8.46 52.6957777162
8.48 52.6954630271
8.5 52.696970034
8.52 52.7004059694
8.54 52.705768431
8.56 52.7129425904
8.58 52.7216999903
8.6 52.7316990281
8.62 52.7424872319
8.64 52.7535054463
8.66 52.764094046
8.68 52.7735012796
8.7 52.7808938278
8.72 52.785369614
8.74 52.785972856
8.76 52.7817112751
8.78 52.7715752953
8.8 52.7545589743
8.82 52.7296823057
8.84 52.6960144337
8.86 52.6526972249
8.88 52.5989685649
8.9 52.5341846821
8.92 52.4578407725
8.94 52.3695891974
8.96 52.2692545669
8.98 52.1568450957
9.0 52.0325597374
9.02 51.896790752
9.04 51.7501215381
9.06 51.5933197579
9.08 51.4273259837
9.1 51.25323829
9.12 51.0722933899
9.14 50.8858450627
9.16 50.6953407186
9.18 50.5022970067
9.2 50.3082753747
9.22 50.1148584406
9.24 49.9236279429
9.26 49.7361448973
9.28 49.5539324184
9.3 49.3784614758
9.32 49.2111396554
9.34 49.0533027998
9.36 48.9062092239
9.38 48.7710360469
9.4 48.648877058
9.42 48.540741457
9.44 48.4475527687
9.46 48.3701472433
9.48 48.3092711074
9.5 48.2655761298
9.52 48.2396131042
9.54 48.2318230237
9.56 48.2425259222
9.58 48.2719075725
9.6 48.3200044589
9.62 48.3866876583
9.64 48.4716464696
9.66 48.5743728002
9.68 48.6941474451
9.7 48.8300294651
9.72 48.980849868
9.74 49.1452107239
9.76 49.3214906896
9.78 49.5078576827
9.8 49.7022891439
9.82 49.9025999631
9.84 50.1064777454
9.86 50.3115246828
9.88 50.5153048917
9.9 50.7153957252
9.92 50.9094412725
9.94 51.0952060635
9.96 51.2706269082
9.98 51.4338608252
10.0 51.5833271656
10.02 51.7177422915
10.04 51.8361455171
10.06 51.9379154362
10.08 52.0227762092
10.1 52.0907938467
10.12 52.1423629564
10.14 52.1781848106
10.16 52.1992378992
10.18 52.2067423634
10.2 52.2021198367
10.22 52.1869502609
10.24 52.1629272027
10.26 52.1318130796
10.28 52.0953955339
10.3 52.0554459861
10.32 52.0136811723
10.34 51.9717282451
10.36 51.9310938027
10.38 51.8931370262
10.4 51.8590469499
10.42 51.8298237772
10.44 51.8062640812
10.46 51.7889496915
10.48 51.7782400721
10.5 51.7742680222
10.52 51.7769385812
10.54 51.7859310857
10.56 51.8007043925
10.58 51.820505347
10.6 51.8443806271
10.62 51.8711921237
10.64 51.8996360193
10.66 51.9282656966
10.68 51.9555185386
10.7 51.9797465727
10.72 51.9992507687
10.74 52.0123186203
10.76 52.0172644389
10.78 52.0124715754
10.8 51.9964355684
10.82 51.9678070298
10.84 51.9254329141
10.86 51.8683947179
10.88 51.7960421199
10.9 51.7080206192
10.92 51.6042918623
10.94 51.4851455763
10.96 51.3512023248
10.98 51.2034066799
11.0 51.043010817
11.02 50.8715489788
11.04 50.6908036856
11.06 50.5027649555
11.08 50.3095841274
11.1 50.1135241127
11.12 49.9169080317
11.14 49.7220682117
11.16 49.5312974253
11.18 49.3468040508
11.2 49.170672555
11.22 49.0048303471
11.24 48.8510216725
11.26 48.710788814
11.28 48.5854604923
11.3 48.4761470135
11.32 48.3837414235
11.34 48.3089257155
11.36 48.2521809903
11.38 48.2138004085
11.4 48.1939037777
11.42 48.1924526932
11.44 48.2092652788
11.46 48.2440297452
11.48 48.2963161823
11.5 48.3655862224
11.52 48.4512004261
11.54 48.552423461
11.56 48.6684273334
11.58 48.7982931031
11.6 48.9410116426
11.62 49.0954840972
11.64 49.2605227489
11.66 49.4348529924
11.68 49.6171170847
11.7 49.8058802458
11.72 49.9996395548
11.74 50.1968359284
11.76 50.3958692787
11.78 50.5951167465
11.8 50.7929537021
11.82 50.987777012
11.84 51.1780298961
11.86 51.3622275655
11.88 51.5389827325
11.9 51.7070300458
11.92 51.865248507
11.94 52.0126809951
11.96 52.1485501324
11.98 52.2722698817
12.0 52.383452451
12.02 52.4819102845
12.04 52.5676531291
12.06 52.6408803689
12.08 52.7019690019
12.1 52.751457788
12.12 52.7900282139
12.14 52.8184829992
12.16 52.8377229043
12.18 52.8487225969
12.2 52.8525063006
12.22 52.8501238795
12.24 52.8426279294
12.26 52.8310523472
12.28 52.8163927411
12.3 52.7995889453
12.32 52.7815098001
12.34 52.7629402751
12.36 52.7445709388
12.38 52.726989723
12.4 52.710675886
12.42 52.6959960581
12.44 52.6832022359
12.46 52.672431595
12.48 52.6637079985
12.5 52.6569450927
12.52 52.6519508984
12.54 52.648433827
12.56 52.6460100614
12.58 52.6442122555
12.6 52.6424995088
12.62 52.640268567
12.64 52.6368661883
12.66 52.6316025875
12.68 52.6237658449
12.7 52.612637121
12.72 52.5975064756
12.74 52.5776890437
12.76 52.552541267
12.78 52.5214768404
12.8 52.4839819923
12.82 52.4396296954
12.84 52.3880923902
12.86 52.3291528159
12.88 52.2627125689
12.9 52.1887980577
12.92 52.1075635959
12.94 52.0192914598
12.96 51.9243888411
12.98 51.8233817417
13.0 51.7169059679
13.02 51.6056955033
13.04 51.4905686398
13.06 51.3724123373
13.08 51.2521653497
13.1 51.1308006997
13.12 51.0093080937
13.14 50.888676858
13.16 50.7698799303
13.18 50.6538593761
13.2 50.541513806
13.22 50.4336879716
13.24 50.3311647004
13.26 50.2346592196
13.28 50.1448158034
13.3 50.0622065811
13.32 49.9873322535
13.34 49.9206243956
13.36 49.8624489745
13.38 49.8131106805
13.4 49.7728576624
13.42 49.7418862692
13.44 49.7203454298
13.46 49.7083403475
13.48 49.7059352463
13.5 49.7131549746
13.52 49.7299853503
13.54 49.7563722108
13.56 49.7922192165
13.58 49.837384539
13.6 49.8916766387
13.62 49.9548494096
13.64 50.0265970264
13.66 50.1065488735
13.68 50.1942649647
13.7 50.2892322738
13.72 50.3908623834
13.74 50.4984908307
13.76 50.6113784738
13.78 50.7287151293
13.8 50.8496256431
13.82 50.9731784474
13.84 51.0983965458
13.86 51.2242707469
13.88 51.3497748542
13.9 51.47388241
13.92 51.5955845049
13.94 51.7139080907
13.96 51.8279341963
13.98 51.9368154285
14.0 52.0397921578
14.02 52.136206835
14.04 52.2255159549
14.06 52.3072992797
14.08 52.3812660419
14.1 52.447257969
14.12 52.5052490917
14.14 52.5553424158
14.16 52.5977636452
14.18 52.6328522312
14.2 52.6610500994
14.22 52.682888451
14.24 52.6989730661
14.26 52.7099685427
14.28 52.7165818939
14.3 52.7195458967
14.32 52.7196025489
14.34 52.717486942
14.36 52.7139118059
14.38 52.7095529322
14.4 52.7050356347
14.42 52.7009223609
14.44 52.6977015392
14.46 52.6957777162
14.48 52.6954630271
14.5 52.696970034
14.52 52.7004059694
14.54 52.705768431
14.56 52.7129425904
14.58 52.7216999903
14.6 52.7316990281
14.62 52.7424872319
14.64 52.7535054463
14.66 52.764094046
14.68 52.7735012796
14.7 52.7808938278
14.72 52.785369614
14.74 52.785972856
14.76 52.7817112751
14.78 52.7715752953
14.8 52.7545589743
14.82 52.7296823058
14.84 52.6960144337
14.86 52.6526972249
14.88 52.5989685649
14.9 52.5341846822
14.92 52.4578407725
14.94 52.3695891974
14.96 52.2692545669
14.98 52.1568450957
15.0 52.0325597374
15.02 51.896790752
15.04 51.7501215381
15.06 51.5933197579
15.08 51.4273259838
15.1 51.25323829
15.12 51.0722933899
15.14 50.8858450627
15.16 50.6953407185
15.18 50.5022970067
15.2 50.3082753747
15.22 50.1148584406
15.24 49.9236279429
15.26 49.7361448973
15.28 49.5539324183
15.3 49.3784614758
15.32 49.2111396554
15.34 49.0533027998
15.36 48.9062092239
15.38 48.7710360469
15.4 48.648877058
15.42 48.540741457
15.44 48.4475527687
15.46 48.3701472433
15.48 48.3092711074
15.5 48.2655761298
15.52 48.2396131042
15.54 48.2318230237
15.56 48.2425259222
15.58 48.2719075725
15.6 48.3200044589
15.62 48.3866876583
15.64 48.4716464696
15.66 48.5743728002
15.68 48.6941474451
15.7 48.8300294651
15.72 48.980849868
15.74 49.1452107239
15.76 49.3214906896
15.78 49.5078576827
15.8 49.7022891439
15.82 49.9025999631
15.84 50.1064777454
15.86 50.3115246828
15.88 50.5153048917
15.9 50.7153957253
15.92 50.9094412724
15.94 51.0952060635
15.96 51.2706269082
15.98 51.4338608252
16.0 51.5833271656
16.02 51.7177422914
16.04 51.8361455171
16.06 51.9379154362
16.08 52.0227762092
16.1 52.0907938467
16.12 52.1423629564
16.14 52.1781848106
16.16 52.1992378992
16.18 52.2067423634
16.2 52.2021198367
16.22 52.1869502609
16.24 52.1629272027
16.26 52.1318130796
16.28 52.0953955339
16.3 52.0554459861
16.32 52.0136811723
16.34 51.9717282451
16.36 51.9310938027
16.38 51.8931370262
16.4 51.8590469499
16.42 51.8298237772
16.44 51.8062640812
16.46 51.7889496915
16.48 51.7782400721
16.5 51.7742680222
16.52 51.7769385812
16.54 51.7859310857
16.56 51.8007043925
16.58 51.820505347
16.6 51.8443806271
16.62 51.8711921237
16.64 51.8996360193
16.66 51.9282656966
16.68 51.9555185386
16.7 51.9797465727
16.72 51.9992507687
16.74 52.0123186203
16.76 52.017264439
16.78 52.0124715754
16.8 51.9964355684
16.82 51.9678070298
16.84 51.9254329141
16.86 51.8683947179
16.88 51.7960421199
16.9 51.7080206192
16.92 51.6042918623
16.94 51.4851455763
16.96 51.3512023248
16.98 51.2034066799
17.0 51.043010817
17.02 50.8715489788
17.04 50.6908036856
17.06 50.5027649555
17.08 50.3095841274
17.1 50.1135241127
17.12 49.9169080317
17.14 49.7220682117
17.16 49.5312974253
17.18 49.3468040508
17.2 49.170672555
17.22 49.0048303471
17.24 48.8510216725
17.26 48.710788814
17.28 48.5854604923
17.3 48.4761470135
17.32 48.3837414235
17.34 48.3089257155
17.36 48.2521809903
17.38 48.2138004085
17.4 48.1939037777
17.42 48.1924526932
17.44 48.2092652788
17.46 48.2440297452
17.48 48.2963161823
17.5 48.3655862224
17.52 48.4512004261
17.54 48.552423461
17.56 48.6684273334
17.58 48.7982931031
17.6 48.9410116426
17.62 49.0954840972
17.64 49.2605227489
17.66 49.4348529924
17.68 49.6171170847
17.7 49.8058802458
17.72 49.9996395548
17.74 50.1968359284
17.76 50.3958692787
17.78 50.5951167465
17.8 50.7929537022
17.82 50.987777012
17.84 51.1780298961
17.86 51.3622275654
17.88 51.5389827326
17.9 51.7070300458
17.92 51.865248507
17.94 52.0126809951
17.96 52.1485501324
17.98 52.2722698817
18.0 52.383452451
18.02 52.4819102846
18.04 52.5676531291
18.06 52.6408803689
18.08 52.7019690019
18.1 52.751457788
18.12 52.7900282139
18.14 52.8184829992
18.16 52.8377229043
18.18 52.8487225969
18.2 52.8525063006
18.22 52.8501238795
18.24 52.8426279294
18.26 52.8310523472
18.28 52.8163927411
18.3 52.7995889453
18.32 52.7815098001
18.34 52.7629402751
18.36 52.7445709388
18.38 52.726989723
18.4 52.710675886
18.42 52.6959960581
18.44 52.6832022359
18.46 52.672431595
18.48 52.6637079985
18.5 52.6569450927
18.52 52.6519508984
18.54 52.648433827
18.56 52.6460100614
18.58 52.6442122555
18.6 52.6424995088
18.62 52.640268567
18.64 52.6368661883
18.66 52.6316025875
18.68 52.6237658449
18.7 52.612637121
18.72 52.5975064756
18.74 52.5776890437
18.76 52.552541267
18.78 52.5214768403
18.8 52.4839819923
18.82 52.4396296954
18.84 52.3880923902
18.86 52.3291528159
18.88 52.2627125689
18.9 52.1887980577
18.92 52.107563596
18.94 52.0192914598
18.96 51.9243888412
18.98 51.8233817417
19.0 51.7169059679
19.02 51.6056955033
19.04 51.4905686398
19.06 51.3724123373
19.08 51.2521653497
19.1 51.1308006997
19.12 51.0093080937
19.14 50.888676858
19.16 50.7698799303
19.18 50.6538593761
19.2 50.541513806
19.22 50.4336879716
19.24 50.3311647004
19.26 50.2346592196
19.28 50.1448158034
19.3 50.0622065811
19.32 49.9873322535
19.34 49.9206243956
19.36 49.8624489745
19.38 49.8131106805
19.4 49.7728576624
19.42 49.7418862692
19.44 49.7203454298
19.46 49.7083403475
19.48 49.7059352463
19.5 49.7131549746
19.52 49.7299853503
19.54 49.7563722108
19.56 49.7922192165
19.58 49.837384539
19.6 49.8916766387
19.62 49.9548494096
19.64 50.0265970264
19.66 50.1065488735
19.68 50.1942649648
19.7 50.2892322738
19.72 50.3908623834
19.74 50.4984908307
19.76 50.6113784738
19.78 50.7287151293
19.8 50.8496256431
19.82 50.9731784474
19.84 51.0983965458
19.86 51.2242707469
19.88 51.3497748542
19.9 51.47388241
19.92 51.5955845049
19.94 51.7139080907
19.96 51.8279341963
19.98 51.9368154285
20.0 52.0397921578
20.02 52.136206835
20.04 52.2255159549
20.06 52.3072992797
20.08 52.3812660419
20.1 52.447257969
20.12 52.5052490917
20.14 52.5553424158
20.16 52.5977636452
20.18 52.6328522312
20.2 52.6610500994
20.22 52.682888451
20.24 52.6989730661
20.26 52.7099685427
20.28 52.7165818939
20.3 52.7195458967
20.32 52.7196025489
20.34 52.717486942
20.36 52.7139118059
20.38 52.7095529322
20.4 52.7050356347
20.42 52.7009223609
20.44 52.6977015392
20.46 52.6957777162
20.48 52.6954630271
20.5 52.696970034
20.52 52.7004059694
20.54 52.705768431
20.56 52.7129425904
20.58 52.7216999903
20.6 52.7316990281
20.62 52.7424872319
20.64 52.7535054464
20.66 52.764094046
20.68 52.7735012796
20.7 52.7808938278
20.72 52.785369614
20.74 52.785972856
20.76 52.7817112751
20.78 52.7715752953
20.8 52.7545589743
20.82 52.7296823057
20.84 52.6960144337
20.86 52.6526972249
20.88 52.5989685649
20.9 52.5341846821
20.92 52.4578407725
20.94 52.3695891974
20.96 52.2692545669
20.98 52.1568450957
21.0 52.0325597375
21.02 51.896790752
21.04 51.7501215381
21.06 51.5933197579
21.08 51.4273259838
21.1 51.25323829
21.12 51.0722933899
21.14 50.8858450627
21.16 50.6953407185
21.18 50.5022970067
21.2 50.3082753747
21.22 50.1148584406
21.24 49.9236279429
21.26 49.7361448973
21.28 49.5539324184
21.3 49.3784614758
21.32 49.2111396554
21.34 49.0533027998
21.36 48.9062092239
21.38 48.7710360468
21.4 48.648877058
21.42 48.540741457
21.44 48.4475527687
21.46 48.3701472433
21.48 48.3092711074
21.5 48.2655761298
21.52 48.2396131042
21.54 48.2318230237
21.56 48.2425259222
21.58 48.2719075725
21.6 48.3200044589
21.62 48.3866876583
21.64 48.4716464696
21.66 48.5743728002
21.68 48.6941474451
21.7 48.8300294651
21.72 48.980849868
21.74 49.1452107239
21.76 49.3214906896
21.78 49.5078576827
21.8 49.7022891439
21.82 49.9025999631
21.84 50.1064777454
21.86 50.3115246828
21.88 50.5153048917
21.9 50.7153957253
21.92 50.9094412724
21.94 51.0952060635
21.96 51.2706269082
21.98 51.4338608252
22.0 51.5833271656
22.02 51.7177422915
22.04 51.8361455171
22.06 51.9379154362
22.08 52.0227762092
22.1 52.0907938467
22.12 52.1423629564
22.14 52.1781848106
22.16 52.1992378992
22.18 52.2067423634
22.2 52.2021198367
22.22 52.1869502609
22.24 52.1629272027
22.26 52.1318130796
22.28 52.0953955339
22.3 52.0554459861
22.32 52.0136811723
22.34 51.9717282451
22.36 51.9310938027
22.38 51.8931370262
22.4 51.8590469499
22.42 51.8298237772
22.44 51.8062640812
22.46 51.7889496915
22.48 51.7782400721
22.5 51.7742680222
22.52 51.7769385812
22.54 51.7859310857
22.56 51.8007043925
22.58 51.820505347
22.6 51.8443806272
22.62 51.8711921237
22.64 51.8996360193
22.66 51.9282656966
22.68 51.9555185386
22.7 51.9797465727
22.72 51.9992507687
22.74 52.0123186203
22.76 52.017264439
22.78 52.0124715754
22.8 51.9964355684
22.82 51.9678070298
22.84 51.9254329141
22.86 51.8683947179
22.88 51.7960421199
22.9 51.7080206192
22.92 51.6042918623
22.94 51.4851455763
22.96 51.3512023248
22.98 51.2034066799
23.0 51.043010817
23.02 50.8715489788
23.04 50.6908036856
23.06 50.5027649554
23.08 50.3095841275
23.1 50.1135241127
23.12 49.9169080317
23.14 49.7220682117
23.16 49.5312974253
23.18 49.3468040508
23.2 49.170672555
23.22 49.0048303471
23.24 48.8510216725
23.26 48.710788814
23.28 48.5854604923
23.3 48.4761470135
23.32 48.3837414235
23.34 48.3089257155
23.36 48.2521809903
23.38 48.2138004085
23.4 48.1939037777
23.42 48.1924526932
23.44 48.2092652788
23.46 48.2440297452
23.48 48.2963161823
23.5 48.3655862224
23.52 48.4512004261
23.54 48.552423461
23.56 48.6684273334
23.58 48.7982931031
23.6 48.9410116426
23.62 49.0954840972
23.64 49.2605227489
23.66 49.4348529924
23.68 49.6171170847
23.7 49.8058802458
23.72 49.9996395548
23.74 50.1968359284
23.76 50.3958692787
23.78 50.5951167465
23.8 50.7929537021
23.82 50.987777012
23.84 51.1780298961
23.86 51.3622275655
23.88 51.5389827326
23.9 51.7070300458
23.92 51.865248507
23.94 52.0126809951
23.96 52.1485501324
23.98 52.2722698817
24.0 52.383452451
24.02 52.4819102846
24.04 52.5676531291
24.06 52.6408803689
24.08 52.7019690019
24.1 52.751457788
24.12 52.7900282139
24.14 52.8184829992
24.16 52.8377229043
24.18 52.8487225969
24.2 52.8525063006
24.22 52.8501238795
24.24 52.8426279294
24.26 52.8310523472
24.28 52.8163927411
24.3 52.7995889453
24.32 52.7815098001
24.34 52.7629402751
24.36 52.7445709388
24.38 52.726989723
24.4 52.710675886
24.42 52.6959960581
24.44 52.6832022359
24.46 52.672431595
24.48 52.6637079985
24.5 52.6569450927
24.52 52.6519508984
24.54 52.648433827
24.56 52.6460100614
24.58 52.6442122555
24.6 52.6424995088
24.62 52.640268567
24.64 52.6368661883
24.66 52.6316025875
24.68 52.6237658449
24.7 52.612637121
24.72 52.5975064756
24.74 52.5776890437
24.76 52.552541267
24.78 52.5214768403
24.8 52.4839819923
24.82 52.4396296954
24.84 52.3880923902
24.86 52.3291528159
24.88 52.2627125689
24.9 52.1887980577
24.92 52.107563596
24.94 52.0192914598
24.96 51.9243888412
24.98 51.8233817417
25.0 51.7169059679
25.02 51.6056955033
25.04 51.4905686398
25.06 51.3724123373
25.08 51.2521653497
25.1 51.1308006997
25.12 51.0093080937
25.14 50.888676858
25.16 50.7698799303
25.18 50.6538593761
25.2 50.541513806
25.22 50.4336879716
25.24 50.3311647004
25.26 50.2346592196
25.28 50.1448158034
25.3 50.0622065811
25.32 49.9873322535
25.34 49.9206243956
25.36 49.8624489745
25.38 49.8131106805
25.4 49.7728576624
25.42 49.7418862692
25.44 49.7203454298
25.46 49.7083403475
25.48 49.7059352463
25.5 49.7131549746
25.52 49.7299853503
25.54 49.7563722108
25.56 49.7922192165
25.58 49.837384539
25.6 49.8916766387
25.62 49.9548494096
25.64 50.0265970264
25.66 50.1065488735
25.68 50.1942649648
25.7 50.2892322738
25.72 50.3908623834
25.74 50.4984908307
25.76 50.6113784738
25.78 50.7287151293
25.8 50.8496256431
25.82 50.9731784474
25.84 51.0983965458
25.86 51.2242707469
25.88 51.3497748542
25.9 51.47388241
25.92 51.5955845049
25.94 51.7139080907
25.96 51.8279341963
25.98 51.9368154285
26.0 52.0397921578
26.02 52.136206835
26.04 52.2255159549
26.06 52.3072992796
26.08 52.3812660419
26.1 52.447257969
26.12 52.5052490916
26.14 52.5553424158
26.16 52.5977636452
26.18 52.6328522312
26.2 52.6610500994
26.22 52.682888451
26.24 52.6989730661
26.26 52.7099685427
26.28 52.7165818939
26.3 52.7195458967
26.32 52.7196025489
26.34 52.717486942
26.36 52.7139118059
26.38 52.7095529322
26.4 52.7050356347
26.42 52.7009223609
26.44 52.6977015392
26.46 52.6957777162
26.48 52.6954630271
26.5 52.696970034
26.52 52.7004059694
26.54 52.705768431
26.56 52.7129425904
26.58 52.7216999903
26.6 52.7316990281
26.62 52.7424872319
26.64 52.7535054463
26.66 52.764094046
26.68 52.7735012796
26.7 52.7808938278
26.72 52.785369614
26.74 52.785972856
26.76 52.7817112751
26.78 52.7715752953
26.8 52.7545589743
26.82 52.7296823058
26.84 52.6960144337
26.86 52.6526972249
26.88 52.5989685649
26.9 52.5341846821
26.92 52.4578407725
26.94 52.3695891974
26.96 52.2692545669
26.98 52.1568450957
27.0 52.0325597374
27.02 51.896790752
27.04 51.7501215381
27.06 51.5933197579
27.08 51.4273259837
27.1 51.25323829
27.12 51.0722933899
27.14 50.8858450627
27.16 50.6953407186
27.18 50.5022970067
27.2 50.3082753747
27.22 50.1148584406
27.24 49.9236279429
27.26 49.7361448973
27.28 49.5539324183
27.3 49.3784614758
27.32 49.2111396554
27.34 49.0533027998
27.36 48.9062092239
27.38 48.7710360469
27.4 48.648877058
27.42 48.540741457
27.44 48.4475527687
27.46 48.3701472433
27.48 48.3092711074
27.5 48.2655761298
27.52 48.2396131042
27.54 48.2318230237
27.56 48.2425259222
27.58 48.2719075725
27.6 48.3200044589
27.62 48.3866876583
27.64 48.4716464696
27.66 48.5743728001
27.68 48.6941474451
27.7 48.8300294651
27.72 48.980849868
27.74 49.1452107239
27.76 49.3214906896
27.78 49.5078576827
27.8 49.7022891439
27.82 49.902599963
27.84 50.1064777455
27.86 50.3115246828
27.88 50.5153048917
27.9 50.7153957253
27.92 50.9094412724
27.94 51.0952060635
27.96 51.2706269082
27.98 51.4338608252
28.0 51.5833271656
28.02 51.7177422915
28.04 51.8361455171
28.06 51.9379154362
28.08 52.0227762092
28.1 52.0907938467
28.12 52.1423629565
28.14 52.1781848106
28.16 52.1992378992
28.18 52.2067423634
28.2 52.2021198367
28.22 52.1869502609
28.24 52.1629272027
28.26 52.1318130796
28.28 52.0953955339
28.3 52.0554459861
28.32 52.0136811723
28.34 51.9717282451
28.36 51.9310938027
28.38 51.8931370262
28.4 51.8590469499
28.42 51.8298237772
28.44 51.8062640812
28.46 51.7889496915
28.48 51.7782400721
28.5 51.7742680222
28.52 51.7769385812
28.54 51.7859310857
28.56 51.8007043925
28.58 51.820505347
28.6 51.8443806271
28.62 51.8711921237
28.64 51.8996360193
28.66 51.9282656966
28.68 51.9555185386
28.7 51.9797465727
28.72 51.9992507687
28.74 52.0123186203
28.76 52.017264439
28.78 52.0124715754
28.8 51.9964355684
28.82 51.9678070298
28.84 51.9254329141
28.86 51.8683947179
28.88 51.7960421199
28.9 51.7080206192
28.92 51.6042918623
28.94 51.4851455763
28.96 51.3512023248
28.98 51.20340668
29.0 51.0430108169
29.02 50.8715489788
29.04 50.6908036856
29.06 50.5027649554
29.08 50.3095841275
29.1 50.1135241127
29.12 49.9169080316
29.14 49.7220682117
29.16 49.5312974253
29.18 49.3468040508
29.2 49.170672555
29.22 49.0048303471
29.24 48.8510216725
29.26 48.710788814
29.28 48.5854604923
29.3 48.4761470135
29.32 48.3837414235
29.34 48.3089257155
29.36 48.2521809903
29.38 48.2138004085
29.4 48.1939037777
29.42 48.1924526932
29.44 48.2092652788
29.46 48.2440297452
29.48 48.2963161823
29.5 48.3655862224
29.52 48.4512004261
29.54 48.552423461
29.56 48.6684273334
29.58 48.7982931031
29.6 48.9410116426
29.62 49.0954840972
29.64 49.2605227489
29.66 49.4348529924
29.68 49.6171170847
29.7 49.8058802458
29.72 49.9996395548
29.74 50.1968359284
29.76 50.3958692787
29.78 50.5951167465
29.8 50.7929537021
29.82 50.987777012
29.84 51.1780298962
29.86 51.3622275654
29.88 51.5389827326
29.9 51.7070300458
29.92 51.865248507
29.94 52.0126809951
29.96 52.1485501324
29.98 52.2722698817
30.0 52.383452451
30.02 52.4819102845
30.04 52.5676531291
30.06 52.6408803689
30.08 52.7019690019
30.1 52.751457788
30.12 52.7900282139
30.14 52.8184829992
30.16 52.8377229043
30.18 52.8487225969
30.2 52.8525063006
30.22 52.8501238795
30.24 52.8426279294
30.26 52.8310523472
30.28 52.8163927411
30.3 52.7995889453
30.32 52.7815098001
30.34 52.7629402751
30.36 52.7445709388
30.38 52.726989723
30.4 52.710675886
30.42 52.6959960581
30.44 52.6832022359
30.46 52.672431595
30.48 52.6637079985
30.5 52.6569450927
30.52 52.6519508984
30.54 52.648433827
30.56 52.6460100614
30.58 52.6442122555
30.6 52.6424995088
30.62 52.6402685671
30.64 52.6368661883
30.66 52.6316025875
30.68 52.623765845
30.7 52.612637121
30.72 52.5975064756
30.74 52.5776890437
30.76 52.552541267
30.78 52.5214768403
30.8 52.4839819923
30.82 52.4396296954
30.84 52.3880923902
30.86 52.3291528159
30.88 52.2627125688
30.9 52.1887980577
30.92 52.1075635959
30.94 52.0192914598
30.96 51.9243888412
30.98 51.8233817417
31.0 51.7169059678
31.02 51.6056955033
31.04 51.4905686398
31.06 51.3724123373
31.08 51.2521653497
31.1 51.1308006997
31.12 51.0093080937
31.14 50.888676858
31.16 50.7698799303
31.18 50.6538593761
31.2 50.541513806
31.22 50.4336879716
31.24 50.3311647004
31.26 50.2346592196
31.28 50.1448158035
31.3 50.0622065811
31.32 49.9873322535
31.34 49.9206243956
31.36 49.8624489745
31.38 49.8131106805
31.4 49.7728576624
31.42 49.7418862692
31.44 49.7203454298
31.46 49.7083403475
31.48 49.7059352463
31.5 49.7131549746
31.52 49.7299853503
31.54 49.7563722108
31.56 49.7922192165
31.58 49.837384539
31.6 49.8916766387
31.62 49.9548494096
31.64 50.0265970264
31.66 50.1065488735
31.68 50.1942649648
31.7 50.2892322738
31.72 50.3908623834
31.74 50.4984908307
31.76 50.6113784738
31.78 50.7287151293
31.8 50.8496256431
31.82 50.9731784474
31.84 51.0983965458
31.86 51.2242707469
31.88 51.3497748542
31.9 51.47388241
31.92 51.5955845049
31.94 51.7139080907
31.96 51.8279341963
31.98 51.9368154285
32.0 52.0397921578
32.02 52.136206835
32.04 52.2255159549
32.06 52.3072992796
32.08 52.3812660419
32.1 52.447257969
32.12 52.5052490916
32.14 52.5553424158
32.16 52.5977636451
32.18 52.6328522312
32.2 52.6610500994
32.22 52.682888451
32.24 52.6989730661
32.26 52.7099685427
32.28 52.7165818939
32.3 52.7195458967
32.32 52.7196025489
32.34 52.717486942
32.36 52.7139118059
32.38 52.7095529322
32.4 52.7050356347
32.42 52.7009223609
32.44 52.6977015392
32.46 52.6957777162
32.48 52.6954630271
32.5 52.696970034
32.52 52.7004059694
32.54 52.705768431
32.56 52.7129425904
32.58 52.7216999903
32.6 52.7316990281
32.62 52.7424872319
32.64 52.7535054464
32.66 52.764094046
32.68 52.7735012796
32.7 52.7808938278
32.72 52.785369614
32.74 52.785972856
32.76 52.7817112751
32.78 52.7715752953
32.8 52.7545589743
32.82 52.7296823058
32.84 52.6960144337
32.86 52.6526972249
32.88 52.5989685649
32.9 52.5341846821
32.92 52.4578407724
32.94 52.3695891974
32.96 52.2692545669
32.98 52.1568450957
33.0 52.0325597374
33.02 51.896790752
33.04 51.7501215381
33.06 51.5933197579
33.08 51.4273259837
33.1 51.25323829
33.12 51.0722933899
33.14 50.8858450627
33.16 50.6953407186
33.18 50.5022970067
33.2 50.3082753747
33.22 50.1148584406
33.24 49.9236279429
33.26 49.7361448973
33.28 49.5539324184
33.3 49.3784614758
33.32 49.2111396554
33.34 49.0533027998
33.36 48.9062092239
33.38 48.7710360469
33.4 48.648877058
33.42 48.540741457
33.44 48.4475527687
33.46 48.3701472433
33.48 48.3092711074
33.5 48.2655761298
33.52 48.2396131042
33.54 48.2318230237
33.56 48.2425259222
33.58 48.2719075725
33.6 48.3200044589
33.62 48.3866876583
33.64 48.4716464696
33.66 48.5743728001
33.68 48.6941474451
33.7 48.8300294651
33.72 48.980849868
33.74 49.1452107239
33.76 49.3214906896
33.78 49.5078576827
33.8 49.7022891439
33.82 49.902599963
33.84 50.1064777454
33.86 50.3115246828
33.88 50.5153048917
33.9 50.7153957253
33.92 50.9094412725
33.94 51.0952060635
33.96 51.2706269082
33.98 51.4338608252
34.0 51.5833271656
34.02 51.7177422915
34.04 51.8361455171
34.06 51.9379154362
34.08 52.0227762093
34.1 52.0907938467
34.12 52.1423629564
34.14 52.1781848106
34.16 52.1992378991
34.18 52.2067423634
34.2 52.2021198367
34.22 52.1869502609
34.24 52.1629272027
34.26 52.1318130796
34.28 52.0953955339
34.3 52.0554459861
34.32 52.0136811723
34.34 51.9717282451
34.36 51.9310938027
34.38 51.8931370262
34.4 51.8590469499
34.42 51.8298237772
34.44 51.8062640812
34.46 51.7889496915
34.48 51.7782400721
34.5 51.7742680222
34.52 51.7769385812
34.54 51.7859310857
34.56 51.8007043925
34.58 51.820505347
34.6 51.8443806272
34.62 51.8711921237
34.64 51.8996360193
34.66 51.9282656966
34.68 51.9555185386
34.7 51.9797465727
34.72 51.9992507687
34.74 52.0123186202
34.76 52.017264439
34.78 52.0124715754
34.8 51.9964355683
34.82 51.9678070298
34.84 51.9254329141
34.86 51.8683947179
34.88 51.7960421199
34.9 51.7080206191
34.92 51.6042918624
34.94 51.4851455763
34.96 51.3512023248
34.98 51.20340668
35.0 51.043010817
35.02 50.8715489788
35.04 50.6908036856
35.06 50.5027649554
35.08 50.3095841275
35.1 50.1135241127
35.12 49.9169080317
35.14 49.7220682117
35.16 49.5312974253
35.18 49.3468040508
35.2 49.170672555
35.22 49.0048303471
35.24 48.8510216725
35.26 48.710788814
35.28 48.5854604923
35.3 48.4761470135
35.32 48.3837414235
35.34 48.3089257155
35.36 48.2521809903
35.38 48.2138004085
35.4 48.1939037777
35.42 48.1924526932
35.44 48.2092652788
35.46 48.2440297452
35.48 48.2963161823
35.5 48.3655862224
35.52 48.4512004261
35.54 48.552423461
35.56 48.6684273334
35.58 48.7982931031
35.6 48.9410116426
35.62 49.0954840972
35.64 49.2605227489
35.66 49.4348529924
35.68 49.6171170847
35.7 49.8058802458
35.72 49.9996395548
35.74 50.1968359284
35.76 50.3958692787
35.78 50.5951167465
35.8 50.7929537021
35.82 50.987777012
35.84 51.1780298961
35.86 51.3622275654
35.88 51.5389827326
35.9 51.7070300458
35.92 51.865248507
35.94 52.0126809951
35.96 52.1485501324
35.98 52.2722698817
36.0 52.383452451
36.02 52.4819102845
36.04 52.5676531291
36.06 52.6408803689
36.08 52.7019690019
36.1 52.751457788
36.12 52.7900282139
36.14 52.8184829992
36.16 52.8377229043
36.18 52.8487225969
36.2 52.8525063006
36.22 52.8501238795
36.24 52.8426279294
36.26 52.8310523472
36.28 52.8163927411
36.3 52.7995889453
36.32 52.7815098001
36.34 52.7629402751
36.36 52.7445709388
36.38 52.726989723
36.4 52.710675886
36.42 52.6959960581
36.44 52.6832022359
36.46 52.672431595
36.48 52.6637079985
36.5 52.6569450927
36.52 52.6519508984
36.54 52.648433827
36.56 52.6460100614
36.58 52.6442122555
36.6 52.6424995087
36.62 52.6402685671
36.64 52.6368661883
36.66 52.6316025875
36.68 52.623765845
36.7 52.612637121
36.72 52.5975064756
36.74 52.5776890437
36.76 52.552541267
36.78 52.5214768403
36.8 52.4839819923
36.82 52.4396296954
36.84 52.3880923902
36.86 52.3291528159
36.88 52.2627125688
36.9 52.1887980577
36.92 52.107563596
36.94 52.0192914598
36.96 51.9243888412
36.98 51.8233817417
37.0 51.7169059678
37.02 51.6056955033
37.04 51.4905686398
37.06 51.3724123373
37.08 51.2521653497
37.1 51.1308006997
37.12 51.0093080937
37.14 50.888676858
37.16 50.7698799303
37.18 50.6538593761
37.2 50.541513806
37.22 50.4336879715
37.24 50.3311647004
37.26 50.2346592197
37.28 50.1448158034
37.3 50.0622065811
37.32 49.9873322535
37.34 49.9206243956
37.36 49.8624489745
37.38 49.8131106805
37.4 49.7728576624
37.42 49.7418862692
37.44 49.7203454298
37.46 49.7083403475
37.48 49.7059352463
37.5 49.7131549746
37.52 49.7299853503
37.54 49.7563722108
37.56 49.7922192165
37.58 49.837384539
37.6 49.8916766387
37.62 49.9548494096
37.64 50.0265970264
37.66 50.1065488735
37.68 50.1942649648
37.7 50.2892322738
37.72 50.3908623834
37.74 50.4984908307
37.76 50.6113784738
37.78 50.7287151293
37.8 50.8496256431
37.82 50.9731784474
37.84 51.0983965458
37.86 51.2242707469
37.88 51.3497748542
37.9 51.47388241
37.92 51.5955845049
37.94 51.7139080907
37.96 51.8279341963
37.98 51.9368154285
38.0 52.0397921578
38.02 52.136206835
38.04 52.2255159549
38.06 52.3072992796
38.08 52.3812660419
38.1 52.447257969
38.12 52.5052490917
38.14 52.5553424158
38.16 52.5977636452
38.18 52.6328522312
38.2 52.6610500994
38.22 52.682888451
38.24 52.6989730661
38.26 52.7099685427
38.28 52.7165818939
38.3 52.7195458967
38.32 52.7196025489
38.34 52.717486942
38.36 52.7139118059
38.38 52.7095529322
38.4 52.7050356347
38.42 52.7009223609
38.44 52.6977015392
38.46 52.6957777162
38.48 52.6954630271
38.5 52.696970034
38.52 52.7004059694
38.54 52.705768431
38.56 52.7129425904
38.58 52.7216999903
38.6 52.7316990281
38.62 52.7424872319
38.64 52.7535054463
38.66 52.764094046
38.68 52.7735012796
38.7 52.7808938278
38.72 52.785369614
38.74 52.785972856
38.76 52.7817112751
38.78 52.7715752953
38.8 52.7545589743
38.82 52.7296823057
38.84 52.6960144337
38.86 52.6526972249
38.88 52.5989685649
38.9 52.5341846821
38.92 52.4578407725
38.94 52.3695891974
38.96 52.2692545669
38.98 52.1568450957
39.0 52.0325597375
39.02 51.896790752
39.04 51.7501215381
39.06 51.5933197579
39.08 51.4273259837
39.1 51.25323829
39.12 51.0722933899
39.14 50.8858450627
39.16 50.6953407186
39.18 50.5022970067
39.2 50.3082753747
39.22 50.1148584406
39.24 49.9236279429
39.26 49.7361448973
39.28 49.5539324184
39.3 49.3784614758
39.32 49.2111396554
39.34 49.0533027998
39.36 48.9062092239
39.38 48.7710360469
39.4 48.648877058
39.42 48.540741457
39.44 48.4475527687
39.46 48.3701472433
39.48 48.3092711074
39.5 48.2655761298
39.52 48.2396131042
39.54 48.2318230237
39.56 48.2425259222
39.58 48.2719075725
39.6 48.3200044589
39.62 48.3866876583
39.64 48.4716464696
39.66 48.5743728001
39.68 48.6941474451
39.7 48.8300294651
39.72 48.980849868
39.74 49.1452107239
39.76 49.3214906896
39.78 49.5078576827
39.8 49.7022891439
39.82 49.902599963
39.84 50.1064777454
39.86 50.3115246828
39.88 50.5153048917
39.9 50.7153957252
39.92 50.9094412725
39.94 51.0952060635
39.96 51.2706269082
39.98 51.4338608252
