0.0 0.181762631286
0.02 0.170384496737
0.04 0.157873879694
0.06 0.144498262039
0.08 0.130512451412
0.1 0.116159212052
0.12 0.101669181528
0.14 0.0872603230561
0.16 0.0731370916057
0.18 0.0594894466833
0.2 0.0464918154946
0.22 0.0343020913778
0.24 0.0230607392547
0.26 0.0128900694374
0.28 0.00389373130736
0.3 -0.00384353261648
0.32 -0.0102558446174
0.34 -0.0152958495049
0.36 -0.0189340773839
0.38 -0.0211580356895
0.4 -0.0219710736477
0.42 -0.0213910797688
0.44 -0.0194490868774
0.46 -0.0161878679141
0.48 -0.0116606077298
0.5 -0.00592973065117
0.52 0.000934049473623
0.54 0.00885240970847
0.56 0.0177398067299
0.58 0.0275035791392
0.6 0.0380437965512
0.62 0.0492529140776
0.64 0.0610153116647
0.66 0.0732068123637
0.68 0.0856942810701
0.7 0.0983354053625
0.72 0.110978753403
0.74 0.123464191264
0.76 0.135623724869
0.78 0.14728281124
0.8 0.158262161084
0.82 0.168380031058
0.84 0.177454980037
0.86 0.18530904014
0.88 0.191771230786
0.9 0.19668132336
0.92 0.199893746127
0.94 0.20128150487
0.96 0.200739985536
0.98 0.198190502298
1.0 0.19358345841
1.02 0.186900998843
1.04 0.178159051922
1.06 0.167408680911
1.08 0.154736693156
1.1 0.140265480997
1.12 0.124152092499
1.14 0.10658654873
1.16 0.0877894372969
1.18 0.0680088199596
1.2 0.0475164980444
1.22 0.0266036863178
1.24 0.00557615714324
1.26 -0.0152510664169
1.28 -0.035559367949
1.3 -0.0550324210747
1.32 -0.073362153536
1.34 -0.0902546337063
1.36 -0.105435720453
1.38 -0.118656329755
1.4 -0.129697196131
1.42 -0.138373039081
1.44 -0.14453607872
1.46 -0.148078874339
1.48 -0.148936479567
1.5 -0.147087915668
1.52 -0.142556960165
1.54 -0.135412234259
1.56 -0.125766554787
1.58 -0.113775500535
1.6 -0.0996351354747
1.62 -0.0835788377024
1.64 -0.0658732057564
1.66 -0.0468130533145
1.68 -0.0267155559796
1.7 -0.00591367355153
1.72 0.015250969786
1.74 0.0364355153256
1.76 0.0573033444503
1.78 0.0775313207714
1.8 0.0968165332
1.82 0.114882304642
1.84 0.131483278227
1.86 0.146409449646
1.88 0.159489073951
1.9 0.170590431814
1.92 0.179622489969
1.94 0.186534530429
1.96 0.191314852591
1.98 0.193988671621
2.0 0.194615347097
2.02 0.193285078983
2.04 0.190115205664
2.06 0.185246232382
2.08 0.178837709389
2.1 0.171064068802
2.12 0.162110518154
2.14 0.152169077912
2.16 0.141434839865
2.18 0.13010251347
2.2 0.118363317783
2.22 0.106402266998
2.24 0.0943958874115
2.26 0.0825103922451
2.28 0.0709003276713
2.3 0.0597076884889
2.32 0.0490614851938
2.34 0.0390777262924
2.36 0.0298597616241
2.38 0.0214989154525
2.4 0.0140753239464
2.42 0.00765888185036
2.44 0.00231019927029
2.46 -0.00191852759468
2.48 -0.00498281787437
2.5 -0.00684544902266
2.52 -0.00747628876679
2.54 -0.00685243800323
2.56 -0.00495868020607
2.58 -0.00178820800824
2.6 0.00265642363582
2.62 0.00836218404887
2.64 0.0153043688677
2.66 0.0234453958165
2.68 0.032733668917
2.7 0.0431025770881
2.72 0.0544696805806
2.74 0.0667361238984
2.76 0.0797862982109
2.78 0.093487760754
2.8 0.107691404047
2.82 0.122231853858
2.84 0.13692806147
2.86 0.15158404147
2.88 0.165989689486
2.9 0.179921591923
2.92 0.193143708052
2.94 0.205407757612
2.96 0.21645307545
2.98 0.226005584405
3.0 0.23377536539
3.02 0.239452030154
3.04 0.24269665909
3.06 0.243128329889
3.08 0.240302001716
3.1 0.233672285289
3.12 0.222533514726
3.14 0.205918619482
3.16 0.18242327178
3.18 0.149887398515
3.2 0.104787021399
3.22 0.0409911942466
3.24 -1.29840282758
3.26 -14.0013125243
3.28 -1.8283373345
3.3 -3.16295676317
3.32 -7.12493578318
3.34 nan
3.36 nan
3.38 nan
3.4 nan
3.42 nan
3.44 nan
3.46 nan
3.48 nan
3.5 nan
3.52 nan
3.54 nan
3.56 nan
3.58 nan
3.6 nan
3.62 nan
3.64 nan
3.66 nan
3.68 nan
3.7 nan
3.72 nan
3.74 -25.5638340301
3.76 -1.4996233912
3.78 -0.432502691765
3.8 -0.148275552328
3.82 0.00581462075752
3.84 0.0965142070897
3.86 0.151648790834
3.88 0.18469224975
3.9 0.202919286602
3.92 0.210612102087
3.94 0.210482775452
3.96 0.204363555478
3.98 0.193566107431
4.0 0.179079195407
4.02 0.16168250709
4.04 0.142014687598
4.06 0.120615281036
4.08 0.0979512554227
4.1 0.074434130962
4.12 0.0504312265551
4.14 0.0262731425451
4.16 0.00225879417964
4.18 -0.0213411644847
4.2 -0.0442819740797
4.22 -0.0663430871434
4.24 -0.0873269092052
4.26 -0.10705777933
4.28 -0.125381058029
4.3 -0.142162229467
4.32 -0.157285955925
4.34 -0.170655049033
4.36 -0.182189345904
4.38 -0.191824499395
4.4 -0.199510710282
4.42 -0.205211444234
4.44 -0.208902187384
4.46 -0.210569300212
4.48 -0.210209029827
4.5 -0.20782673559
4.52 -0.203436372864
4.54 -0.197060265472
4.56 -0.188729180851
4.58 -0.178482704454
4.6 -0.166369893681
4.62 -0.152450178049
4.64 -0.136794462694
4.66 -0.119486387694
4.68 -0.100623696082
4.7 -0.0803196691076
4.72 -0.0587045975601
4.74 -0.0359272726295
4.76 -0.012156498348
4.78 0.012417349406
4.8 0.0375806641427
4.82 0.0630947607087
4.84 0.0886936994532
4.86 0.11408157385
4.88 0.138928947278
4.9 0.162867959528
4.92 0.185485357312
4.94 0.206312262151
4.96 0.224808740455
4.98 0.240339934983
5.0 0.252138170106
5.02 0.259241074172
5.04 0.260387286257
5.06 0.253834048871
5.08 0.237023711163
5.1 0.205939832661
5.12 0.153775637065
5.14 0.0679244105864
5.16 -0.0776859208893
5.18 -0.345724638921
5.2 -1.42239979109
5.22 -27.5022164346
5.24 nan
5.26 nan
5.28 nan
5.3 nan
5.32 nan
5.34 nan
5.36 nan
5.38 nan
5.4 nan
5.42 nan
5.44 nan
5.46 nan
5.48 nan
5.5 nan
5.52 nan
5.54 nan
5.56 nan
5.58 nan
5.6 nan
5.62 nan
5.64 -6.93069046233
5.66 -3.06522686399
5.68 -1.76364419598
5.7 -12.7337808068
5.72 -1.21658877213
5.74 0.00575750271486
5.76 0.0721762403655
5.78 0.118686907306
5.8 0.151861268159
5.82 0.175493591627
5.84 0.191920096335
5.86 0.202665180709
5.88 0.208780369109
5.9 0.211031924836
5.92 0.210009189218
5.94 0.206189220803
5.96 0.199976295858
5.98 0.191726420216
6.0 0.181762631287
6.02 0.170384496736
6.04 0.157873879694
6.06 0.144498262039
6.08 0.130512451413
6.1 0.116159212051
6.12 0.101669181529
6.14 0.0872603230558
6.16 0.0731370916064
6.18 0.0594894466829
6.2 0.0464918154941
6.22 0.0343020913784
6.24 0.0230607392548
6.26 0.0128900694373
6.28 0.00389373130708
6.3 -0.00384353261634
6.32 -0.0102558446174
6.34 -0.0152958495049
6.36 -0.0189340773841
6.38 -0.0211580356892
6.4 -0.0219710736479
6.42 -0.0213910797688
6.44 -0.0194490868775
6.46 -0.0161878679139
6.48 -0.0116606077299
6.5 -0.00592973065089
6.52 0.000934049473387
6.54 0.00885240970858
6.56 0.0177398067298
6.58 0.0275035791393
6.6 0.0380437965511
6.62 0.0492529140778
6.64 0.0610153116646
6.66 0.0732068123635
6.68 0.0856942810702
6.7 0.0983354053623
6.72 0.110978753404
6.74 0.123464191263
6.76 0.135623724869
6.78 0.14728281124
6.8 0.158262161085
6.82 0.168380031058
6.84 0.177454980036
6.86 0.185309040141
6.88 0.191771230785
6.9 0.19668132336
6.92 0.199893746127
6.94 0.20128150487
6.96 0.200739985536
6.98 0.198190502298
7.0 0.19358345841
7.02 0.186900998844
7.04 0.178159051922
7.06 0.167408680911
7.08 0.154736693157
7.1 0.140265480997
7.12 0.124152092499
7.14 0.10658654873
7.16 0.0877894372969
7.18 0.0680088199597
7.2 0.0475164980442
7.22 0.0266036863177
7.24 0.00557615714362
7.26 -0.0152510664169
7.28 -0.0355593679494
7.3 -0.0550324210743
7.32 -0.0733621535357
7.34 -0.0902546337073
7.36 -0.105435720452
7.38 -0.118656329754
7.4 -0.129697196133
7.42 -0.13837303908
7.44 -0.14453607872
7.46 -0.148078874339
7.48 -0.148936479567
7.5 -0.147087915668
7.52 -0.142556960165
7.54 -0.135412234259
7.56 -0.125766554787
7.58 -0.113775500535
7.6 -0.0996351354745
7.62 -0.0835788377031
7.64 -0.0658732057554
7.66 -0.046813053315
7.68 -0.0267155559794
7.7 -0.0059136735521
7.72 0.0152509697866
7.74 0.0364355153256
7.76 0.0573033444499
7.78 0.0775313207717
7.8 0.0968165331993
7.82 0.114882304642
7.84 0.131483278227
7.86 0.146409449646
7.88 0.159489073951
7.9 0.170590431814
7.92 0.179622489968
7.94 0.186534530429
7.96 0.191314852591
7.98 0.193988671621
8.0 0.194615347097
8.02 0.193285078983
8.04 0.190115205665
8.06 0.18524623238
8.08 0.17883770939
8.1 0.171064068802
8.12 0.162110518154
8.14 0.152169077912
8.16 0.141434839865
8.18 0.13010251347
8.2 0.118363317783
8.22 0.106402266998
8.24 0.0943958874116
8.26 0.0825103922448
8.28 0.0709003276716
8.3 0.0597076884888
8.32 0.0490614851937
8.34 0.0390777262927
8.36 0.0298597616238
8.38 0.0214989154526
8.4 0.0140753239467
8.42 0.00765888185012
8.44 0.00231019927031
8.46 -0.00191852759462
8.48 -0.00498281787446
8.5 -0.00684544902226
8.52 -0.00747628876732
8.54 -0.00685243800301
8.56 -0.00495868020598
8.58 -0.00178820800833
8.6 0.00265642363578
8.62 0.0083621840488
8.64 0.0153043688679
8.66 0.0234453958164
8.68 0.0327336689174
8.7 0.0431025770875
8.72 0.0544696805809
8.74 0.066736123899
8.76 0.0797862982097
8.78 0.0934877607548
8.8 0.107691404046
8.82 0.122231853859
8.84 0.136928061469
8.86 0.151584041471
8.88 0.165989689487
8.9 0.179921591923
8.92 0.193143708051
8.94 0.205407757614
8.96 0.216453075449
8.98 0.226005584405
9.0 0.23377536539
9.02 0.239452030154
9.04 0.24269665909
9.06 0.243128329888
9.08 0.240302001716
9.1 0.233672285289
9.12 0.222533514726
9.14 0.205918619482
9.16 0.182423271781
9.18 0.149887398515
9.2 0.104787021399
9.22 0.0409911942474
9.24 -1.29840282759
9.26 -14.0013125243
9.28 -1.8283373345
9.3 -3.16295676317
9.32 -7.12493578319
9.34 nan
9.36 nan
9.38 nan
9.4 nan
9.42 nan
9.44 nan
9.46 nan
9.48 nan
9.5 nan
9.52 nan
9.54 nan
9.56 nan
9.58 nan
9.6 nan
9.62 nan
9.64 nan
9.66 nan
9.68 nan
9.7 nan
9.72 nan
9.74 -25.5638340301
9.76 -1.49962339119
9.78 -0.432502691764
9.8 -0.148275552328
9.82 0.00581462075861
9.84 0.0965142070888
9.86 0.151648790835
9.88 0.18469224975
9.9 0.202919286603
9.92 0.210612102087
9.94 0.210482775453
9.96 0.204363555477
9.98 0.193566107432
10.0 0.179079195407
10.02 0.161682507089
10.04 0.142014687598
10.06 0.120615281035
10.08 0.0979512554229
10.1 0.0744341309618
10.12 0.0504312265554
10.14 0.0262731425449
10.16 0.00225879417976
10.18 -0.0213411644849
10.2 -0.0442819740796
10.22 -0.0663430871434
10.24 -0.0873269092051
10.26 -0.10705777933
10.28 -0.125381058028
10.3 -0.142162229468
10.32 -0.157285955925
10.34 -0.170655049033
10.36 -0.182189345905
10.38 -0.191824499395
10.4 -0.199510710282
10.42 -0.205211444234
10.44 -0.208902187384
10.46 -0.210569300212
10.48 -0.210209029827
10.5 -0.20782673559
10.52 -0.203436372864
10.54 -0.197060265472
10.56 -0.188729180851
10.58 -0.178482704454
10.6 -0.166369893681
10.62 -0.152450178049
10.64 -0.136794462694
10.66 -0.119486387693
10.68 -0.100623696082
10.7 -0.0803196691077
10.72 -0.0587045975601
10.74 -0.0359272726299
10.76 -0.0121564983475
10.78 0.0124173494063
10.8 0.0375806641422
10.82 0.0630947607087
10.84 0.0886936994529
10.86 0.11408157385
10.88 0.138928947277
10.9 0.162867959529
10.92 0.185485357311
10.94 0.206312262152
10.96 0.224808740454
10.98 0.240339934984
11.0 0.252138170105
11.02 0.259241074172
11.04 0.260387286257
11.06 0.253834048872
11.08 0.237023711163
11.1 0.205939832661
11.12 0.153775637066
11.14 0.0679244105852
11.16 -0.0776859208891
11.18 -0.345724638921
11.2 -1.42239979107
11.22 -27.5022164347
11.24 nan
11.26 nan
11.28 nan
11.3 nan
11.32 nan
11.34 nan
11.36 nan
11.38 nan
11.4 nan
11.42 nan
11.44 nan
11.46 nan
11.48 nan
11.5 nan
11.52 nan
11.54 nan
11.56 nan
11.58 nan
11.6 nan
11.62 nan
11.64 -6.93069046233
11.66 -3.06522686399
11.68 -1.76364419597
11.7 -12.7337808068
11.72 -1.21658877212
11.74 0.0057575027145
11.76 0.0721762403659
11.78 0.118686907305
11.8 0.151861268161
11.82 0.175493591625
11.84 0.191920096336
11.86 0.202665180708
11.88 0.208780369109
11.9 0.211031924836
11.92 0.210009189218
11.94 0.206189220803
11.96 0.199976295857
11.98 0.191726420217
12.0 0.181762631285
12.02 0.170384496737
12.04 0.157873879693
12.06 0.14449826204
12.08 0.130512451412
12.1 0.116159212051
12.12 0.101669181528
12.14 0.0872603230562
12.16 0.0731370916059
12.18 0.0594894466836
12.2 0.0464918154937
12.22 0.034302091378
12.24 0.0230607392554
12.26 0.0128900694367
12.28 0.00389373130756
12.3 -0.00384353261659
12.32 -0.0102558446173
12.34 -0.0152958495045
12.36 -0.0189340773845
12.38 -0.0211580356892
12.4 -0.0219710736479
12.42 -0.0213910797685
12.44 -0.0194490868778
12.46 -0.0161878679135
12.48 -0.0116606077303
12.5 -0.00592973065085
12.52 0.000934049473387
12.54 0.00885240970858
12.56 0.0177398067303
12.58 0.0275035791386
12.6 0.0380437965512
12.62 0.0492529140778
12.64 0.0610153116647
12.66 0.0732068123636
12.68 0.0856942810703
12.7 0.0983354053621
12.72 0.110978753403
12.74 0.123464191264
12.76 0.135623724869
12.78 0.14728281124
12.8 0.158262161084
12.82 0.168380031058
12.84 0.177454980037
12.86 0.18530904014
12.88 0.191771230786
12.9 0.19668132336
12.92 0.199893746128
12.94 0.201281504869
12.96 0.200739985536
12.98 0.198190502298
13.0 0.193583458409
13.02 0.186900998844
13.04 0.178159051921
13.06 0.16740868091
13.08 0.154736693157
13.1 0.140265480998
13.12 0.124152092499
13.14 0.10658654873
13.16 0.0877894372966
13.18 0.0680088199599
13.2 0.0475164980436
13.22 0.0266036863185
13.24 0.00557615714271
13.26 -0.0152510664164
13.28 -0.0355593679492
13.3 -0.0550324210753
13.32 -0.0733621535347
13.34 -0.0902546337074
13.36 -0.105435720452
13.38 -0.118656329755
13.4 -0.129697196132
13.42 -0.13837303908
13.44 -0.14453607872
13.46 -0.148078874339
13.48 -0.148936479567
13.5 -0.147087915668
13.52 -0.142556960165
13.54 -0.135412234259
13.56 -0.125766554788
13.58 -0.113775500535
13.6 -0.0996351354753
13.62 -0.0835788377014
13.64 -0.0658732057566
13.66 -0.0468130533151
13.68 -0.0267155559796
13.7 -0.00591367355082
13.72 0.0152509697856
13.74 0.0364355153257
13.76 0.0573033444501
13.78 0.0775313207718
13.8 0.096816533199
13.82 0.114882304643
13.84 0.131483278226
13.86 0.146409449647
13.88 0.159489073951
13.9 0.170590431814
13.92 0.179622489968
13.94 0.186534530429
13.96 0.191314852592
13.98 0.19398867162
14.0 0.194615347098
14.02 0.193285078982
14.04 0.190115205664
14.06 0.185246232381
14.08 0.178837709389
14.1 0.171064068803
14.12 0.162110518153
14.14 0.152169077913
14.16 0.141434839865
14.18 0.13010251347
14.2 0.118363317783
14.22 0.106402266998
14.24 0.0943958874114
14.26 0.0825103922448
14.28 0.0709003276716
14.3 0.059707688489
14.32 0.0490614851936
14.34 0.0390777262921
14.36 0.0298597616245
14.38 0.0214989154527
14.4 0.0140753239463
14.42 0.00765888185001
14.44 0.00231019927066
14.46 -0.0019185275946
14.48 -0.00498281787472
14.5 -0.00684544902209
14.52 -0.0074762887671
14.54 -0.00685243800362
14.56 -0.00495868020576
14.58 -0.00178820800793
14.6 0.00265642363578
14.62 0.00836218404853
14.64 0.0153043688674
14.66 0.0234453958174
14.68 0.0327336689167
14.7 0.0431025770875
14.72 0.0544696805813
14.74 0.0667361238987
14.76 0.0797862982098
14.78 0.0934877607548
14.8 0.107691404047
14.82 0.122231853858
14.84 0.136928061469
14.86 0.15158404147
14.88 0.165989689487
14.9 0.179921591922
14.92 0.193143708052
14.94 0.205407757612
14.96 0.21645307545
14.98 0.226005584405
15.0 0.233775365389
15.02 0.239452030155
15.04 0.24269665909
15.06 0.243128329888
15.08 0.240302001716
15.1 0.233672285291
15.12 0.222533514725
15.14 0.205918619482
15.16 0.182423271782
15.18 0.149887398515
15.2 0.104787021398
15.22 0.0409911942462
15.24 -1.29840282759
15.26 -14.0013125243
15.28 -1.8283373345
15.3 -3.16295676318
15.32 -7.12493578318
15.34 nan
15.36 nan
15.38 nan
15.4 nan
15.42 nan
15.44 nan
15.46 nan
15.48 nan
15.5 nan
15.52 nan
15.54 nan
15.56 nan
15.58 nan
15.6 nan
15.62 nan
15.64 nan
15.66 nan
15.68 nan
15.7 nan
15.72 nan
15.74 -25.5638340301
15.76 -1.4996233912
15.78 -0.432502691764
15.8 -0.148275552327
15.82 0.00581462075651
15.84 0.0965142070906
15.86 0.151648790834
15.88 0.18469224975
15.9 0.202919286602
15.92 0.210612102088
15.94 0.210482775451
15.96 0.204363555479
15.98 0.193566107431
16.0 0.179079195407
16.02 0.16168250709
16.04 0.142014687597
16.06 0.120615281037
16.08 0.0979512554221
16.1 0.0744341309621
16.12 0.0504312265547
16.14 0.026273142546
16.16 0.00225879417857
16.18 -0.0213411644836
16.2 -0.0442819740804
16.22 -0.0663430871434
16.24 -0.0873269092049
16.26 -0.10705777933
16.28 -0.125381058028
16.3 -0.142162229467
16.32 -0.157285955924
16.34 -0.170655049033
16.36 -0.182189345904
16.38 -0.191824499395
16.4 -0.199510710282
16.42 -0.205211444234
16.44 -0.208902187384
16.46 -0.210569300212
16.48 -0.210209029827
16.5 -0.20782673559
16.52 -0.203436372864
16.54 -0.197060265472
16.56 -0.188729180851
16.58 -0.178482704454
16.6 -0.166369893682
16.62 -0.152450178049
16.64 -0.136794462694
16.66 -0.119486387693
16.68 -0.100623696082
16.7 -0.0803196691076
16.72 -0.05870459756
16.74 -0.0359272726291
16.76 -0.0121564983488
16.78 0.0124173494064
16.8 0.0375806641428
16.82 0.0630947607085
16.84 0.0886936994537
16.86 0.114081573849
16.88 0.138928947278
16.9 0.162867959528
16.92 0.185485357312
16.94 0.206312262151
16.96 0.224808740455
16.98 0.240339934982
17.0 0.252138170106
17.02 0.259241074172
17.04 0.260387286256
17.06 0.253834048872
17.08 0.237023711163
17.1 0.205939832662
17.12 0.153775637065
17.14 0.0679244105857
17.16 -0.077685920888
17.18 -0.345724638921
17.2 -1.42239979107
17.22 -27.5022164346
17.24 nan
17.26 nan
17.28 nan
17.3 nan
17.32 nan
17.34 nan
17.36 nan
17.38 nan
17.4 nan
17.42 nan
17.44 nan
17.46 nan
17.48 nan
17.5 nan
17.52 nan
17.54 nan
17.56 nan
17.58 nan
17.6 nan
17.62 nan
17.64 -6.93069046232
17.66 -3.065226864
17.68 -1.76364419597
17.7 -12.7337808068
17.72 -1.21658877213
17.74 0.00575750271384
17.76 0.0721762403646
17.78 0.118686907308
17.8 0.151861268158
17.82 0.175493591626
17.84 0.191920096335
17.86 0.202665180712
17.88 0.208780369106
17.9 0.211031924837
17.92 0.210009189218
17.94 0.206189220805
17.96 0.199976295857
17.98 0.191726420216
18.0 0.181762631287
18.02 0.170384496736
18.04 0.157873879694
18.06 0.144498262039
18.08 0.130512451414
18.1 0.11615921205
18.12 0.101669181529
18.14 0.0872603230565
18.16 0.0731370916049
18.18 0.0594894466836
18.2 0.0464918154943
18.22 0.0343020913783
18.24 0.0230607392545
18.26 0.0128900694371
18.28 0.00389373130728
18.3 -0.00384353261516
18.32 -0.0102558446186
18.34 -0.0152958495046
18.36 -0.0189340773838
18.38 -0.0211580356897
18.4 -0.0219710736479
18.42 -0.0213910797685
18.44 -0.0194490868775
18.46 -0.0161878679142
18.48 -0.0116606077299
18.5 -0.00592973065111
18.52 0.000934049474376
18.54 0.00885240970766
18.56 0.01773980673
18.58 0.0275035791396
18.6 0.0380437965507
18.62 0.0492529140778
18.64 0.0610153116646
18.66 0.0732068123643
18.68 0.0856942810694
18.7 0.0983354053625
18.72 0.110978753403
18.74 0.123464191264
18.76 0.135623724868
18.78 0.14728281124
18.8 0.158262161085
18.82 0.168380031057
18.84 0.177454980037
18.86 0.18530904014
18.88 0.191771230787
18.9 0.196681323358
18.92 0.199893746129
18.94 0.201281504869
18.96 0.200739985537
18.98 0.198190502297
19.0 0.193583458411
19.02 0.186900998843
19.04 0.178159051922
19.06 0.167408680911
19.08 0.154736693156
19.1 0.140265480997
19.12 0.124152092499
19.14 0.106586548729
19.16 0.0877894372973
19.18 0.0680088199598
19.2 0.0475164980435
19.22 0.0266036863183
19.24 0.00557615714311
19.26 -0.0152510664168
19.28 -0.0355593679491
19.3 -0.0550324210748
19.32 -0.0733621535352
19.34 -0.090254633707
19.36 -0.105435720452
19.38 -0.118656329755
19.4 -0.129697196133
19.42 -0.13837303908
19.44 -0.14453607872
19.46 -0.148078874339
19.48 -0.148936479567
19.5 -0.147087915668
19.52 -0.142556960165
19.54 -0.135412234259
19.56 -0.125766554788
19.58 -0.113775500535
19.6 -0.099635135475
19.62 -0.0835788377027
19.64 -0.0658732057556
19.66 -0.0468130533146
19.68 -0.0267155559802
19.7 -0.00591367355126
19.72 0.0152509697868
19.74 0.036435515325
19.76 0.0573033444499
19.78 0.0775313207723
19.8 0.0968165331987
19.82 0.114882304643
19.84 0.131483278226
19.86 0.146409449646
19.88 0.159489073952
19.9 0.170590431814
19.92 0.179622489968
19.94 0.18653453043
19.96 0.191314852591
19.98 0.193988671621
20.0 0.194615347098
20.02 0.193285078982
20.04 0.190115205664
20.06 0.185246232382
20.08 0.178837709389
20.1 0.171064068803
20.12 0.162110518153
20.14 0.152169077913
20.16 0.141434839865
20.18 0.13010251347
20.2 0.118363317783
20.22 0.106402266998
20.24 0.0943958874114
20.26 0.0825103922446
20.28 0.0709003276719
20.3 0.0597076884891
20.32 0.0490614851935
20.34 0.0390777262923
20.36 0.0298597616238
20.38 0.0214989154535
20.4 0.0140753239457
20.42 0.00765888185063
20.44 0.00231019926989
20.46 -0.00191852759383
20.48 -0.00498281787513
20.5 -0.00684544902253
20.52 -0.00747628876661
20.54 -0.00685243800324
20.56 -0.00495868020606
20.58 -0.00178820800846
20.6 0.00265642363582
20.62 0.00836218404947
20.64 0.0153043688663
20.66 0.0234453958182
20.68 0.0327336689162
20.7 0.0431025770877
20.72 0.0544696805812
20.74 0.0667361238989
20.76 0.0797862982101
20.78 0.0934877607539
20.8 0.107691404047
20.82 0.122231853859
20.84 0.136928061468
20.86 0.151584041471
20.88 0.165989689487
20.9 0.179921591924
20.92 0.193143708051
20.94 0.205407757612
20.96 0.21645307545
20.98 0.226005584406
21.0 0.233775365388
21.02 0.239452030156
21.04 0.242696659088
21.06 0.24312832989
21.08 0.240302001713
21.1 0.233672285293
21.12 0.222533514724
21.14 0.205918619482
21.16 0.182423271782
21.18 0.149887398515
21.2 0.104787021398
21.22 0.0409911942461
21.24 -1.29840282758
21.26 -14.0013125243
21.28 -1.8283373345
21.3 -3.16295676317
21.32 -7.12493578319
21.34 nan
21.36 nan
21.38 nan
21.4 nan
21.42 nan
21.44 nan
21.46 nan
21.48 nan
21.5 nan
21.52 nan
21.54 nan
21.56 nan
21.58 nan
21.6 nan
21.62 nan
21.64 nan
21.66 nan
21.68 nan
21.7 nan
21.72 nan
21.74 -25.5638340302
21.76 -1.49962339118
21.78 -0.432502691766
21.8 -0.148275552324
21.82 0.00581462075376
21.84 0.0965142070921
21.86 0.151648790832
21.88 0.184692249754
21.9 0.202919286599
21.92 0.210612102089
21.94 0.210482775452
21.96 0.204363555478
21.98 0.19356610743
22.0 0.179079195409
22.02 0.161682507089
22.04 0.142014687598
22.06 0.120615281034
22.08 0.0979512554243
22.1 0.0744341309618
22.12 0.0504312265551
22.14 0.0262731425442
22.16 0.00225879418095
22.18 -0.0213411644859
22.2 -0.0442819740793
22.22 -0.0663430871437
22.24 -0.0873269092038
22.26 -0.107057779331
22.28 -0.125381058028
22.3 -0.142162229468
22.32 -0.157285955923
22.34 -0.170655049034
22.36 -0.182189345905
22.38 -0.191824499394
22.4 -0.199510710283
22.42 -0.205211444233
22.44 -0.208902187384
22.46 -0.210569300212
22.48 -0.210209029827
22.5 -0.20782673559
22.52 -0.203436372863
22.54 -0.197060265472
22.56 -0.188729180851
22.58 -0.178482704454
22.6 -0.166369893682
22.62 -0.152450178048
22.64 -0.136794462694
22.66 -0.119486387693
22.68 -0.100623696083
22.7 -0.0803196691065
22.72 -0.0587045975608
22.74 -0.0359272726287
22.76 -0.0121564983494
22.78 0.0124173494075
22.8 0.0375806641417
22.82 0.0630947607084
22.84 0.0886936994537
22.86 0.11408157385
22.88 0.138928947276
22.9 0.162867959529
22.92 0.185485357311
22.94 0.206312262152
22.96 0.224808740453
22.98 0.240339934983
23.0 0.252138170106
23.02 0.259241074173
23.04 0.260387286254
23.06 0.253834048874
23.08 0.237023711161
23.1 0.205939832663
23.12 0.153775637062
23.14 0.0679244105906
23.16 -0.0776859208926
23.18 -0.345724638918
23.2 -1.42239979108
23.22 -27.5022164346
23.24 nan
23.26 nan
23.28 nan
23.3 nan
23.32 nan
23.34 nan
23.36 nan
23.38 nan
23.4 nan
23.42 nan
23.44 nan
23.46 nan
23.48 nan
23.5 nan
23.52 nan
23.54 nan
23.56 nan
23.58 nan
23.6 nan
23.62 nan
23.64 -6.93069046233
23.66 -3.065226864
23.68 -1.76364419596
23.7 -12.7337808068
23.72 -1.21658877212
23.74 0.00575750271146
23.76 0.0721762403678
23.78 0.118686907306
23.8 0.151861268158
23.82 0.175493591625
23.84 0.191920096336
23.86 0.202665180709
23.88 0.208780369109
23.9 0.211031924834
23.92 0.210009189221
23.94 0.2061892208
23.96 0.19997629586
23.98 0.191726420216
24.0 0.181762631286
24.02 0.170384496735
24.04 0.157873879695
24.06 0.14449826204
24.08 0.130512451412
24.1 0.11615921205
24.12 0.10166918153
24.14 0.0872603230548
24.16 0.0731370916068
24.18 0.0594894466821
24.2 0.0464918154949
24.22 0.0343020913784
24.24 0.023060739254
24.26 0.0128900694374
24.28 0.00389373130717
24.3 -0.00384353261555
24.32 -0.0102558446178
24.34 -0.015295849505
24.36 -0.0189340773838
24.38 -0.0211580356903
24.4 -0.0219710736467
24.42 -0.0213910797687
24.44 -0.0194490868783
24.46 -0.0161878679138
24.48 -0.0116606077298
24.5 -0.00592973065089
24.52 0.000934049473752
24.54 0.00885240970761
24.56 0.0177398067307
24.58 0.0275035791388
24.6 0.0380437965514
24.62 0.0492529140773
24.64 0.061015311665
24.66 0.073206812364
24.68 0.0856942810695
24.7 0.0983354053629
24.72 0.110978753403
24.74 0.123464191263
24.76 0.13562372487
24.78 0.14728281124
24.8 0.158262161085
24.82 0.168380031057
24.84 0.177454980038
24.86 0.18530904014
24.88 0.191771230786
24.9 0.196681323359
24.92 0.199893746128
24.94 0.20128150487
24.96 0.200739985536
24.98 0.198190502297
25.0 0.193583458411
25.02 0.186900998843
25.04 0.178159051922
25.06 0.167408680911
25.08 0.154736693155
25.1 0.140265480998
25.12 0.124152092499
25.14 0.10658654873
25.16 0.0877894372968
25.18 0.0680088199591
25.2 0.0475164980448
25.22 0.0266036863175
25.24 0.00557615714358
25.26 -0.0152510664175
25.28 -0.0355593679489
25.3 -0.0550324210743
25.32 -0.0733621535356
25.34 -0.0902546337069
25.36 -0.105435720452
25.38 -0.118656329755
25.4 -0.129697196132
25.42 -0.138373039079
25.44 -0.144536078721
25.46 -0.148078874339
25.48 -0.148936479567
25.5 -0.147087915668
25.52 -0.142556960164
25.54 -0.13541223426
25.56 -0.125766554787
25.58 -0.113775500536
25.6 -0.0996351354741
25.62 -0.0835788377021
25.64 -0.0658732057567
25.66 -0.0468130533144
25.68 -0.0267155559799
25.7 -0.00591367355101
25.72 0.0152509697857
25.74 0.0364355153253
25.76 0.0573033444507
25.78 0.0775313207713
25.8 0.0968165331997
25.82 0.114882304642
25.84 0.131483278226
25.86 0.146409449647
25.88 0.159489073951
25.9 0.170590431814
25.92 0.179622489968
25.94 0.18653453043
25.96 0.191314852592
25.98 0.19398867162
26.0 0.194615347097
26.02 0.193285078983
26.04 0.190115205664
26.06 0.185246232381
26.08 0.178837709389
26.1 0.171064068804
26.12 0.162110518153
26.14 0.152169077913
26.16 0.141434839864
26.18 0.13010251347
26.2 0.118363317784
26.22 0.106402266996
26.24 0.0943958874122
26.26 0.0825103922457
26.28 0.0709003276705
26.3 0.0597076884896
26.32 0.0490614851935
26.34 0.0390777262927
26.36 0.0298597616238
26.38 0.0214989154519
26.4 0.0140753239474
26.42 0.00765888185025
26.44 0.00231019927015
26.46 -0.00191852759486
26.48 -0.00498281787375
26.5 -0.00684544902345
26.52 -0.00747628876679
26.54 -0.0068524380024
26.56 -0.00495868020677
26.58 -0.00178820800745
26.6 0.00265642363502
26.62 0.00836218404882
26.64 0.0153043688685
26.66 0.0234453958154
26.68 0.0327336689174
26.7 0.0431025770889
26.72 0.0544696805801
26.74 0.0667361238985
26.76 0.0797862982108
26.78 0.0934877607544
26.8 0.107691404046
26.82 0.122231853857
26.84 0.13692806147
26.86 0.151584041471
26.88 0.165989689486
26.9 0.179921591923
26.92 0.193143708053
26.94 0.20540775761
26.96 0.216453075451
26.98 0.226005584407
27.0 0.233775365388
27.02 0.239452030156
27.04 0.242696659088
27.06 0.243128329888
27.08 0.240302001718
27.1 0.233672285287
27.12 0.222533514727
27.14 0.205918619485
27.16 0.182423271779
27.18 0.149887398516
27.2 0.104787021399
27.22 0.040991194244
27.24 -1.29840282758
27.26 -14.0013125243
27.28 -1.82833733449
27.3 -3.16295676317
27.32 -7.12493578318
27.34 nan
27.36 nan
27.38 nan
27.4 nan
27.42 nan
27.44 nan
27.46 nan
27.48 nan
27.5 nan
27.52 nan
27.54 nan
27.56 nan
27.58 nan
27.6 nan
27.62 nan
27.64 nan
27.66 nan
27.68 nan
27.7 nan
27.72 nan
27.74 -25.5638340301
27.76 -1.49962339119
27.78 -0.432502691766
27.8 -0.148275552329
27.82 0.0058146207618
27.84 0.0965142070872
27.86 0.151648790833
27.88 0.184692249751
27.9 0.202919286601
27.92 0.210612102088
27.94 0.210482775454
27.96 0.204363555474
27.98 0.193566107435
28.0 0.179079195406
28.02 0.161682507088
28.04 0.142014687599
28.06 0.120615281036
28.08 0.0979512554216
28.1 0.0744341309637
28.12 0.0504312265538
28.14 0.0262731425454
28.16 0.00225879417968
28.18 -0.021341164485
28.2 -0.0442819740798
28.22 -0.0663430871429
28.24 -0.0873269092055
28.26 -0.107057779329
28.28 -0.125381058029
28.3 -0.142162229468
28.32 -0.157285955924
28.34 -0.170655049033
28.36 -0.182189345905
28.38 -0.191824499394
28.4 -0.199510710283
28.42 -0.205211444234
28.44 -0.208902187384
28.46 -0.210569300212
28.48 -0.210209029827
28.5 -0.20782673559
28.52 -0.203436372864
28.54 -0.197060265472
28.56 -0.188729180852
28.58 -0.178482704453
28.6 -0.166369893682
28.62 -0.152450178048
28.64 -0.136794462695
28.66 -0.119486387694
28.68 -0.10062369608
28.7 -0.0803196691087
28.72 -0.0587045975603
28.74 -0.0359272726284
28.76 -0.012156498349
28.78 0.0124173494064
28.8 0.0375806641434
28.82 0.0630947607067
28.84 0.0886936994548
28.86 0.114081573849
28.88 0.138928947277
28.9 0.162867959529
28.92 0.185485357311
28.94 0.206312262151
28.96 0.224808740456
28.98 0.240339934981
29.0 0.252138170107
29.02 0.259241074173
29.04 0.260387286256
29.06 0.253834048873
29.08 0.237023711161
29.1 0.205939832661
29.12 0.153775637069
29.14 0.0679244105841
29.16 -0.0776859208895
29.18 -0.345724638918
29.2 -1.42239979108
29.22 -27.5022164346
29.24 nan
29.26 nan
29.28 nan
29.3 nan
29.32 nan
29.34 nan
29.36 nan
29.38 nan
29.4 nan
29.42 nan
29.44 nan
29.46 nan
29.48 nan
29.5 nan
29.52 nan
29.54 nan
29.56 nan
29.58 nan
29.6 nan
29.62 nan
29.64 -6.93069046231
29.66 -3.06522686399
29.68 -1.76364419597
29.7 -12.7337808068
29.72 -1.21658877213
29.74 0.00575750271611
29.76 0.0721762403655
29.78 0.118686907304
29.8 0.15186126816
29.82 0.175493591628
29.84 0.191920096332
29.86 0.202665180711
29.88 0.208780369107
29.9 0.211031924836
29.92 0.210009189219
29.94 0.206189220803
29.96 0.199976295859
29.98 0.191726420218
30.0 0.181762631284
30.02 0.170384496737
30.04 0.157873879694
30.06 0.144498262038
30.08 0.130512451413
30.1 0.116159212052
30.12 0.101669181525
30.14 0.0872603230588
30.16 0.0731370916042
30.18 0.0594894466845
30.2 0.0464918154941
30.22 0.034302091377
30.24 0.0230607392558
30.26 0.0128900694378
30.28 0.00389373130586
30.3 -0.00384353261548
30.32 -0.0102558446177
30.34 -0.015295849505
30.36 -0.0189340773839
30.38 -0.0211580356895
30.4 -0.0219710736477
30.42 -0.021391079768
30.44 -0.0194490868785
30.46 -0.0161878679138
30.48 -0.0116606077295
30.5 -0.00592973065184
30.52 0.000934049474376
30.54 0.00885240970878
30.56 0.0177398067293
30.58 0.027503579139
30.6 0.0380437965513
30.62 0.0492529140778
30.64 0.0610153116645
30.66 0.0732068123637
30.68 0.08569428107
30.7 0.0983354053633
30.72 0.110978753402
30.74 0.123464191264
30.76 0.13562372487
30.78 0.147282811239
30.8 0.158262161085
30.82 0.168380031057
30.84 0.177454980038
30.86 0.18530904014
30.88 0.191771230785
30.9 0.19668132336
30.92 0.199893746127
30.94 0.201281504869
30.96 0.200739985537
30.98 0.198190502298
31.0 0.193583458409
31.02 0.186900998844
31.04 0.178159051921
31.06 0.167408680912
31.08 0.154736693156
31.1 0.140265480997
31.12 0.124152092499
31.14 0.10658654873
31.16 0.0877894372954
31.18 0.068008819961
31.2 0.0475164980433
31.22 0.0266036863183
31.24 0.00557615714326
31.26 -0.0152510664176
31.28 -0.0355593679478
31.3 -0.0550324210756
31.32 -0.0733621535354
31.34 -0.0902546337068
31.36 -0.105435720452
31.38 -0.118656329755
31.4 -0.129697196132
31.42 -0.13837303908
31.44 -0.144536078721
31.46 -0.14807887434
31.48 -0.148936479566
31.5 -0.147087915669
31.52 -0.142556960165
31.54 -0.135412234259
31.56 -0.125766554787
31.58 -0.113775500537
31.6 -0.099635135474
31.62 -0.0835788377025
31.64 -0.0658732057566
31.66 -0.046813053314
31.68 -0.0267155559801
31.7 -0.00591367355092
31.72 0.0152509697852
31.74 0.0364355153259
31.76 0.0573033444509
31.78 0.0775313207705
31.8 0.0968165332002
31.82 0.114882304642
31.84 0.131483278227
31.86 0.146409449646
31.88 0.159489073952
31.9 0.170590431814
31.92 0.179622489968
31.94 0.18653453043
31.96 0.19131485259
31.98 0.193988671622
32.0 0.194615347096
32.02 0.193285078984
32.04 0.190115205664
32.06 0.185246232381
32.08 0.178837709388
32.1 0.171064068804
32.12 0.162110518153
32.14 0.152169077914
32.16 0.141434839864
32.18 0.13010251347
32.2 0.118363317784
32.22 0.106402266996
32.24 0.0943958874121
32.26 0.0825103922453
32.28 0.0709003276709
32.3 0.0597076884886
32.32 0.0490614851943
32.34 0.0390777262925
32.36 0.0298597616241
32.38 0.0214989154525
32.4 0.0140753239467
32.42 0.00765888185025
32.44 0.00231019926947
32.46 -0.00191852759387
32.48 -0.00498281787428
32.5 -0.00684544902266
32.52 -0.00747628876767
32.54 -0.00685243800165
32.56 -0.0049586802077
32.58 -0.00178820800652
32.6 0.00265642363421
32.62 0.00836218404881
32.64 0.0153043688692
32.66 0.023445395815
32.68 0.0327336689179
32.7 0.0431025770878
32.72 0.0544696805801
32.74 0.0667361238996
32.76 0.0797862982102
32.78 0.0934877607543
32.8 0.107691404046
32.82 0.122231853858
32.84 0.136928061469
32.86 0.151584041471
32.88 0.165989689485
32.9 0.179921591923
32.92 0.193143708053
32.94 0.205407757612
32.96 0.216453075448
32.98 0.226005584408
33.0 0.233775365387
33.02 0.239452030156
33.04 0.242696659086
33.06 0.24312832989
33.08 0.240302001718
33.1 0.233672285287
33.12 0.222533514727
33.14 0.205918619484
33.16 0.182423271778
33.18 0.149887398516
33.2 0.1047870214
33.22 0.0409911942452
33.24 -1.29840282759
33.26 -14.0013125243
33.28 -1.82833733451
33.3 -3.16295676317
33.32 -7.12493578319
33.34 nan
33.36 nan
33.38 nan
33.4 nan
33.42 nan
33.44 nan
33.46 nan
33.48 nan
33.5 nan
33.52 nan
33.54 nan
33.56 nan
33.58 nan
33.6 nan
33.62 nan
33.64 nan
33.66 nan
33.68 nan
33.7 nan
33.72 nan
33.74 -25.5638340301
33.76 -1.49962339119
33.78 -0.432502691768
33.8 -0.148275552329
33.82 0.0058146207592
33.84 0.0965142070893
33.86 0.151648790833
33.88 0.184692249753
33.9 0.202919286601
33.92 0.210612102086
33.94 0.210482775454
33.96 0.204363555477
33.98 0.193566107432
34.0 0.179079195408
34.02 0.161682507088
34.04 0.142014687601
34.06 0.120615281035
34.08 0.0979512554214
34.1 0.0744341309627
34.12 0.0504312265554
34.14 0.0262731425442
34.16 0.002258794181
34.18 -0.0213411644866
34.2 -0.0442819740778
34.22 -0.066343087144
34.24 -0.0873269092058
34.26 -0.107057779329
34.28 -0.125381058029
34.3 -0.142162229467
34.32 -0.157285955924
34.34 -0.170655049034
34.36 -0.182189345905
34.38 -0.191824499394
34.4 -0.199510710283
34.42 -0.205211444233
34.44 -0.208902187384
34.46 -0.210569300212
34.48 -0.210209029826
34.5 -0.20782673559
34.52 -0.203436372863
34.54 -0.197060265472
34.56 -0.188729180851
34.58 -0.178482704454
34.6 -0.166369893682
34.62 -0.152450178048
34.64 -0.136794462694
34.66 -0.119486387694
34.68 -0.100623696082
34.7 -0.0803196691083
34.72 -0.0587045975602
34.74 -0.0359272726282
34.76 -0.01215649835
34.78 0.0124173494073
34.8 0.0375806641432
34.82 0.0630947607075
34.84 0.0886936994544
34.86 0.114081573848
34.88 0.138928947277
34.9 0.162867959531
34.92 0.185485357309
34.94 0.206312262152
34.96 0.224808740456
34.98 0.240339934982
35.0 0.252138170106
35.02 0.259241074173
35.04 0.260387286254
35.06 0.253834048874
35.08 0.237023711161
35.1 0.205939832662
35.12 0.153775637067
35.14 0.0679244105854
35.16 -0.0776859208903
35.18 -0.345724638918
35.2 -1.42239979108
35.22 -27.5022164346
35.24 nan
35.26 nan
35.28 nan
35.3 nan
35.32 nan
35.34 nan
35.36 nan
35.38 nan
35.4 nan
35.42 nan
35.44 nan
35.46 nan
35.48 nan
35.5 nan
35.52 nan
35.54 nan
35.56 nan
35.58 nan
35.6 nan
35.62 nan
35.64 -6.9306904623
35.66 -3.065226864
35.68 -1.76364419598
35.7 -12.7337808068
35.72 -1.21658877213
35.74 0.00575750271616
35.76 0.0721762403675
35.78 0.118686907302
35.8 0.151861268162
35.82 0.175493591625
35.84 0.191920096334
35.86 0.20266518071
35.88 0.208780369108
35.9 0.211031924836
35.92 0.21000918922
35.94 0.206189220801
35.96 0.199976295859
35.98 0.191726420216
36.0 0.181762631285
36.02 0.170384496737
36.04 0.157873879695
36.06 0.144498262038
36.08 0.130512451413
36.1 0.116159212052
36.12 0.101669181527
36.14 0.0872603230578
36.16 0.073137091604
36.18 0.0594894466853
36.2 0.0464918154947
36.22 0.0343020913755
36.24 0.0230607392566
36.26 0.0128900694367
36.28 0.00389373130698
36.3 -0.00384353261607
36.32 -0.0102558446166
36.34 -0.0152958495066
36.36 -0.0189340773825
36.38 -0.0211580356901
36.4 -0.0219710736478
36.42 -0.0213910797688
36.44 -0.0194490868776
36.46 -0.0161878679137
36.48 -0.0116606077293
36.5 -0.00592973065179
36.52 0.000934049473403
36.54 0.0088524097095
36.56 0.0177398067284
36.58 0.0275035791404
36.6 0.0380437965499
36.62 0.0492529140793
36.64 0.0610153116646
36.66 0.0732068123621
36.68 0.0856942810716
36.7 0.0983354053616
36.72 0.110978753403
36.74 0.123464191264
36.76 0.13562372487
36.78 0.14728281124
36.8 0.158262161084
36.82 0.168380031058
36.84 0.177454980036
36.86 0.18530904014
36.88 0.191771230786
36.9 0.19668132336
36.92 0.199893746129
36.94 0.201281504868
36.96 0.200739985537
36.98 0.198190502298
37.0 0.193583458409
37.02 0.186900998844
37.04 0.178159051921
37.06 0.167408680912
37.08 0.154736693157
37.1 0.140265480997
37.12 0.1241520925
37.14 0.106586548729
37.16 0.0877894372969
37.18 0.0680088199594
37.2 0.0475164980449
37.22 0.0266036863174
37.24 0.00557615714376
37.26 -0.0152510664176
37.28 -0.0355593679483
37.3 -0.0550324210755
37.32 -0.073362153535
37.34 -0.0902546337073
37.36 -0.105435720452
37.38 -0.118656329755
37.4 -0.129697196132
37.42 -0.13837303908
37.44 -0.14453607872
37.46 -0.148078874339
37.48 -0.148936479567
37.5 -0.147087915668
37.52 -0.142556960165
37.54 -0.135412234259
37.56 -0.125766554787
37.58 -0.113775500536
37.6 -0.0996351354743
37.62 -0.0835788377022
37.64 -0.0658732057565
37.66 -0.0468130533149
37.68 -0.0267155559792
37.7 -0.00591367355151
37.72 0.0152509697857
37.74 0.0364355153262
37.76 0.05730334445
37.78 0.0775313207715
37.8 0.0968165331988
37.82 0.114882304643
37.84 0.131483278226
37.86 0.146409449646
37.88 0.159489073952
37.9 0.170590431813
37.92 0.179622489969
37.94 0.186534530429
37.96 0.19131485259
37.98 0.193988671622
38.0 0.194615347096
38.02 0.193285078983
38.04 0.190115205665
38.06 0.185246232381
38.08 0.178837709389
38.1 0.171064068803
38.12 0.162110518154
38.14 0.152169077912
38.16 0.141434839865
38.18 0.13010251347
38.2 0.118363317783
38.22 0.106402266997
38.24 0.0943958874121
38.26 0.0825103922453
38.28 0.070900327671
38.3 0.0597076884885
38.32 0.049061485195
38.34 0.0390777262911
38.36 0.0298597616256
38.38 0.021498915451
38.4 0.0140753239465
38.42 0.0076588818519
38.44 0.00231019926871
38.46 -0.00191852759401
38.48 -0.00498281787419
38.5 -0.00684544902262
38.52 -0.0074762887677
38.54 -0.00685243800249
38.56 -0.00495868020606
38.58 -0.00178820800815
38.6 0.00265642363597
38.62 0.00836218404857
38.64 0.0153043688677
38.66 0.0234453958158
38.68 0.0327336689179
38.7 0.0431025770882
38.72 0.0544696805804
38.74 0.0667361238977
38.76 0.0797862982126
38.78 0.0934877607519
38.8 0.107691404047
38.82 0.12223185386
38.84 0.136928061467
38.86 0.151584041473
38.88 0.165989689484
38.9 0.179921591924
38.92 0.193143708052
38.94 0.20540775761
38.96 0.216453075452
38.98 0.226005584405
39.0 0.23377536539
39.02 0.239452030154
39.04 0.24269665909
39.06 0.243128329888
39.08 0.240302001716
39.1 0.233672285287
39.12 0.222533514727
39.14 0.205918619484
39.16 0.18242327178
39.18 0.149887398513
39.2 0.104787021403
39.22 0.0409911942428
39.24 -1.29840282759
39.26 -14.0013125243
39.28 -1.82833733451
39.3 -3.16295676317
39.32 -7.12493578319
39.34 nan
39.36 nan
39.38 nan
39.4 nan
39.42 nan
39.44 nan
39.46 nan
39.48 nan
39.5 nan
39.52 nan
39.54 nan
39.56 nan
39.58 nan
39.6 nan
39.62 nan
39.64 nan
39.66 nan
39.68 nan
39.7 nan
39.72 nan
39.74 -25.5638340301
39.76 -1.49962339119
39.78 -0.432502691765
39.8 -0.148275552329
39.82 0.00581462076109
39.84 0.0965142070882
39.86 0.151648790832
39.88 0.184692249752
39.9 0.202919286602
39.92 0.210612102086
39.94 0.210482775454
39.96 0.204363555476
39.98 0.193566107434
