0.0 0.250962356952
0.02 0.270832895617
0.04 0.28968557949
0.06 0.30755350101
0.08 0.324485425613
0.1 0.340542570278
0.12 0.355795045957
0.14 0.370318047879
0.16 0.384187884191
0.18 0.397477940804
0.2 0.410254688777
0.22 0.422573850177
0.24 0.434476848132
0.26 0.445987675535
0.28 0.457110322369
0.3 0.467826901481
0.32 0.478096603815
0.34 0.487855594147
0.36 0.497017924986
0.38 0.505477498958
0.4 0.513111049764
0.42 0.519782042208
0.44 0.525345318814
0.46 0.529652252199
0.48 0.532556107781
0.5 0.533917289522
0.52 0.533608139287
0.54 0.531516991367
0.56 0.527551246757
0.58 0.521639320777
0.6 0.513731422039
0.62 0.503799227919
0.64 0.49183461787
0.66 0.477847699696
0.68 0.461864407454
0.7 0.443923959736
0.72 0.424076445719
0.74 0.40238075902
0.76 0.378903034782
0.78 0.353715672643
0.8 0.326896956256
0.82 0.298531216223
0.84 0.268709432385
0.86 0.237530136612
0.88 0.205100458692
0.9 0.171537155138
0.92 0.136967471253
0.94 0.101529708172
0.96 0.06537339561
0.98 0.0286590049236
1.0 -0.00844282711833
1.02 -0.0457525580922
1.04 -0.0830834448302
1.06 -0.120243626777
1.08 -0.157038498608
1.1 -0.1932732671
1.12 -0.228755578529
1.14 -0.263298101488
1.16 -0.296720955278
1.18 -0.328853885594
1.2 -0.35953810562
1.22 -0.388627740973
1.24 -0.415990839563
1.26 -0.441509931098
1.28 -0.46508214427
1.3 -0.486618911464
1.32 -0.506045310102
1.34 -0.523299105729
1.36 -0.538329574098
1.38 -0.551096187506
1.4 -0.561567254286
1.42 -0.569718599733
1.44 -0.575532371984
1.46 -0.578996047814
1.48 -0.580101701144
1.5 -0.578845582137
1.52 -0.575228037198
1.54 -0.569253781034
1.56 -0.560932511691
1.58 -0.550279839089
1.6 -0.537318477796
1.62 -0.522079636801
1.64 -0.504604523476
1.66 -0.484945867047
1.68 -0.46316935936
1.7 -0.439354908489
1.72 -0.413597604061
1.74 -0.386008302791
1.76 -0.356713758065
1.78 -0.325856238472
1.8 -0.293592605837
1.82 -0.260092852313
1.84 -0.225538126884
1.86 -0.190118312146
1.88 -0.154029240612
1.9 -0.117469663784
1.92 -0.0806381053905
1.94 -0.043729740694
1.96 -0.00693344606137
1.98 0.0295708435244
2.0 0.0656143464164
2.02 0.101041115898
2.04 0.135709121107
2.06 0.169490691532
2.08 0.202272327228
2.1 0.233953916372
2.12 0.264447440492
2.14 0.293675283937
2.16 0.321568295182
2.18 0.348063771244
2.2 0.373103550147
2.22 0.39663239754
2.24 0.418596860001
2.26 0.438944727918
2.28 0.457625204728
2.3 0.474589818468
2.32 0.489794039712
2.34 0.503199492993
2.36 0.514776575131
2.38 0.524507232288
2.4 0.532387607636
2.42 0.538430260198
2.44 0.542665677184
2.46 0.545142856293
2.48 0.545928816047
2.5 0.545106991653
2.52 0.54277457886
2.54 0.539038985841
2.56 0.534013631619
2.58 0.527813380762
2.6 0.520549924174
2.62 0.512327405582
2.64 0.50323855735
2.66 0.493361554972
2.68 0.482757735112
2.7 0.471470255558
2.72 0.4595237133
2.74 0.446924683736
2.76 0.43366310219
2.78 0.419714378859
2.8 0.405042119272
2.82 0.389601312468
2.84 0.373341846298
2.86 0.356212211528
2.88 0.338163262016
2.9 0.319151905994
2.92 0.299144612638
2.94 0.278120628539
2.96 0.256074810258
2.98 0.233019992419
3.0 0.208988825754
3.02 0.184035036564
3.04 0.158234077998
3.06 0.131683164071
3.08 0.104500698753
3.1 0.0768251338256
3.12 0.0488133093331
3.14 0.0206383481662
3.16 -0.0075128095348
3.18 -0.0354421369263
3.2 -0.0629434163421
3.22 -0.0898052021151
3.24 -0.115813758534
3.26 -0.140755892807
3.28 -0.164421618717
3.3 -0.186606605753
3.32 -0.207114389511
3.34 -0.225758340995
3.36 -0.242363413433
3.38 -0.256767704403
3.4 -0.268823886726
3.42 -0.278400572781
3.44 -0.28538368224
3.46 -0.289677881901
3.48 -0.291208157274
3.5 -0.289921558514
3.52 -0.285789138
3.54 -0.278808063745
3.56 -0.269003853339
3.58 -0.256432629258
3.6 -0.241183251651
3.62 -0.223379143514
3.64 -0.203179590763
3.66 -0.180780282327
3.68 -0.156412858051
3.7 -0.130343260049
3.72 -0.102868737338
3.74 -0.0743134335541
3.76 -0.0450225874278
3.78 -0.015355486658
3.8 0.0143225743889
3.82 0.0436489873999
3.84 0.0722727592015
3.86 0.099863230929
3.88 0.126118149294
3.9 0.150770699228
3.92 0.173595186613
3.94 0.194411160583
3.96 0.21308587434
3.98 0.229535089353
4.0 0.243722320041
4.02 0.255656688048
4.04 0.265389603997
4.06 0.273010520579
4.08 0.278642006859
4.1 0.282434384132
4.12 0.284560143251
4.14 0.285208336645
4.16 0.284579108936
4.18 0.282878500783
4.2 0.280313633124
4.22 0.277088353915
4.24 0.273399406997
4.26 0.269433162335
4.28 0.265362927902
4.3 0.261346845426
4.32 0.257526354471
4.34 0.254025191874
4.36 0.250948876687
4.38 0.248384615168
4.4 0.246401547062
4.42 0.245051244767
4.44 0.244368372047
4.46 0.244371410054
4.48 0.245063365804
4.5 0.246432392306
4.52 0.248452269166
4.54 0.251082716664
4.56 0.25426954291
4.58 0.257944650626
4.6 0.262025955032
4.62 0.26641728523
4.64 0.271008356688
4.66 0.275674910971
4.68 0.280279120096
4.7 0.284670347251
4.72 0.288686343349
4.74 0.292154941138
4.76 0.294896286305
4.78 0.296725619287
4.8 0.297456593505
4.82 0.296905086503
4.84 0.294893431118
4.86 0.291254965541
4.88 0.28583877523
4.9 0.278514477488
4.92 0.269176882625
4.94 0.257750355311
4.96 0.244192697078
4.98 0.228498376777
5.0 0.210700950088
5.02 0.190874531821
5.04 0.169134214654
5.06 0.145635364222
5.08 0.120571761796
5.1 0.0941726111198
5.12 0.0666984738506
5.14 0.0384362471192
5.16 0.00969334461945
5.18 -0.0192087137984
5.2 -0.047941063591
5.22 -0.0761743447646
5.24 -0.10358536935
5.26 -0.129863350194
5.28 -0.154715466433
5.3 -0.177871590144
5.32 -0.199088060328
5.34 -0.218150457673
5.36 -0.234875399413
5.38 -0.249111431563
5.4 -0.260739140294
5.42 -0.269670632879
5.44 -0.275848549837
5.46 -0.279244765841
5.48 -0.27985891911
5.5 -0.277716881996
5.52 -0.272869252302
5.54 -0.265389909574
5.56 -0.255374646565
5.58 -0.242939855723
5.6 -0.228221226286
5.62 -0.211372390905
5.64 -0.192563452215
5.66 -0.171979320312
5.68 -0.149817800694
5.7 -0.126287388569
5.72 -0.101604747567
5.74 -0.0759918772031
5.76 -0.0496730013287
5.78 -0.0228712370969
5.8 0.00419487198831
5.82 0.0313148564556
5.84 0.0582897400037
5.86 0.0849352581873
5.88 0.111084760513
5.9 0.136591690072
5.92 0.161331550895
5.94 0.185203293606
5.96 0.20813007265
5.98 0.230059351794
6.0 0.250962356953
6.02 0.270832895617
6.04 0.28968557949
6.06 0.307553501009
6.08 0.324485425613
6.1 0.340542570278
6.12 0.355795045957
6.14 0.370318047878
6.16 0.384187884191
6.18 0.397477940804
6.2 0.410254688777
6.22 0.422573850177
6.24 0.434476848132
6.26 0.445987675534
6.28 0.457110322369
6.3 0.46782690148
6.32 0.478096603815
6.34 0.487855594147
6.36 0.497017924986
6.38 0.505477498958
6.4 0.513111049764
6.42 0.519782042207
6.44 0.525345318814
6.46 0.529652252199
6.48 0.532556107781
6.5 0.533917289522
6.52 0.533608139287
6.54 0.531516991367
6.56 0.527551246757
6.58 0.521639320777
6.6 0.513731422039
6.62 0.503799227919
6.64 0.49183461787
6.66 0.477847699696
6.68 0.461864407455
6.7 0.443923959736
6.72 0.42407644572
6.74 0.402380759019
6.76 0.378903034783
6.78 0.353715672642
6.8 0.326896956257
6.82 0.298531216223
6.84 0.268709432383
6.86 0.237530136613
6.88 0.205100458691
6.9 0.171537155139
6.92 0.136967471252
6.94 0.101529708173
6.96 0.0653733956088
6.98 0.0286590049245
7.0 -0.00844282711865
7.02 -0.0457525580922
7.04 -0.0830834448297
7.06 -0.120243626778
7.08 -0.157038498608
7.1 -0.1932732671
7.12 -0.228755578529
7.14 -0.263298101488
7.16 -0.296720955277
7.18 -0.328853885594
7.2 -0.35953810562
7.22 -0.388627740972
7.24 -0.415990839565
7.26 -0.441509931097
7.28 -0.465082144271
7.3 -0.486618911463
7.32 -0.506045310102
7.34 -0.523299105728
7.36 -0.538329574098
7.38 -0.551096187506
7.4 -0.561567254286
7.42 -0.569718599733
7.44 -0.575532371983
7.46 -0.578996047814
7.48 -0.580101701144
7.5 -0.578845582137
7.52 -0.575228037199
7.54 -0.569253781034
7.56 -0.560932511691
7.58 -0.550279839089
7.6 -0.537318477796
7.62 -0.522079636801
7.64 -0.504604523477
7.66 -0.484945867046
7.68 -0.46316935936
7.7 -0.439354908489
7.72 -0.41359760406
7.74 -0.386008302791
7.76 -0.356713758065
7.78 -0.325856238472
7.8 -0.293592605837
7.82 -0.260092852313
7.84 -0.225538126884
7.86 -0.190118312147
7.88 -0.154029240612
7.9 -0.117469663784
7.92 -0.0806381053906
7.94 -0.0437297406936
7.96 -0.00693344606158
7.98 0.0295708435244
8.0 0.0656143464166
8.02 0.101041115898
8.04 0.135709121107
8.06 0.169490691531
8.08 0.202272327228
8.1 0.233953916373
8.12 0.264447440492
8.14 0.293675283937
8.16 0.321568295183
8.18 0.348063771244
8.2 0.373103550147
8.22 0.396632397539
8.24 0.418596860001
8.26 0.438944727918
8.28 0.457625204728
8.3 0.474589818468
8.32 0.489794039712
8.34 0.503199492994
8.36 0.514776575131
8.38 0.524507232288
8.4 0.532387607636
8.42 0.538430260197
8.44 0.542665677184
8.46 0.545142856293
8.48 0.545928816047
8.5 0.545106991653
8.52 0.54277457886
8.54 0.539038985841
8.56 0.534013631619
8.58 0.527813380761
8.6 0.520549924174
8.62 0.512327405583
8.64 0.50323855735
8.66 0.493361554973
8.68 0.482757735111
8.7 0.471470255559
8.72 0.4595237133
8.74 0.446924683736
8.76 0.43366310219
8.78 0.419714378859
8.8 0.405042119272
8.82 0.389601312467
8.84 0.373341846299
8.86 0.356212211527
8.88 0.338163262017
8.9 0.319151905993
8.92 0.299144612638
8.94 0.278120628539
8.96 0.256074810259
8.98 0.233019992419
9.0 0.208988825753
9.02 0.184035036564
9.04 0.158234077997
9.06 0.131683164071
9.08 0.104500698752
9.1 0.0768251338259
9.12 0.0488133093325
9.14 0.0206383481667
9.16 -0.00751280953488
9.18 -0.0354421369264
9.2 -0.0629434163423
9.22 -0.0898052021155
9.24 -0.115813758534
9.26 -0.140755892807
9.28 -0.164421618718
9.3 -0.186606605752
9.32 -0.207114389512
9.34 -0.225758340994
9.36 -0.242363413433
9.38 -0.256767704403
9.4 -0.268823886726
9.42 -0.278400572782
9.44 -0.28538368224
9.46 -0.289677881901
9.48 -0.291208157274
9.5 -0.289921558514
9.52 -0.285789137999
9.54 -0.278808063746
9.56 -0.269003853338
9.58 -0.256432629258
9.6 -0.241183251651
9.62 -0.223379143514
9.64 -0.203179590764
9.66 -0.180780282327
9.68 -0.156412858052
9.7 -0.130343260047
9.72 -0.102868737339
9.74 -0.0743134335534
9.76 -0.0450225874292
9.78 -0.0153554866569
9.8 0.0143225743893
9.82 0.0436489873994
9.84 0.0722727592012
9.86 0.0998632309296
9.88 0.126118149294
9.9 0.150770699227
9.92 0.173595186613
9.94 0.194411160583
9.96 0.21308587434
9.98 0.229535089353
10.0 0.243722320041
10.02 0.255656688049
10.04 0.265389603996
10.06 0.273010520579
10.08 0.278642006858
10.1 0.282434384133
10.12 0.28456014325
10.14 0.285208336646
10.16 0.284579108936
10.18 0.282878500784
10.2 0.280313633124
10.22 0.277088353915
10.24 0.273399406997
10.26 0.269433162336
10.28 0.265362927902
10.3 0.261346845426
10.32 0.257526354471
10.34 0.254025191874
10.36 0.250948876688
10.38 0.248384615167
10.4 0.246401547062
10.42 0.245051244766
10.44 0.244368372048
10.46 0.244371410054
10.48 0.245063365804
10.5 0.246432392306
10.52 0.248452269166
10.54 0.251082716664
10.56 0.25426954291
10.58 0.257944650626
10.6 0.262025955033
10.62 0.266417285229
10.64 0.271008356689
10.66 0.275674910971
10.68 0.280279120095
10.7 0.284670347251
10.72 0.288686343348
10.74 0.292154941139
10.76 0.294896286304
10.78 0.296725619287
10.8 0.297456593504
10.82 0.296905086503
10.84 0.294893431118
10.86 0.291254965541
10.88 0.285838775231
10.9 0.278514477487
10.92 0.269176882626
10.94 0.25775035531
10.96 0.244192697079
10.98 0.228498376777
11.0 0.210700950089
11.02 0.19087453182
11.04 0.169134214655
11.06 0.145635364222
11.08 0.120571761796
11.1 0.0941726111205
11.12 0.0666984738498
11.14 0.0384362471199
11.16 0.00969334461932
11.18 -0.0192087137987
11.2 -0.0479410635911
11.22 -0.0761743447643
11.24 -0.10358536935
11.26 -0.129863350193
11.28 -0.154715466433
11.3 -0.177871590144
11.32 -0.199088060328
11.34 -0.218150457674
11.36 -0.234875399412
11.38 -0.249111431563
11.4 -0.260739140295
11.42 -0.269670632878
11.44 -0.275848549836
11.46 -0.279244765842
11.48 -0.279858919109
11.5 -0.277716881997
11.52 -0.272869252302
11.54 -0.265389909574
11.56 -0.255374646566
11.58 -0.242939855722
11.6 -0.228221226287
11.62 -0.211372390905
11.64 -0.192563452214
11.66 -0.171979320313
11.68 -0.149817800694
11.7 -0.126287388569
11.72 -0.101604747567
11.74 -0.0759918772032
11.76 -0.0496730013287
11.78 -0.022871237097
11.8 0.00419487198878
11.82 0.0313148564556
11.84 0.0582897400028
11.86 0.0849352581878
11.88 0.111084760513
11.9 0.136591690072
11.92 0.161331550895
11.94 0.185203293606
11.96 0.208130072651
11.98 0.230059351795
12.0 0.250962356953
12.02 0.270832895617
12.04 0.28968557949
12.06 0.307553501009
12.08 0.324485425613
12.1 0.340542570277
12.12 0.355795045958
12.14 0.370318047878
12.16 0.384187884191
12.18 0.397477940805
12.2 0.410254688776
12.22 0.422573850177
12.24 0.434476848132
12.26 0.445987675535
12.28 0.457110322368
12.3 0.467826901481
12.32 0.478096603814
12.34 0.487855594147
12.36 0.497017924985
12.38 0.505477498958
12.4 0.513111049764
12.42 0.519782042208
12.44 0.525345318813
12.46 0.5296522522
12.48 0.532556107781
12.5 0.533917289522
12.52 0.533608139287
12.54 0.531516991367
12.56 0.527551246757
12.58 0.521639320777
12.6 0.513731422039
12.62 0.503799227919
12.64 0.491834617871
12.66 0.477847699695
12.68 0.461864407454
12.7 0.443923959735
12.72 0.424076445721
12.74 0.402380759019
12.76 0.378903034784
12.78 0.353715672643
12.8 0.326896956255
12.82 0.298531216224
12.84 0.268709432384
12.86 0.237530136613
12.88 0.205100458691
12.9 0.171537155139
12.92 0.136967471252
12.94 0.101529708173
12.96 0.065373395609
12.98 0.0286590049242
13.0 -0.00844282711904
13.02 -0.0457525580904
13.04 -0.0830834448323
13.06 -0.120243626777
13.08 -0.157038498609
13.1 -0.193273267097
13.12 -0.228755578532
13.14 -0.263298101487
13.16 -0.296720955277
13.18 -0.328853885593
13.2 -0.359538105621
13.22 -0.388627740973
13.24 -0.415990839563
13.26 -0.441509931099
13.28 -0.46508214427
13.3 -0.486618911463
13.32 -0.506045310101
13.34 -0.52329910573
13.36 -0.538329574098
13.38 -0.551096187506
13.4 -0.561567254287
13.42 -0.569718599733
13.44 -0.575532371984
13.46 -0.578996047813
13.48 -0.580101701144
13.5 -0.578845582137
13.52 -0.575228037198
13.54 -0.569253781034
13.56 -0.560932511691
13.58 -0.550279839088
13.6 -0.537318477796
13.62 -0.522079636802
13.64 -0.504604523476
13.66 -0.484945867047
13.68 -0.463169359361
13.7 -0.439354908488
13.72 -0.413597604061
13.74 -0.386008302792
13.76 -0.356713758067
13.78 -0.325856238471
13.8 -0.293592605837
13.82 -0.260092852315
13.84 -0.225538126884
13.86 -0.190118312145
13.88 -0.154029240613
13.9 -0.117469663786
13.92 -0.080638105389
13.94 -0.0437297406937
13.96 -0.0069334460615
13.98 0.0295708435225
14.0 0.0656143464183
14.02 0.101041115898
14.04 0.135709121106
14.06 0.169490691531
14.08 0.202272327229
14.1 0.233953916372
14.12 0.26444744049
14.14 0.29367528394
14.16 0.321568295182
14.18 0.348063771244
14.2 0.373103550147
14.22 0.39663239754
14.24 0.418596860001
14.26 0.438944727918
14.28 0.457625204729
14.3 0.474589818468
14.32 0.489794039712
14.34 0.503199492993
14.36 0.514776575132
14.38 0.524507232288
14.4 0.532387607635
14.42 0.538430260197
14.44 0.542665677185
14.46 0.545142856292
14.48 0.545928816047
14.5 0.545106991653
14.52 0.54277457886
14.54 0.539038985841
14.56 0.534013631619
14.58 0.527813380761
14.6 0.520549924174
14.62 0.512327405582
14.64 0.503238557351
14.66 0.493361554972
14.68 0.482757735111
14.7 0.47147025556
14.72 0.459523713299
14.74 0.446924683736
14.76 0.433663102191
14.78 0.419714378859
14.8 0.405042119271
14.82 0.389601312468
14.84 0.373341846299
14.86 0.356212211528
14.88 0.338163262016
14.9 0.319151905994
14.92 0.299144612637
14.94 0.278120628539
14.96 0.256074810258
14.98 0.23301999242
15.0 0.208988825754
15.02 0.184035036562
15.04 0.158234077998
15.06 0.131683164071
15.08 0.104500698753
15.1 0.0768251338255
15.12 0.048813309333
15.14 0.0206383481667
15.16 -0.0075128095356
15.18 -0.0354421369259
15.2 -0.0629434163421
15.22 -0.0898052021153
15.24 -0.115813758535
15.26 -0.140755892807
15.28 -0.164421618718
15.3 -0.186606605752
15.32 -0.207114389512
15.34 -0.225758340994
15.36 -0.242363413434
15.38 -0.256767704402
15.4 -0.268823886727
15.42 -0.278400572781
15.44 -0.285383682241
15.46 -0.289677881901
15.48 -0.291208157274
15.5 -0.289921558514
15.52 -0.285789138
15.54 -0.278808063745
15.56 -0.26900385334
15.58 -0.256432629257
15.6 -0.241183251652
15.62 -0.223379143513
15.64 -0.203179590764
15.66 -0.180780282327
15.68 -0.15641285805
15.7 -0.130343260049
15.72 -0.102868737338
15.74 -0.0743134335542
15.76 -0.0450225874278
15.78 -0.0153554866582
15.8 0.0143225743895
15.82 0.0436489873999
15.84 0.0722727592011
15.86 0.0998632309295
15.88 0.126118149294
15.9 0.150770699229
15.92 0.173595186613
15.94 0.194411160583
15.96 0.21308587434
15.98 0.229535089353
16.0 0.243722320042
16.02 0.255656688047
16.04 0.265389603998
16.06 0.273010520579
16.08 0.278642006859
16.1 0.282434384132
16.12 0.284560143251
16.14 0.285208336645
16.16 0.284579108937
16.18 0.282878500783
16.2 0.280313633124
16.22 0.277088353915
16.24 0.273399406997
16.26 0.269433162336
16.28 0.265362927902
16.3 0.261346845426
16.32 0.257526354471
16.34 0.254025191874
16.36 0.250948876687
16.38 0.248384615168
16.4 0.246401547062
16.42 0.245051244766
16.44 0.244368372048
16.46 0.244371410054
16.48 0.245063365804
16.5 0.246432392306
16.52 0.248452269166
16.54 0.251082716664
16.56 0.25426954291
16.58 0.257944650626
16.6 0.262025955033
16.62 0.266417285229
16.64 0.271008356689
16.66 0.275674910971
16.68 0.280279120096
16.7 0.284670347251
16.72 0.288686343349
16.74 0.292154941138
16.76 0.294896286305
16.78 0.296725619287
16.8 0.297456593504
16.82 0.296905086503
16.84 0.294893431117
16.86 0.291254965541
16.88 0.28583877523
16.9 0.278514477489
16.92 0.269176882625
16.94 0.25775035531
16.96 0.244192697079
16.98 0.228498376778
17.0 0.210700950088
17.02 0.19087453182
17.04 0.169134214655
17.06 0.145635364222
17.08 0.120571761796
17.1 0.0941726111202
17.12 0.06669847385
17.14 0.0384362471199
17.16 0.00969334461906
17.18 -0.0192087137984
17.2 -0.0479410635906
17.22 -0.0761743447653
17.24 -0.10358536935
17.26 -0.129863350193
17.28 -0.154715466433
17.3 -0.177871590145
17.32 -0.199088060328
17.34 -0.218150457672
17.36 -0.234875399414
17.38 -0.249111431561
17.4 -0.260739140296
17.42 -0.269670632877
17.44 -0.275848549838
17.46 -0.279244765841
17.48 -0.27985891911
17.5 -0.277716881997
17.52 -0.272869252302
17.54 -0.265389909573
17.56 -0.255374646566
17.58 -0.242939855723
17.6 -0.228221226286
17.62 -0.211372390904
17.64 -0.192563452215
17.66 -0.171979320313
17.68 -0.149817800694
17.7 -0.126287388569
17.72 -0.101604747567
17.74 -0.0759918772027
17.76 -0.0496730013287
17.78 -0.0228712370976
17.8 0.00419487198933
17.82 0.0313148564554
17.84 0.0582897400037
17.86 0.0849352581868
17.88 0.111084760514
17.9 0.136591690072
17.92 0.161331550894
17.94 0.185203293606
17.96 0.208130072651
17.98 0.230059351794
18.0 0.250962356952
18.02 0.270832895618
18.04 0.289685579489
18.06 0.307553501009
18.08 0.324485425612
18.1 0.340542570278
18.12 0.355795045957
18.14 0.370318047878
18.16 0.384187884192
18.18 0.397477940804
18.2 0.410254688777
18.22 0.422573850176
18.24 0.434476848133
18.26 0.445987675534
18.28 0.457110322369
18.3 0.46782690148
18.32 0.478096603815
18.34 0.487855594147
18.36 0.497017924985
18.38 0.505477498958
18.4 0.513111049764
18.42 0.519782042207
18.44 0.525345318814
18.46 0.529652252199
18.48 0.532556107781
18.5 0.533917289522
18.52 0.533608139288
18.54 0.531516991366
18.56 0.527551246757
18.58 0.521639320778
18.6 0.513731422038
18.62 0.503799227919
18.64 0.49183461787
18.66 0.477847699697
18.68 0.461864407453
18.7 0.443923959736
18.72 0.42407644572
18.74 0.402380759022
18.76 0.37890303478
18.78 0.353715672643
18.8 0.326896956258
18.82 0.298531216221
18.84 0.268709432385
18.86 0.237530136612
18.88 0.205100458695
18.9 0.171537155136
18.92 0.136967471253
18.94 0.101529708172
18.96 0.0653733956128
18.98 0.0286590049209
19.0 -0.00844282711838
19.02 -0.0457525580897
19.04 -0.0830834448325
19.06 -0.120243626777
19.08 -0.157038498608
19.1 -0.193273267097
19.12 -0.228755578532
19.14 -0.263298101488
19.16 -0.296720955277
19.18 -0.328853885592
19.2 -0.359538105622
19.22 -0.388627740973
19.24 -0.415990839562
19.26 -0.4415099311
19.28 -0.46508214427
19.3 -0.486618911463
19.32 -0.506045310101
19.34 -0.52329910573
19.36 -0.538329574097
19.38 -0.551096187505
19.4 -0.561567254288
19.42 -0.569718599733
19.44 -0.575532371984
19.46 -0.578996047813
19.48 -0.580101701144
19.5 -0.578845582137
19.52 -0.575228037198
19.54 -0.569253781034
19.56 -0.560932511691
19.58 -0.550279839089
19.6 -0.537318477797
19.62 -0.5220796368
19.64 -0.504604523477
19.66 -0.484945867046
19.68 -0.463169359362
19.7 -0.439354908487
19.72 -0.413597604061
19.74 -0.386008302792
19.76 -0.356713758066
19.78 -0.325856238471
19.8 -0.293592605837
19.82 -0.260092852315
19.84 -0.225538126881
19.86 -0.190118312147
19.88 -0.154029240612
19.9 -0.117469663786
19.92 -0.0806381053889
19.94 -0.0437297406932
19.96 -0.00693344606181
19.98 0.0295708435224
20.0 0.0656143464187
20.02 0.101041115898
20.04 0.135709121106
20.06 0.169490691533
20.08 0.202272327228
20.1 0.233953916372
20.12 0.26444744049
20.14 0.293675283939
20.16 0.321568295182
20.18 0.348063771244
20.2 0.373103550146
20.22 0.396632397541
20.24 0.418596860001
20.26 0.438944727918
20.28 0.457625204729
20.3 0.474589818468
20.32 0.489794039712
20.34 0.503199492993
20.36 0.514776575131
20.38 0.524507232289
20.4 0.532387607635
20.42 0.538430260198
20.44 0.542665677184
20.46 0.545142856293
20.48 0.545928816046
20.5 0.545106991653
20.52 0.54277457886
20.54 0.539038985841
20.56 0.534013631619
20.58 0.527813380761
20.6 0.520549924174
20.62 0.512327405582
20.64 0.503238557351
20.66 0.493361554971
20.68 0.482757735112
20.7 0.471470255558
20.72 0.4595237133
20.74 0.446924683735
20.76 0.433663102192
20.78 0.419714378859
20.8 0.405042119272
20.82 0.389601312467
20.84 0.373341846299
20.86 0.356212211529
20.88 0.338163262016
20.9 0.319151905992
20.92 0.299144612639
20.94 0.278120628539
20.96 0.256074810259
20.98 0.233019992418
21.0 0.208988825756
21.02 0.184035036561
21.04 0.158234077999
21.06 0.13168316407
21.08 0.104500698754
21.1 0.0768251338246
21.12 0.0488133093329
21.14 0.0206383481668
21.16 -0.00751280953485
21.18 -0.0354421369269
21.2 -0.0629434163414
21.22 -0.0898052021157
21.24 -0.115813758534
21.26 -0.140755892807
21.28 -0.164421618718
21.3 -0.186606605752
21.32 -0.207114389511
21.34 -0.225758340995
21.36 -0.242363413433
21.38 -0.256767704403
21.4 -0.268823886727
21.42 -0.278400572781
21.44 -0.28538368224
21.46 -0.289677881901
21.48 -0.291208157274
21.5 -0.289921558514
21.52 -0.285789138001
21.54 -0.278808063743
21.56 -0.26900385334
21.58 -0.256432629258
21.6 -0.241183251651
21.62 -0.223379143514
21.64 -0.203179590764
21.66 -0.180780282327
21.68 -0.156412858052
21.7 -0.130343260046
21.72 -0.102868737341
21.74 -0.0743134335518
21.76 -0.0450225874294
21.78 -0.0153554866562
21.8 0.0143225743874
21.82 0.0436489874011
21.84 0.0722727592005
21.86 0.0998632309298
21.88 0.126118149293
21.9 0.15077069923
21.92 0.173595186612
21.94 0.194411160584
21.96 0.21308587434
21.98 0.229535089354
22.0 0.243722320041
22.02 0.255656688048
22.04 0.265389603998
22.06 0.273010520579
22.08 0.278642006859
22.1 0.282434384132
22.12 0.284560143251
22.14 0.285208336646
22.16 0.284579108935
22.18 0.282878500785
22.2 0.280313633124
22.22 0.277088353915
22.24 0.273399406996
22.26 0.269433162336
22.28 0.265362927902
22.3 0.261346845426
22.32 0.25752635447
22.34 0.254025191874
22.36 0.250948876687
22.38 0.248384615168
22.4 0.246401547062
22.42 0.245051244766
22.44 0.244368372048
22.46 0.244371410054
22.48 0.245063365804
22.5 0.246432392306
22.52 0.248452269166
22.54 0.251082716664
22.56 0.25426954291
22.58 0.257944650626
22.6 0.262025955034
22.62 0.266417285229
22.64 0.271008356689
22.66 0.27567491097
22.68 0.280279120097
22.7 0.28467034725
22.72 0.288686343349
22.74 0.292154941138
22.76 0.294896286307
22.78 0.296725619285
22.8 0.297456593506
22.82 0.296905086503
22.84 0.294893431118
22.86 0.29125496554
22.88 0.285838775231
22.9 0.278514477488
22.92 0.269176882625
22.94 0.25775035531
22.96 0.244192697079
22.98 0.228498376778
23.0 0.210700950088
23.02 0.19087453182
23.04 0.169134214657
23.06 0.14563536422
23.08 0.120571761797
23.1 0.0941726111192
23.12 0.0666984738517
23.14 0.0384362471179
23.16 0.00969334462042
23.18 -0.0192087137992
23.2 -0.0479410635893
23.22 -0.0761743447669
23.24 -0.103585369349
23.26 -0.129863350193
23.28 -0.154715466433
23.3 -0.177871590145
23.32 -0.199088060329
23.34 -0.218150457672
23.36 -0.234875399415
23.38 -0.249111431561
23.4 -0.260739140295
23.42 -0.269670632878
23.44 -0.275848549837
23.46 -0.279244765841
23.48 -0.27985891911
23.5 -0.277716881998
23.52 -0.272869252301
23.54 -0.265389909574
23.56 -0.255374646566
23.58 -0.242939855722
23.6 -0.228221226287
23.62 -0.211372390904
23.64 -0.192563452215
23.66 -0.171979320312
23.68 -0.149817800695
23.7 -0.126287388569
23.72 -0.101604747566
23.74 -0.075991877203
23.76 -0.0496730013294
23.78 -0.0228712370968
23.8 0.00419487198843
23.82 0.0313148564564
23.84 0.0582897400027
23.86 0.0849352581872
23.88 0.111084760514
23.9 0.136591690072
23.92 0.161331550893
23.94 0.185203293608
23.96 0.208130072649
23.98 0.230059351795
24.0 0.250962356953
24.02 0.270832895618
24.04 0.289685579488
24.06 0.30755350101
24.08 0.324485425612
24.1 0.340542570279
24.12 0.355795045956
24.14 0.370318047878
24.16 0.384187884192
24.18 0.397477940804
24.2 0.410254688776
24.22 0.422573850177
24.24 0.434476848132
24.26 0.445987675535
24.28 0.457110322368
24.3 0.467826901481
24.32 0.478096603815
24.34 0.487855594147
24.36 0.497017924986
24.38 0.505477498958
24.4 0.513111049764
24.42 0.519782042208
24.44 0.525345318813
24.46 0.529652252199
24.48 0.532556107781
24.5 0.533917289522
24.52 0.533608139288
24.54 0.531516991365
24.56 0.527551246758
24.58 0.521639320777
24.6 0.513731422039
24.62 0.503799227918
24.64 0.491834617872
24.66 0.477847699696
24.68 0.461864407453
24.7 0.443923959737
24.72 0.42407644572
24.74 0.402380759018
24.76 0.378903034785
24.78 0.353715672642
24.8 0.326896956257
24.82 0.29853121622
24.84 0.268709432387
24.86 0.237530136611
24.88 0.205100458693
24.9 0.171537155136
24.92 0.136967471255
24.94 0.101529708172
24.96 0.0653733956104
24.98 0.0286590049209
25.0 -0.0084428271161
25.02 -0.045752558092
25.04 -0.0830834448304
25.06 -0.120243626777
25.08 -0.157038498611
25.1 -0.193273267098
25.12 -0.228755578529
25.14 -0.263298101488
25.16 -0.296720955278
25.18 -0.328853885595
25.2 -0.359538105618
25.22 -0.388627740973
25.24 -0.415990839563
25.26 -0.4415099311
25.28 -0.465082144268
25.3 -0.486618911464
25.32 -0.506045310102
25.34 -0.52329910573
25.36 -0.538329574096
25.38 -0.551096187506
25.4 -0.561567254286
25.42 -0.569718599733
25.44 -0.575532371985
25.46 -0.578996047813
25.48 -0.580101701144
25.5 -0.578845582137
25.52 -0.575228037198
25.54 -0.569253781034
25.56 -0.560932511692
25.58 -0.550279839089
25.6 -0.537318477796
25.62 -0.5220796368
25.64 -0.504604523478
25.66 -0.484945867046
25.68 -0.463169359361
25.7 -0.439354908487
25.72 -0.413597604063
25.74 -0.386008302791
25.76 -0.356713758065
25.78 -0.325856238472
25.8 -0.293592605835
25.82 -0.260092852315
25.84 -0.225538126883
25.86 -0.190118312147
25.88 -0.15402924061
25.9 -0.117469663786
25.92 -0.0806381053907
25.94 -0.0437297406939
25.96 -0.00693344605897
25.98 0.0295708435219
26.0 0.0656143464166
26.02 0.101041115898
26.04 0.13570912111
26.06 0.169490691529
26.08 0.202272327226
26.1 0.233953916377
26.12 0.264447440489
26.14 0.293675283939
26.16 0.321568295181
26.18 0.348063771244
26.2 0.373103550149
26.22 0.396632397536
26.24 0.418596860003
26.26 0.438944727921
26.28 0.457625204726
26.3 0.474589818469
26.32 0.489794039713
26.34 0.503199492993
26.36 0.514776575131
26.38 0.524507232287
26.4 0.532387607636
26.42 0.538430260198
26.44 0.542665677183
26.46 0.545142856292
26.48 0.545928816047
26.5 0.545106991653
26.52 0.54277457886
26.54 0.539038985841
26.56 0.534013631619
26.58 0.527813380761
26.6 0.520549924174
26.62 0.512327405582
26.64 0.50323855735
26.66 0.493361554973
26.68 0.482757735111
26.7 0.471470255557
26.72 0.4595237133
26.74 0.446924683737
26.76 0.433663102189
26.78 0.41971437886
26.8 0.405042119271
26.82 0.38960131247
26.84 0.373341846297
26.86 0.356212211527
26.88 0.338163262018
26.9 0.319151905993
26.92 0.299144612637
26.94 0.278120628541
26.96 0.256074810258
26.98 0.233019992418
27.0 0.208988825754
27.02 0.184035036563
27.04 0.158234077999
27.06 0.13168316407
27.08 0.104500698752
27.1 0.076825133827
27.12 0.0488133093324
27.14 0.0206383481654
27.16 -0.00751280953388
27.18 -0.0354421369265
27.2 -0.0629434163429
27.22 -0.0898052021143
27.24 -0.115813758535
27.26 -0.140755892806
27.28 -0.164421618718
27.3 -0.186606605753
27.32 -0.207114389511
27.34 -0.225758340995
27.36 -0.242363413432
27.38 -0.256767704404
27.4 -0.268823886726
27.42 -0.278400572781
27.44 -0.28538368224
27.46 -0.2896778819
27.48 -0.291208157274
27.5 -0.289921558514
27.52 -0.285789137999
27.54 -0.278808063746
27.56 -0.269003853338
27.58 -0.256432629256
27.6 -0.241183251653
27.62 -0.223379143513
27.64 -0.203179590763
27.66 -0.180780282329
27.68 -0.156412858049
27.7 -0.13034326005
27.72 -0.102868737338
27.74 -0.0743134335535
27.76 -0.0450225874288
27.78 -0.0153554866579
27.8 0.0143225743906
27.82 0.0436489873973
27.84 0.0722727592021
27.86 0.0998632309308
27.88 0.126118149293
27.9 0.150770699229
27.92 0.173595186613
27.94 0.194411160582
27.96 0.213085874343
27.98 0.229535089351
28.0 0.243722320042
28.02 0.255656688049
28.04 0.265389603996
28.06 0.273010520579
28.08 0.278642006859
28.1 0.282434384131
28.12 0.284560143252
28.14 0.285208336645
28.16 0.284579108936
28.18 0.282878500784
28.2 0.280313633124
28.22 0.277088353915
28.24 0.273399406998
28.26 0.269433162334
28.28 0.265362927903
28.3 0.261346845427
28.32 0.25752635447
28.34 0.254025191873
28.36 0.250948876688
28.38 0.248384615167
28.4 0.246401547062
28.42 0.245051244766
28.44 0.244368372048
28.46 0.244371410054
28.48 0.245063365804
28.5 0.246432392306
28.52 0.248452269166
28.54 0.251082716664
28.56 0.25426954291
28.58 0.257944650626
28.6 0.262025955033
28.62 0.266417285229
28.64 0.271008356689
28.66 0.275674910972
28.68 0.280279120094
28.7 0.284670347253
28.72 0.288686343348
28.74 0.292154941138
28.76 0.294896286306
28.78 0.296725619287
28.8 0.297456593504
28.82 0.296905086504
28.84 0.294893431116
28.86 0.291254965542
28.88 0.28583877523
28.9 0.278514477487
28.92 0.269176882627
28.94 0.25775035531
28.96 0.244192697078
28.98 0.228498376779
29.0 0.210700950088
29.02 0.19087453182
29.04 0.169134214655
29.06 0.145635364222
29.08 0.120571761796
29.1 0.0941726111217
29.12 0.0666984738486
29.14 0.0384362471193
29.16 0.00969334462035
29.18 -0.0192087137997
29.2 -0.0479410635903
29.22 -0.0761743447647
29.24 -0.10358536935
29.26 -0.129863350192
29.28 -0.154715466435
29.3 -0.177871590143
29.32 -0.199088060328
29.34 -0.218150457674
29.36 -0.234875399412
29.38 -0.249111431561
29.4 -0.260739140298
29.42 -0.269670632876
29.44 -0.275848549838
29.46 -0.279244765841
29.48 -0.27985891911
29.5 -0.277716881997
29.52 -0.272869252301
29.54 -0.265389909573
29.56 -0.255374646566
29.58 -0.242939855722
29.6 -0.228221226287
29.62 -0.211372390904
29.64 -0.192563452215
29.66 -0.171979320313
29.68 -0.149817800695
29.7 -0.126287388569
29.72 -0.101604747567
29.74 -0.0759918772032
29.76 -0.0496730013288
29.78 -0.0228712370967
29.8 0.00419487198802
29.82 0.0313148564552
29.84 0.0582897400047
29.86 0.0849352581867
29.88 0.111084760513
29.9 0.136591690073
29.92 0.161331550894
29.94 0.185203293607
29.96 0.208130072649
29.98 0.230059351794
30.0 0.250962356955
30.02 0.270832895615
30.04 0.28968557949
30.06 0.307553501011
30.08 0.324485425612
30.1 0.340542570276
30.12 0.35579504596
30.14 0.370318047876
30.16 0.384187884192
30.18 0.397477940804
30.2 0.410254688777
30.22 0.422573850178
30.24 0.434476848132
30.26 0.445987675534
30.28 0.45711032237
30.3 0.46782690148
30.32 0.478096603815
30.34 0.487855594147
30.36 0.497017924985
30.38 0.505477498958
30.4 0.513111049763
30.42 0.519782042208
30.44 0.525345318814
30.46 0.529652252199
30.48 0.532556107781
30.5 0.533917289521
30.52 0.533608139288
30.54 0.531516991367
30.56 0.527551246755
30.58 0.521639320778
30.6 0.513731422038
30.62 0.503799227921
30.64 0.491834617869
30.66 0.477847699696
30.68 0.461864407455
30.7 0.443923959738
30.72 0.424076445716
30.74 0.402380759022
30.76 0.378903034782
30.78 0.35371567264
30.8 0.326896956259
30.82 0.29853121622
30.84 0.268709432387
30.86 0.237530136614
30.88 0.205100458688
30.9 0.17153715514
30.92 0.136967471253
30.94 0.10152970817
30.96 0.0653733956122
30.98 0.0286590049252
31.0 -0.00844282712212
31.02 -0.04575255809
31.04 -0.0830834448322
31.06 -0.120243626775
31.08 -0.157038498609
31.1 -0.193273267101
31.12 -0.228755578527
31.14 -0.263298101486
31.16 -0.296720955281
31.18 -0.328853885592
31.2 -0.35953810562
31.22 -0.388627740974
31.24 -0.415990839563
31.26 -0.441509931099
31.28 -0.465082144267
31.3 -0.486618911465
31.32 -0.506045310103
31.34 -0.523299105728
31.36 -0.538329574098
31.38 -0.551096187506
31.4 -0.561567254286
31.42 -0.569718599732
31.44 -0.575532371985
31.46 -0.578996047813
31.48 -0.580101701144
31.5 -0.578845582137
31.52 -0.575228037199
31.54 -0.569253781033
31.56 -0.560932511693
31.58 -0.550279839089
31.6 -0.537318477794
31.62 -0.522079636802
31.64 -0.504604523477
31.66 -0.484945867045
31.68 -0.463169359362
31.7 -0.439354908487
31.72 -0.413597604064
31.74 -0.38600830279
31.76 -0.356713758063
31.78 -0.325856238474
31.8 -0.293592605837
31.82 -0.260092852311
31.84 -0.225538126885
31.86 -0.190118312149
31.88 -0.154029240608
31.9 -0.117469663787
31.92 -0.0806381053888
31.94 -0.0437297406953
31.96 -0.00693344606181
31.98 0.0295708435268
32.0 0.0656143464118
32.02 0.101041115901
32.04 0.135709121109
32.06 0.169490691529
32.08 0.202272327228
32.1 0.233953916375
32.12 0.264447440489
32.14 0.29367528394
32.16 0.321568295179
32.18 0.348063771246
32.2 0.373103550149
32.22 0.396632397537
32.24 0.418596860002
32.26 0.43894472792
32.28 0.457625204726
32.3 0.474589818467
32.32 0.489794039714
32.34 0.503199492993
32.36 0.514776575131
32.38 0.524507232288
32.4 0.532387607635
32.42 0.538430260198
32.44 0.542665677183
32.46 0.545142856293
32.48 0.545928816047
32.5 0.545106991653
32.52 0.54277457886
32.54 0.539038985841
32.56 0.534013631619
32.58 0.527813380762
32.6 0.520549924174
32.62 0.512327405581
32.64 0.50323855735
32.66 0.493361554972
32.68 0.482757735112
32.7 0.471470255557
32.72 0.459523713302
32.74 0.446924683736
32.76 0.433663102189
32.78 0.41971437886
32.8 0.405042119271
32.82 0.389601312469
32.84 0.373341846298
32.86 0.356212211527
32.88 0.338163262019
32.9 0.319151905993
32.92 0.299144612636
32.94 0.27812062854
32.96 0.256074810258
32.98 0.233019992419
33.0 0.208988825754
33.02 0.184035036562
33.04 0.158234078
33.06 0.131683164069
33.08 0.104500698752
33.1 0.076825133826
33.12 0.0488133093332
33.14 0.020638348165
33.16 -0.00751280953272
33.18 -0.0354421369268
33.2 -0.0629434163439
33.22 -0.0898052021132
33.24 -0.115813758535
33.26 -0.140755892807
33.28 -0.164421618717
33.3 -0.186606605753
33.32 -0.20711438951
33.34 -0.225758340995
33.36 -0.242363413433
33.38 -0.256767704402
33.4 -0.268823886727
33.42 -0.27840057278
33.44 -0.285383682241
33.46 -0.289677881901
33.48 -0.291208157273
33.5 -0.289921558515
33.52 -0.285789137998
33.54 -0.278808063747
33.56 -0.269003853337
33.58 -0.256432629257
33.6 -0.241183251654
33.62 -0.223379143512
33.64 -0.203179590764
33.66 -0.180780282327
33.68 -0.156412858052
33.7 -0.130343260047
33.72 -0.102868737339
33.74 -0.0743134335539
33.76 -0.0450225874293
33.78 -0.0153554866572
33.8 0.01432257439
33.82 0.0436489873997
33.84 0.0722727592002
33.86 0.099863230931
33.88 0.126118149292
33.9 0.150770699229
33.92 0.173595186614
33.94 0.194411160582
33.96 0.213085874341
33.98 0.229535089352
34.0 0.243722320042
34.02 0.255656688048
34.04 0.265389603995
34.06 0.27301052058
34.08 0.27864200686
34.1 0.282434384131
34.12 0.284560143251
34.14 0.285208336646
34.16 0.284579108935
34.18 0.282878500785
34.2 0.280313633123
34.22 0.277088353915
34.24 0.273399406998
34.26 0.269433162335
34.28 0.265362927902
34.3 0.261346845427
34.32 0.25752635447
34.34 0.254025191874
34.36 0.250948876688
34.38 0.248384615167
34.4 0.246401547062
34.42 0.245051244766
34.44 0.244368372048
34.46 0.244371410054
34.48 0.245063365804
34.5 0.246432392306
34.52 0.248452269166
34.54 0.251082716664
34.56 0.25426954291
34.58 0.257944650626
34.6 0.262025955033
34.62 0.266417285229
34.64 0.271008356688
34.66 0.275674910971
34.68 0.280279120095
34.7 0.284670347251
34.72 0.288686343349
34.74 0.292154941137
34.76 0.294896286307
34.78 0.296725619286
34.8 0.297456593504
34.82 0.296905086504
34.84 0.294893431117
34.86 0.291254965542
34.88 0.285838775231
34.9 0.278514477486
34.92 0.269176882628
34.94 0.25775035531
34.96 0.244192697077
34.98 0.228498376778
35.0 0.210700950088
35.02 0.19087453182
35.04 0.169134214656
35.06 0.145635364221
35.08 0.120571761796
35.1 0.0941726111207
35.12 0.0666984738491
35.14 0.0384362471199
35.16 0.00969334462079
35.18 -0.0192087138005
35.2 -0.0479410635887
35.22 -0.0761743447661
35.24 -0.103585369351
35.26 -0.129863350192
35.28 -0.154715466435
35.3 -0.177871590141
35.32 -0.199088060329
35.34 -0.218150457675
35.36 -0.234875399412
35.38 -0.249111431562
35.4 -0.260739140297
35.42 -0.269670632877
35.44 -0.275848549837
35.46 -0.279244765841
35.48 -0.27985891911
35.5 -0.277716881997
35.52 -0.272869252302
35.54 -0.265389909574
35.56 -0.255374646566
35.58 -0.242939855722
35.6 -0.228221226287
35.62 -0.211372390904
35.64 -0.192563452215
35.66 -0.171979320312
35.68 -0.149817800695
35.7 -0.126287388568
35.72 -0.101604747568
35.74 -0.0759918772033
35.76 -0.0496730013292
35.78 -0.0228712370969
35.8 0.00419487198949
35.82 0.0313148564546
35.84 0.0582897400048
35.86 0.084935258186
35.88 0.111084760513
35.9 0.136591690073
35.92 0.161331550893
35.94 0.185203293608
35.96 0.208130072648
35.98 0.230059351795
36.0 0.250962356954
36.02 0.270832895616
36.04 0.289685579489
36.06 0.307553501011
36.08 0.324485425612
36.1 0.340542570278
36.12 0.355795045957
36.14 0.370318047879
36.16 0.384187884191
36.18 0.397477940804
36.2 0.410254688776
36.22 0.422573850178
36.24 0.434476848133
36.26 0.445987675534
36.28 0.45711032237
36.3 0.467826901479
36.32 0.478096603815
36.34 0.487855594148
36.36 0.497017924985
36.38 0.505477498958
36.4 0.513111049763
36.42 0.519782042208
36.44 0.525345318814
36.46 0.529652252199
36.48 0.532556107782
36.5 0.533917289521
36.52 0.533608139288
36.54 0.531516991367
36.56 0.527551246755
36.58 0.521639320779
36.6 0.513731422037
36.62 0.503799227921
36.64 0.491834617871
36.66 0.477847699694
36.68 0.461864407455
36.7 0.443923959736
36.72 0.424076445718
36.74 0.402380759021
36.76 0.378903034784
36.78 0.353715672639
36.8 0.326896956259
36.82 0.298531216221
36.84 0.268709432387
36.86 0.237530136612
36.88 0.20510045869
36.9 0.17153715514
36.92 0.136967471255
36.94 0.101529708167
36.96 0.0653733956125
36.98 0.0286590049233
37.0 -0.0084428271204
37.02 -0.0457525580897
37.04 -0.0830834448331
37.06 -0.120243626774
37.08 -0.157038498607
37.1 -0.193273267104
37.12 -0.228755578527
37.14 -0.263298101488
37.16 -0.29672095528
37.18 -0.328853885592
37.2 -0.359538105618
37.22 -0.388627740976
37.24 -0.415990839562
37.26 -0.441509931099
37.28 -0.465082144269
37.3 -0.486618911464
37.32 -0.506045310103
37.34 -0.523299105728
37.36 -0.538329574097
37.38 -0.551096187507
37.4 -0.561567254286
37.42 -0.569718599733
37.44 -0.575532371984
37.46 -0.578996047813
37.48 -0.580101701144
37.5 -0.578845582137
37.52 -0.575228037199
37.54 -0.569253781033
37.56 -0.560932511692
37.58 -0.550279839089
37.6 -0.537318477795
37.62 -0.522079636801
37.64 -0.504604523478
37.66 -0.484945867044
37.68 -0.463169359361
37.7 -0.439354908487
37.72 -0.413597604063
37.74 -0.386008302791
37.76 -0.356713758064
37.78 -0.325856238474
37.8 -0.29359260584
37.82 -0.260092852309
37.84 -0.225538126885
37.86 -0.190118312147
37.88 -0.15402924061
37.9 -0.117469663787
37.92 -0.0806381053883
37.94 -0.0437297406979
37.96 -0.0069334460593
37.98 0.0295708435266
38.0 0.0656143464144
38.02 0.101041115898
38.04 0.13570912111
38.06 0.169490691529
38.08 0.202272327227
38.1 0.233953916376
38.12 0.26444744049
38.14 0.293675283939
38.16 0.321568295181
38.18 0.348063771245
38.2 0.373103550149
38.22 0.396632397536
38.24 0.418596860003
38.26 0.43894472792
38.28 0.457625204726
38.3 0.474589818468
38.32 0.489794039714
38.34 0.503199492992
38.36 0.514776575132
38.38 0.524507232286
38.4 0.532387607636
38.42 0.538430260199
38.44 0.542665677183
38.46 0.545142856293
38.48 0.545928816047
38.5 0.545106991653
38.52 0.54277457886
38.54 0.539038985841
38.56 0.53401363162
38.58 0.527813380761
38.6 0.520549924173
38.62 0.512327405583
38.64 0.503238557349
38.66 0.493361554974
38.68 0.482757735111
38.7 0.471470255557
38.72 0.459523713301
38.74 0.446924683736
38.76 0.43366310219
38.78 0.419714378859
38.8 0.405042119274
38.82 0.389601312466
38.84 0.373341846298
38.86 0.356212211528
38.88 0.338163262017
38.9 0.319151905994
38.92 0.299144612637
38.94 0.278120628541
38.96 0.256074810258
38.98 0.233019992418
39.0 0.208988825755
39.02 0.184035036564
39.04 0.158234077996
39.06 0.131683164073
39.08 0.104500698751
39.1 0.0768251338274
39.12 0.0488133093323
39.14 0.0206383481657
39.16 -0.00751280953446
39.18 -0.0354421369261
39.2 -0.0629434163425
39.22 -0.0898052021155
39.24 -0.115813758533
39.26 -0.140755892808
39.28 -0.164421618718
39.3 -0.186606605752
39.32 -0.207114389511
39.34 -0.225758340994
39.36 -0.242363413433
39.38 -0.256767704404
39.4 -0.268823886726
39.42 -0.278400572781
39.44 -0.28538368224
39.46 -0.289677881901
39.48 -0.291208157274
39.5 -0.289921558514
39.52 -0.285789138
39.54 -0.278808063746
39.56 -0.269003853338
39.58 -0.256432629257
39.6 -0.241183251653
39.62 -0.223379143514
39.64 -0.203179590763
39.66 -0.180780282329
39.68 -0.15641285805
39.7 -0.130343260048
39.72 -0.102868737339
39.74 -0.074313433553
39.76 -0.0450225874298
39.78 -0.0153554866569
39.8 0.0143225743897
39.82 0.0436489873977
39.84 0.0722727592024
39.86 0.0998632309302
39.88 0.126118149293
39.9 0.150770699228
39.92 0.173595186614
39.94 0.194411160582
39.96 0.213085874341
39.98 0.229535089351
