0.0 36.8646145929
0.02 37.7367315392
0.04 38.5900689761
0.06 39.4229286272
0.08 40.2338806428
0.1 41.0217305822
0.12 41.7854803067
0.14 42.524284413
0.16 43.237403893
0.18 43.9241587496
0.2 44.5838813313
0.22 45.2158721874
0.24 45.8193602762
0.26 46.3934693704
0.28 46.9371924751
0.3 47.4493759631
0.32 47.9287149194
0.34 48.373760828
0.36 48.7829422142
0.38 49.1545981756
0.4 49.4870239064
0.42 49.778526412
0.44 50.0274876919
0.46 50.2324318561
0.48 50.3920920455
0.5 50.5054727576
0.52 50.5719033196
0.54 50.5910788184
0.56 50.5630857733
0.58 50.4884111121
0.6 50.3679344465
0.62 50.2029050623
0.64 49.9949062654
0.66 49.7458106203
0.68 49.4577300842
0.7 49.1329650653
0.72 48.773956038
0.74 48.383240639
0.76 47.9634182464
0.78 47.5171230476
0.8 47.0470056445
0.82 46.5557224159
0.84 46.0459312208
0.86 45.5202916139
0.88 44.9814675568
0.9 44.4321306245
0.92 43.8749619019
0.94 43.3126510866
0.96 42.7478917356
0.98 42.1833720531
1.0 41.6217610935
1.02 41.0656906998
1.04 40.5177338926
1.06 39.9803807398
1.08 39.4560129629
1.1 38.9468786541
1.12 38.4550685007
1.14 37.9824948327
1.16 37.5308746492
1.18 37.1017175477
1.2 36.6963192041
1.22 36.3157607473
1.24 35.9609140673
1.26 35.6324527987
1.28 35.3308684592
1.3 35.0564909969
1.32 34.809512822
1.34 34.5900152703
1.36 34.3979963701
1.38 34.2333987502
1.4 34.096136547
1.42 33.9861202197
1.44 33.9032782776
1.46 33.8475750473
1.48 33.819023756
1.5 33.8176943868
1.52 33.8437159501
1.54 33.8972730265
1.56 33.9785966488
1.58 34.0879498098
1.6 34.2256080976
1.62 34.3918361606
1.64 34.5868608912
1.66 34.8108423762
1.68 35.0638437847
1.7 35.3458014495
1.72 35.6564964302
1.74 35.9955288225
1.76 36.362295995
1.78 36.7559757882
1.8 37.1755155007
1.82 37.6196272231
1.84 38.0867897714
1.86 38.5752571296
1.88 39.0830729644
1.9 39.6080904363
1.92 40.1479962293
1.94 40.7003374862
1.96 41.2625501717
1.98 41.8319873274
2.0 42.405945723
2.02 42.9816895638
2.04 43.5564701659
2.06 44.1275408614
2.08 44.6921668111
2.1 45.2476298733
2.12 45.7912291592
2.14 46.3202783803
2.16 46.8321015106
2.18 47.3240286149
2.2 47.7933938933
2.22 48.2375380168
2.24 48.6538166564
2.26 49.0396167125
2.28 49.3923811366
2.3 49.7096424263
2.32 49.989063928
2.34 50.2284870818
2.36 50.425981807
2.38 50.5798964753
2.4 50.6889034761
2.42 50.752036334
2.44 50.7687147385
2.46 50.7387546778
2.48 50.6623620471
2.5 50.540109495
2.52 50.3728977112
2.54 50.1619036633
2.56 49.9085193188
2.58 49.6142850258
2.6 49.2808219381
2.62 48.9097676713
2.64 48.5027188382
2.66 48.0611833392
2.68 47.5865443848
2.7 47.0800373177
2.72 46.5427394656
2.74 45.9755725432
2.76 45.3793165764
2.78 44.754633927
2.8 44.1021017498
2.82 43.4222510819
2.84 42.71561071
2.86 41.9827539613
2.88 41.2243465901
2.9 40.441193966
2.92 39.6342858133
2.94 38.8048367968
2.96 37.9543213209
2.98 37.084501011
3.0 36.1974435041
3.02 35.2955314102
3.04 34.3814606188
3.06 33.4582275289
3.08 32.5291052709
3.1 31.5976095287
3.12 30.6674551505
3.14 29.742505292
3.16 28.826715333
3.18 27.9240741876
3.2 27.0385458546
3.22 26.1740140914
3.24 25.3342329339
3.26 24.5227854295
3.28 23.7430524293
3.3 22.9981926396
3.32 22.2911344134
3.34 21.6245790227
3.36 21.0010144516
3.38 20.4227381137
3.4 19.8918863732
3.42 19.4104683351
3.44 18.9804010819
3.46 18.6035433579
3.48 18.2817246335
3.5 18.0167665184
3.52 17.8104936282
3.54 17.6647312657
3.56 17.5812876759
3.58 17.5619192052
3.6 17.6082774813
3.62 17.7218387548
3.64 17.9038168136
3.66 18.1550623676
3.68 18.4759534216
3.7 18.8662827705
3.72 19.3251501651
3.74 19.8508676901
3.76 20.4408872124
3.78 21.0917582261
3.8 21.7991229195
3.82 22.557752862
3.84 23.3616285326
3.86 24.204059327
3.88 25.0778381123
3.9 25.9754213185
3.92 26.8891233645
3.94 27.8113131995
3.96 28.7346009797
3.98 29.6520043171
4.0 30.5570858606
4.02 31.4440568437
4.04 32.3078442694
4.06 33.1441222411
4.08 33.9493103199
4.1 34.7205435394
4.12 35.4556197823
4.14 36.1529306592
4.16 36.8113819439
4.18 37.4303091239
4.2 38.0093928791
4.22 38.5485784117
4.24 39.0480016248
4.26 39.5079242468
4.28 39.9286791695
4.3 40.3106265331
4.32 40.6541204538
4.34 40.9594857541
4.36 41.2270036204
4.38 41.4569047772
4.4 41.6493685345
4.42 41.8045259392
4.44 41.9224652521
4.46 42.0032380729
4.48 42.0468646531
4.5 42.0533372539
4.52 42.0226208066
4.54 41.9546505893
4.56 41.8493271145
4.58 41.7065088919
4.6 41.5260041581
4.62 41.3075630148
4.64 41.0508716754
4.66 40.7555506665
4.68 40.421158857
4.7 40.0472050997
4.72 39.6331690625
4.74 39.1785325032
4.76 38.6828218117
4.78 38.1456620925
4.8 37.5668424034
4.82 36.9463909924
4.84 36.2846584996
4.86 35.5824061408
4.88 34.8408949019
4.9 34.061970834
4.92 33.2481407318
4.94 32.4026319548
4.96 31.5294300237
4.98 30.6332880588
5.0 29.719703199
5.02 28.7948569056
5.04 27.8655184487
5.06 26.9389137323
5.08 26.0225646604
5.1 25.1241071254
5.12 24.2510980177
5.14 23.4108230618
5.16 22.6101175287
5.18 21.855210877
5.2 21.1516042368
5.22 20.503986651
5.24 19.9161925327
5.26 19.3911993314
5.28 18.9311613424
5.3 18.5374732546
5.32 18.2108555864
5.34 17.95145362
5.36 17.758941724
5.38 17.6326258481
5.4 17.5715382728
5.42 17.5745201822
5.44 17.6402891201
5.46 17.7674897643
5.48 17.9547276424
5.5 18.2005863889
5.52 18.503629908
5.54 18.8623914033
5.56 19.2753516718
5.58 19.7409093854
5.6 20.2573463006
5.62 20.8227904517
5.64 21.4351803996
5.66 22.0922334985
5.68 22.7914209038
5.7 23.5299516588
5.72 24.3047676752
5.74 25.1125507646
5.76 25.9497421347
5.78 26.8125739654
5.8 27.6971118955
5.82 28.5993065428
5.84 29.5150515963
5.86 30.4402456255
5.88 31.3708545605
5.9 32.3029718247
5.92 33.2328733363
5.94 34.1570649933
5.96 35.0723207815
5.98 35.9757102359
6.0 36.8646145929
6.02 37.7367315392
6.04 38.5900689761
6.06 39.4229286272
6.08 40.2338806428
6.1 41.0217305822
6.12 41.7854803067
6.14 42.524284413
6.16 43.237403893
6.18 43.9241587496
6.2 44.5838813313
6.22 45.2158721874
6.24 45.8193602762
6.26 46.3934693703
6.28 46.9371924751
6.3 47.4493759631
6.32 47.9287149194
6.34 48.373760828
6.36 48.7829422142
6.38 49.1545981756
6.4 49.4870239064
6.42 49.778526412
6.44 50.0274876919
6.46 50.2324318561
6.48 50.3920920455
6.5 50.5054727576
6.52 50.5719033196
6.54 50.5910788184
6.56 50.5630857733
6.58 50.4884111121
6.6 50.3679344465
6.62 50.2029050623
6.64 49.9949062654
6.66 49.7458106202
6.68 49.4577300842
6.7 49.1329650653
6.72 48.773956038
6.74 48.383240639
6.76 47.9634182464
6.78 47.5171230476
6.8 47.0470056445
6.82 46.5557224159
6.84 46.0459312208
6.86 45.5202916139
6.88 44.9814675567
6.9 44.4321306246
6.92 43.8749619019
6.94 43.3126510866
6.96 42.7478917355
6.98 42.1833720531
7.0 41.6217610935
7.02 41.0656906998
7.04 40.5177338926
7.06 39.9803807398
7.08 39.4560129629
7.1 38.9468786541
7.12 38.4550685007
7.14 37.9824948327
7.16 37.5308746492
7.18 37.1017175477
7.2 36.6963192041
7.22 36.3157607473
7.24 35.9609140673
7.26 35.6324527987
7.28 35.3308684592
7.3 35.0564909969
7.32 34.8095128219
7.34 34.5900152703
7.36 34.3979963701
7.38 34.2333987502
7.4 34.096136547
7.42 33.9861202197
7.44 33.9032782776
7.46 33.8475750473
7.48 33.819023756
7.5 33.8176943868
7.52 33.8437159501
7.54 33.8972730265
7.56 33.9785966488
7.58 34.0879498098
7.6 34.2256080976
7.62 34.3918361606
7.64 34.5868608912
7.66 34.8108423762
7.68 35.0638437847
7.7 35.3458014495
7.72 35.6564964302
7.74 35.9955288225
7.76 36.362295995
7.78 36.7559757882
7.8 37.1755155007
7.82 37.6196272231
7.84 38.0867897714
7.86 38.5752571296
7.88 39.0830729644
7.9 39.6080904363
7.92 40.1479962293
7.94 40.7003374862
7.96 41.2625501717
7.98 41.8319873274
8.0 42.405945723
8.02 42.9816895638
8.04 43.5564701659
8.06 44.1275408614
8.08 44.6921668111
8.1 45.2476298733
8.12 45.7912291592
8.14 46.3202783803
8.16 46.8321015106
8.18 47.3240286149
8.2 47.7933938933
8.22 48.2375380168
8.24 48.6538166564
8.26 49.0396167125
8.28 49.3923811366
8.3 49.7096424263
8.32 49.989063928
8.34 50.2284870818
8.36 50.425981807
8.38 50.5798964753
8.4 50.6889034761
8.42 50.752036334
8.44 50.7687147385
8.46 50.7387546778
8.48 50.6623620471
8.5 50.540109495
8.52 50.3728977112
8.54 50.1619036633
8.56 49.9085193188
8.58 49.6142850258
8.6 49.2808219381
8.62 48.9097676713
8.64 48.5027188382
8.66 48.0611833392
8.68 47.5865443848
8.7 47.0800373178
8.72 46.5427394656
8.74 45.9755725432
8.76 45.3793165764
8.78 44.754633927
8.8 44.1021017498
8.82 43.4222510819
8.84 42.71561071
8.86 41.9827539613
8.88 41.2243465901
8.9 40.441193966
8.92 39.6342858133
8.94 38.8048367967
8.96 37.9543213209
8.98 37.084501011
9.0 36.1974435041
9.02 35.2955314102
9.04 34.3814606187
9.06 33.4582275289
9.08 32.5291052709
9.1 31.5976095287
9.12 30.6674551505
9.14 29.742505292
9.16 28.826715333
9.18 27.9240741876
9.2 27.0385458546
9.22 26.1740140914
9.24 25.3342329339
9.26 24.5227854295
9.28 23.7430524293
9.3 22.9981926396
9.32 22.2911344134
9.34 21.6245790227
9.36 21.0010144516
9.38 20.4227381137
9.4 19.8918863732
9.42 19.4104683351
9.44 18.9804010819
9.46 18.6035433579
9.48 18.2817246335
9.5 18.0167665184
9.52 17.8104936282
9.54 17.6647312657
9.56 17.5812876759
9.58 17.5619192052
9.6 17.6082774813
9.62 17.7218387549
9.64 17.9038168136
9.66 18.1550623676
9.68 18.4759534216
9.7 18.8662827705
9.72 19.325150165
9.74 19.8508676901
9.76 20.4408872124
9.78 21.0917582261
9.8 21.7991229195
9.82 22.557752862
9.84 23.3616285326
9.86 24.204059327
9.88 25.0778381124
9.9 25.9754213184
9.92 26.8891233645
9.94 27.8113131995
9.96 28.7346009797
9.98 29.6520043171
10.0 30.5570858606
10.02 31.4440568437
10.04 32.3078442694
10.06 33.1441222412
10.08 33.9493103199
10.1 34.7205435394
10.12 35.4556197823
10.14 36.1529306592
10.16 36.8113819439
10.18 37.4303091239
10.2 38.0093928791
10.22 38.5485784117
10.24 39.0480016248
10.26 39.5079242468
10.28 39.9286791695
10.3 40.3106265331
10.32 40.6541204538
10.34 40.9594857541
10.36 41.2270036204
10.38 41.4569047772
10.4 41.6493685345
10.42 41.8045259391
10.44 41.9224652521
10.46 42.0032380729
10.48 42.0468646531
10.5 42.0533372539
10.52 42.0226208066
10.54 41.9546505893
10.56 41.8493271145
10.58 41.7065088919
10.6 41.5260041581
10.62 41.3075630148
10.64 41.0508716754
10.66 40.7555506665
10.68 40.421158857
10.7 40.0472050997
10.72 39.6331690625
10.74 39.1785325032
10.76 38.6828218117
10.78 38.1456620925
10.8 37.5668424034
10.82 36.9463909924
10.84 36.2846584996
10.86 35.5824061408
10.88 34.840894902
10.9 34.061970834
10.92 33.2481407318
10.94 32.4026319548
10.96 31.5294300237
10.98 30.6332880588
11.0 29.7197031991
11.02 28.7948569056
11.04 27.8655184487
11.06 26.9389137323
11.08 26.0225646604
11.1 25.1241071254
11.12 24.2510980177
11.14 23.4108230618
11.16 22.6101175287
11.18 21.855210877
11.2 21.1516042368
11.22 20.5039866511
11.24 19.9161925327
11.26 19.3911993315
11.28 18.9311613424
11.3 18.5374732546
11.32 18.2108555864
11.34 17.95145362
11.36 17.758941724
11.38 17.6326258481
11.4 17.5715382728
11.42 17.5745201822
11.44 17.6402891201
11.46 17.7674897643
11.48 17.9547276424
11.5 18.2005863889
11.52 18.503629908
11.54 18.8623914033
11.56 19.2753516718
11.58 19.7409093854
11.6 20.2573463006
11.62 20.8227904517
11.64 21.4351803996
11.66 22.0922334985
11.68 22.7914209038
11.7 23.5299516588
11.72 24.3047676752
11.74 25.1125507646
11.76 25.9497421347
11.78 26.8125739654
11.8 27.6971118955
11.82 28.5993065428
11.84 29.5150515962
11.86 30.4402456255
11.88 31.3708545605
11.9 32.3029718247
11.92 33.2328733363
11.94 34.1570649933
11.96 35.0723207815
11.98 35.9757102359
12.0 36.8646145929
12.02 37.7367315392
12.04 38.5900689761
12.06 39.4229286272
12.08 40.2338806428
12.1 41.0217305822
12.12 41.7854803067
12.14 42.524284413
12.16 43.237403893
12.18 43.9241587496
12.2 44.5838813313
12.22 45.2158721875
12.24 45.8193602761
12.26 46.3934693704
12.28 46.9371924751
12.3 47.4493759631
12.32 47.9287149194
12.34 48.373760828
12.36 48.7829422142
12.38 49.1545981756
12.4 49.4870239064
12.42 49.778526412
12.44 50.0274876919
12.46 50.2324318561
12.48 50.3920920455
12.5 50.5054727576
12.52 50.5719033196
12.54 50.5910788184
12.56 50.5630857733
12.58 50.4884111121
12.6 50.3679344465
12.62 50.2029050623
12.64 49.9949062654
12.66 49.7458106202
12.68 49.4577300842
12.7 49.1329650653
12.72 48.773956038
12.74 48.383240639
12.76 47.9634182464
12.78 47.5171230476
12.8 47.0470056445
12.82 46.5557224159
12.84 46.0459312208
12.86 45.5202916139
12.88 44.9814675567
12.9 44.4321306246
12.92 43.8749619019
12.94 43.3126510866
12.96 42.7478917355
12.98 42.1833720531
13.0 41.6217610935
13.02 41.0656906999
13.04 40.5177338926
13.06 39.9803807398
13.08 39.4560129629
13.1 38.9468786541
13.12 38.4550685007
13.14 37.9824948327
13.16 37.5308746492
13.18 37.1017175477
13.2 36.6963192041
13.22 36.3157607473
13.24 35.9609140673
13.26 35.6324527987
13.28 35.3308684592
13.3 35.0564909969
13.32 34.809512822
13.34 34.5900152703
13.36 34.3979963701
13.38 34.2333987502
13.4 34.096136547
13.42 33.9861202197
13.44 33.9032782776
13.46 33.8475750473
13.48 33.819023756
13.5 33.8176943868
13.52 33.8437159501
13.54 33.8972730265
13.56 33.9785966488
13.58 34.0879498098
13.6 34.2256080976
13.62 34.3918361606
13.64 34.5868608912
13.66 34.8108423762
13.68 35.0638437847
13.7 35.3458014495
13.72 35.6564964302
13.74 35.9955288225
13.76 36.362295995
13.78 36.7559757882
13.8 37.1755155007
13.82 37.6196272231
13.84 38.0867897714
13.86 38.5752571296
13.88 39.0830729644
13.9 39.6080904363
13.92 40.1479962293
13.94 40.7003374862
13.96 41.2625501717
13.98 41.8319873274
14.0 42.405945723
14.02 42.9816895638
14.04 43.5564701659
14.06 44.1275408614
14.08 44.6921668111
14.1 45.2476298733
14.12 45.7912291591
14.14 46.3202783803
14.16 46.8321015106
14.18 47.3240286149
14.2 47.7933938933
14.22 48.2375380168
14.24 48.6538166564
14.26 49.0396167125
14.28 49.3923811366
14.3 49.7096424263
14.32 49.989063928
14.34 50.2284870818
14.36 50.425981807
14.38 50.5798964753
14.4 50.6889034761
14.42 50.752036334
14.44 50.7687147385
14.46 50.7387546778
14.48 50.6623620471
14.5 50.540109495
14.52 50.3728977112
14.54 50.1619036633
14.56 49.9085193188
14.58 49.6142850258
14.6 49.2808219381
14.62 48.9097676713
14.64 48.5027188382
14.66 48.0611833392
14.68 47.5865443848
14.7 47.0800373178
14.72 46.5427394656
14.74 45.9755725432
14.76 45.3793165764
14.78 44.754633927
14.8 44.1021017498
14.82 43.4222510819
14.84 42.71561071
14.86 41.9827539613
14.88 41.2243465901
14.9 40.441193966
14.92 39.6342858133
14.94 38.8048367967
14.96 37.9543213209
14.98 37.084501011
15.0 36.1974435041
15.02 35.2955314102
15.04 34.3814606188
15.06 33.4582275289
15.08 32.5291052709
15.1 31.5976095287
15.12 30.6674551505
15.14 29.742505292
15.16 28.826715333
15.18 27.9240741876
15.2 27.0385458546
15.22 26.1740140914
15.24 25.3342329339
15.26 24.5227854295
15.28 23.7430524293
15.3 22.9981926396
15.32 22.2911344134
15.34 21.6245790227
15.36 21.0010144516
15.38 20.4227381137
15.4 19.8918863732
15.42 19.4104683351
15.44 18.9804010819
15.46 18.6035433579
15.48 18.2817246335
15.5 18.0167665184
15.52 17.8104936282
15.54 17.6647312657
15.56 17.5812876759
15.58 17.5619192052
15.6 17.6082774813
15.62 17.7218387549
15.64 17.9038168136
15.66 18.1550623676
15.68 18.4759534216
15.7 18.8662827705
15.72 19.3251501651
15.74 19.8508676901
15.76 20.4408872124
15.78 21.0917582261
15.8 21.7991229195
15.82 22.557752862
15.84 23.3616285325
15.86 24.204059327
15.88 25.0778381123
15.9 25.9754213185
15.92 26.8891233644
15.94 27.8113131995
15.96 28.7346009797
15.98 29.6520043171
16.0 30.5570858606
16.02 31.4440568437
16.04 32.3078442694
16.06 33.1441222411
16.08 33.9493103199
16.1 34.7205435394
16.12 35.4556197823
16.14 36.1529306592
16.16 36.8113819439
16.18 37.4303091239
16.2 38.0093928791
16.22 38.5485784117
16.24 39.0480016248
16.26 39.5079242469
16.28 39.9286791695
16.3 40.3106265331
16.32 40.6541204537
16.34 40.9594857541
16.36 41.2270036204
16.38 41.4569047772
16.4 41.6493685345
16.42 41.8045259392
16.44 41.9224652521
16.46 42.0032380729
16.48 42.0468646531
16.5 42.0533372539
16.52 42.0226208066
16.54 41.9546505893
16.56 41.8493271144
16.58 41.7065088919
16.6 41.5260041581
16.62 41.3075630148
16.64 41.0508716754
16.66 40.7555506665
16.68 40.421158857
16.7 40.0472050997
16.72 39.6331690625
16.74 39.1785325032
16.76 38.6828218117
16.78 38.1456620925
16.8 37.5668424034
16.82 36.9463909924
16.84 36.2846584996
16.86 35.5824061408
16.88 34.8408949019
16.9 34.061970834
16.92 33.2481407318
16.94 32.4026319548
16.96 31.5294300237
16.98 30.6332880588
17.0 29.7197031991
17.02 28.7948569056
17.04 27.8655184487
17.06 26.9389137323
17.08 26.0225646604
17.1 25.1241071254
17.12 24.2510980177
17.14 23.4108230618
17.16 22.6101175287
17.18 21.855210877
17.2 21.1516042368
17.22 20.503986651
17.24 19.9161925327
17.26 19.3911993315
17.28 18.9311613424
17.3 18.5374732546
17.32 18.2108555864
17.34 17.95145362
17.36 17.758941724
17.38 17.6326258481
17.4 17.5715382727
17.42 17.5745201822
17.44 17.6402891201
17.46 17.7674897643
17.48 17.9547276424
17.5 18.2005863888
17.52 18.503629908
17.54 18.8623914033
17.56 19.2753516718
17.58 19.7409093854
17.6 20.2573463006
17.62 20.8227904517
17.64 21.4351803996
17.66 22.0922334986
17.68 22.7914209038
17.7 23.5299516588
17.72 24.3047676752
17.74 25.1125507646
17.76 25.9497421347
17.78 26.8125739654
17.8 27.6971118955
17.82 28.5993065428
17.84 29.5150515963
17.86 30.4402456255
17.88 31.3708545605
17.9 32.3029718247
17.92 33.2328733363
17.94 34.1570649933
17.96 35.0723207815
17.98 35.9757102359
18.0 36.8646145928
18.02 37.7367315392
18.04 38.5900689761
18.06 39.4229286272
18.08 40.2338806428
18.1 41.0217305822
18.12 41.7854803067
18.14 42.5242844129
18.16 43.237403893
18.18 43.9241587496
18.2 44.5838813313
18.22 45.2158721874
18.24 45.8193602762
18.26 46.3934693704
18.28 46.9371924751
18.3 47.4493759631
18.32 47.9287149194
18.34 48.373760828
18.36 48.7829422142
18.38 49.1545981756
18.4 49.4870239064
18.42 49.778526412
18.44 50.0274876919
18.46 50.2324318561
18.48 50.3920920455
18.5 50.5054727576
18.52 50.5719033196
18.54 50.5910788184
18.56 50.5630857733
18.58 50.4884111121
18.6 50.3679344465
18.62 50.2029050623
18.64 49.9949062654
18.66 49.7458106203
18.68 49.4577300842
18.7 49.1329650653
18.72 48.773956038
18.74 48.3832406391
18.76 47.9634182464
18.78 47.5171230476
18.8 47.0470056445
18.82 46.5557224159
18.84 46.0459312208
18.86 45.5202916139
18.88 44.9814675568
18.9 44.4321306245
18.92 43.8749619019
18.94 43.3126510866
18.96 42.7478917356
18.98 42.183372053
19.0 41.6217610935
19.02 41.0656906999
19.04 40.5177338926
19.06 39.9803807398
19.08 39.4560129629
19.1 38.9468786541
19.12 38.4550685007
19.14 37.9824948327
19.16 37.5308746492
19.18 37.1017175477
19.2 36.6963192041
19.22 36.3157607473
19.24 35.9609140673
19.26 35.6324527987
19.28 35.3308684592
19.3 35.0564909969
19.32 34.809512822
19.34 34.5900152703
19.36 34.3979963701
19.38 34.2333987502
19.4 34.096136547
19.42 33.9861202197
19.44 33.9032782776
19.46 33.8475750473
19.48 33.819023756
19.5 33.8176943868
19.52 33.8437159501
19.54 33.8972730265
19.56 33.9785966488
19.58 34.0879498097
19.6 34.2256080976
19.62 34.3918361606
19.64 34.5868608912
19.66 34.8108423762
19.68 35.0638437847
19.7 35.3458014495
19.72 35.6564964302
19.74 35.9955288225
19.76 36.362295995
19.78 36.7559757882
19.8 37.1755155007
19.82 37.6196272231
19.84 38.0867897714
19.86 38.5752571296
19.88 39.0830729644
19.9 39.6080904363
19.92 40.1479962293
19.94 40.7003374862
19.96 41.2625501717
19.98 41.8319873274
20.0 42.405945723
20.02 42.9816895638
20.04 43.5564701659
20.06 44.1275408614
20.08 44.6921668111
20.1 45.2476298733
20.12 45.7912291591
20.14 46.3202783803
20.16 46.8321015106
20.18 47.3240286149
20.2 47.7933938933
20.22 48.2375380169
20.24 48.6538166564
20.26 49.0396167125
20.28 49.3923811366
20.3 49.7096424263
20.32 49.989063928
20.34 50.2284870818
20.36 50.425981807
20.38 50.5798964753
20.4 50.6889034761
20.42 50.752036334
20.44 50.7687147385
20.46 50.7387546778
20.48 50.6623620471
20.5 50.540109495
20.52 50.3728977112
20.54 50.1619036633
20.56 49.9085193188
20.58 49.6142850258
20.6 49.2808219381
20.62 48.9097676713
20.64 48.5027188382
20.66 48.0611833392
20.68 47.5865443848
20.7 47.0800373178
20.72 46.5427394656
20.74 45.9755725432
20.76 45.3793165764
20.78 44.754633927
20.8 44.1021017498
20.82 43.4222510819
20.84 42.71561071
20.86 41.9827539613
20.88 41.2243465901
20.9 40.441193966
20.92 39.6342858133
20.94 38.8048367968
20.96 37.9543213209
20.98 37.084501011
21.0 36.1974435041
21.02 35.2955314102
21.04 34.3814606188
21.06 33.4582275289
21.08 32.529105271
21.1 31.5976095287
21.12 30.6674551505
21.14 29.742505292
21.16 28.826715333
21.18 27.9240741876
21.2 27.0385458546
21.22 26.1740140914
21.24 25.3342329339
21.26 24.5227854295
21.28 23.7430524293
21.3 22.9981926396
21.32 22.2911344134
21.34 21.6245790227
21.36 21.0010144516
21.38 20.4227381137
21.4 19.8918863732
21.42 19.4104683351
21.44 18.9804010819
21.46 18.6035433579
21.48 18.2817246335
21.5 18.0167665184
21.52 17.8104936282
21.54 17.6647312657
21.56 17.5812876759
21.58 17.5619192052
21.6 17.6082774813
21.62 17.7218387549
21.64 17.9038168136
21.66 18.1550623676
21.68 18.4759534216
21.7 18.8662827705
21.72 19.325150165
21.74 19.8508676901
21.76 20.4408872124
21.78 21.0917582261
21.8 21.7991229195
21.82 22.557752862
21.84 23.3616285325
21.86 24.204059327
21.88 25.0778381123
21.9 25.9754213185
21.92 26.8891233644
21.94 27.8113131995
21.96 28.7346009797
21.98 29.6520043172
22.0 30.5570858606
22.02 31.4440568437
22.04 32.3078442694
22.06 33.1441222412
22.08 33.9493103199
22.1 34.7205435394
22.12 35.4556197823
22.14 36.1529306592
22.16 36.8113819439
22.18 37.430309124
22.2 38.0093928791
22.22 38.5485784117
22.24 39.0480016248
22.26 39.5079242469
22.28 39.9286791695
22.3 40.3106265331
22.32 40.6541204537
22.34 40.9594857541
22.36 41.2270036204
22.38 41.4569047772
22.4 41.6493685345
22.42 41.8045259392
22.44 41.9224652521
22.46 42.0032380729
22.48 42.0468646531
22.5 42.0533372539
22.52 42.0226208066
22.54 41.9546505893
22.56 41.8493271145
22.58 41.7065088919
22.6 41.5260041581
22.62 41.3075630147
22.64 41.0508716754
22.66 40.7555506665
22.68 40.421158857
22.7 40.0472050997
22.72 39.6331690625
22.74 39.1785325032
22.76 38.6828218118
22.78 38.1456620925
22.8 37.5668424034
22.82 36.9463909924
22.84 36.2846584996
22.86 35.5824061407
22.88 34.840894902
22.9 34.061970834
22.92 33.2481407318
22.94 32.4026319547
22.96 31.5294300237
22.98 30.6332880588
23.0 29.719703199
23.02 28.7948569056
23.04 27.8655184488
23.06 26.9389137323
23.08 26.0225646604
23.1 25.1241071254
23.12 24.2510980177
23.14 23.4108230618
23.16 22.6101175287
23.18 21.855210877
23.2 21.1516042369
23.22 20.503986651
23.24 19.9161925327
23.26 19.3911993315
23.28 18.9311613424
23.3 18.5374732546
23.32 18.2108555864
23.34 17.95145362
23.36 17.758941724
23.38 17.6326258481
23.4 17.5715382728
23.42 17.5745201822
23.44 17.6402891201
23.46 17.7674897643
23.48 17.9547276424
23.5 18.2005863889
23.52 18.503629908
23.54 18.8623914033
23.56 19.2753516718
23.58 19.7409093854
23.6 20.2573463006
23.62 20.8227904517
23.64 21.4351803996
23.66 22.0922334986
23.68 22.7914209038
23.7 23.5299516588
23.72 24.3047676752
23.74 25.1125507646
23.76 25.9497421347
23.78 26.8125739654
23.8 27.6971118955
23.82 28.5993065428
23.84 29.5150515962
23.86 30.4402456255
23.88 31.3708545605
23.9 32.3029718247
23.92 33.2328733363
23.94 34.1570649934
23.96 35.0723207814
23.98 35.9757102359
24.0 36.8646145929
24.02 37.7367315392
24.04 38.5900689761
24.06 39.4229286272
24.08 40.2338806428
24.1 41.0217305822
24.12 41.7854803067
24.14 42.524284413
24.16 43.237403893
24.18 43.9241587496
24.2 44.5838813313
24.22 45.2158721874
24.24 45.8193602762
24.26 46.3934693704
24.28 46.937192475
24.3 47.4493759631
24.32 47.9287149194
24.34 48.373760828
24.36 48.7829422142
24.38 49.1545981756
24.4 49.4870239064
24.42 49.778526412
24.44 50.0274876919
24.46 50.2324318561
24.48 50.3920920455
24.5 50.5054727576
24.52 50.5719033196
24.54 50.5910788184
24.56 50.5630857733
24.58 50.4884111121
24.6 50.3679344465
24.62 50.2029050622
24.64 49.9949062654
24.66 49.7458106202
24.68 49.4577300842
24.7 49.1329650653
24.72 48.773956038
24.74 48.383240639
24.76 47.9634182464
24.78 47.5171230476
24.8 47.0470056445
24.82 46.5557224159
24.84 46.0459312208
24.86 45.5202916139
24.88 44.9814675568
24.9 44.4321306245
24.92 43.8749619019
24.94 43.3126510866
24.96 42.7478917356
24.98 42.183372053
25.0 41.6217610935
25.02 41.0656906998
25.04 40.5177338926
25.06 39.9803807398
25.08 39.4560129629
25.1 38.9468786541
25.12 38.4550685007
25.14 37.9824948327
25.16 37.5308746492
25.18 37.1017175477
25.2 36.6963192041
25.22 36.3157607473
25.24 35.9609140673
25.26 35.6324527987
25.28 35.3308684592
25.3 35.0564909969
25.32 34.809512822
25.34 34.5900152703
25.36 34.3979963701
25.38 34.2333987502
25.4 34.096136547
25.42 33.9861202197
25.44 33.9032782776
25.46 33.8475750473
25.48 33.819023756
25.5 33.8176943868
25.52 33.8437159501
25.54 33.8972730265
25.56 33.9785966488
25.58 34.0879498098
25.6 34.2256080976
25.62 34.3918361606
25.64 34.5868608912
25.66 34.8108423762
25.68 35.0638437847
25.7 35.3458014495
25.72 35.6564964302
25.74 35.9955288225
25.76 36.362295995
25.78 36.7559757882
25.8 37.1755155007
25.82 37.6196272231
25.84 38.0867897714
25.86 38.5752571296
25.88 39.0830729645
25.9 39.6080904363
25.92 40.1479962293
25.94 40.7003374862
25.96 41.2625501718
25.98 41.8319873274
26.0 42.405945723
26.02 42.9816895638
26.04 43.5564701659
26.06 44.1275408614
26.08 44.6921668111
26.1 45.2476298733
26.12 45.7912291591
26.14 46.3202783803
26.16 46.8321015106
26.18 47.3240286149
26.2 47.7933938934
26.22 48.2375380168
26.24 48.6538166564
26.26 49.0396167125
26.28 49.3923811366
26.3 49.7096424263
26.32 49.989063928
26.34 50.2284870818
26.36 50.425981807
26.38 50.5798964752
26.4 50.6889034761
26.42 50.752036334
26.44 50.7687147385
26.46 50.7387546778
26.48 50.6623620471
26.5 50.540109495
26.52 50.3728977112
26.54 50.1619036633
26.56 49.9085193188
26.58 49.6142850258
26.6 49.2808219381
26.62 48.9097676713
26.64 48.5027188381
26.66 48.0611833392
26.68 47.5865443848
26.7 47.0800373177
26.72 46.5427394656
26.74 45.9755725432
26.76 45.3793165764
26.78 44.754633927
26.8 44.1021017498
26.82 43.4222510819
26.84 42.71561071
26.86 41.9827539613
26.88 41.2243465901
26.9 40.441193966
26.92 39.6342858133
26.94 38.8048367968
26.96 37.9543213209
26.98 37.084501011
27.0 36.1974435041
27.02 35.2955314102
27.04 34.3814606188
27.06 33.4582275289
27.08 32.5291052709
27.1 31.5976095288
27.12 30.6674551505
27.14 29.742505292
27.16 28.826715333
27.18 27.9240741876
27.2 27.0385458546
27.22 26.1740140915
27.24 25.3342329339
27.26 24.5227854295
27.28 23.7430524293
27.3 22.9981926396
27.32 22.2911344134
27.34 21.6245790227
27.36 21.0010144516
27.38 20.4227381138
27.4 19.8918863732
27.42 19.4104683351
27.44 18.9804010819
27.46 18.6035433579
27.48 18.2817246335
27.5 18.0167665184
27.52 17.8104936282
27.54 17.6647312657
27.56 17.5812876759
27.58 17.5619192052
27.6 17.6082774813
27.62 17.7218387549
27.64 17.9038168136
27.66 18.1550623675
27.68 18.4759534216
27.7 18.8662827704
27.72 19.3251501651
27.74 19.8508676901
27.76 20.4408872124
27.78 21.0917582261
27.8 21.7991229196
27.82 22.5577528619
27.84 23.3616285326
27.86 24.204059327
27.88 25.0778381123
27.9 25.9754213185
27.92 26.8891233644
27.94 27.8113131995
27.96 28.7346009798
27.98 29.6520043171
28.0 30.5570858606
28.02 31.4440568437
28.04 32.3078442694
28.06 33.1441222411
28.08 33.9493103199
28.1 34.7205435394
28.12 35.4556197823
28.14 36.1529306592
28.16 36.8113819439
28.18 37.430309124
28.2 38.0093928791
28.22 38.5485784117
28.24 39.0480016248
28.26 39.5079242468
28.28 39.9286791695
28.3 40.3106265331
28.32 40.6541204537
28.34 40.9594857541
28.36 41.2270036204
28.38 41.4569047772
28.4 41.6493685345
28.42 41.8045259391
28.44 41.9224652521
28.46 42.0032380729
28.48 42.0468646531
28.5 42.0533372539
28.52 42.0226208066
28.54 41.9546505893
28.56 41.8493271144
28.58 41.7065088919
28.6 41.5260041581
28.62 41.3075630148
28.64 41.0508716754
28.66 40.7555506665
28.68 40.4211588569
28.7 40.0472050997
28.72 39.6331690625
28.74 39.1785325032
28.76 38.6828218117
28.78 38.1456620925
28.8 37.5668424034
28.82 36.9463909924
28.84 36.2846584996
28.86 35.5824061408
28.88 34.8408949019
28.9 34.061970834
28.92 33.2481407318
28.94 32.4026319548
28.96 31.5294300236
28.98 30.6332880589
29.0 29.719703199
29.02 28.7948569056
29.04 27.8655184487
29.06 26.9389137323
29.08 26.0225646604
29.1 25.1241071254
29.12 24.2510980177
29.14 23.4108230618
29.16 22.6101175287
29.18 21.855210877
29.2 21.1516042368
29.22 20.503986651
29.24 19.9161925327
29.26 19.3911993315
29.28 18.9311613423
29.3 18.5374732546
29.32 18.2108555864
29.34 17.95145362
29.36 17.758941724
29.38 17.6326258481
29.4 17.5715382727
29.42 17.5745201822
29.44 17.6402891201
29.46 17.7674897643
29.48 17.9547276424
29.5 18.2005863888
29.52 18.503629908
29.54 18.8623914033
29.56 19.2753516718
29.58 19.7409093854
29.6 20.2573463006
29.62 20.8227904517
29.64 21.4351803996
29.66 22.0922334985
29.68 22.7914209038
29.7 23.5299516588
29.72 24.3047676752
29.74 25.1125507645
29.76 25.9497421347
29.78 26.8125739654
29.8 27.6971118955
29.82 28.5993065428
29.84 29.5150515963
29.86 30.4402456255
29.88 31.3708545605
29.9 32.3029718247
29.92 33.2328733363
29.94 34.1570649933
29.96 35.0723207814
29.98 35.9757102359
30.0 36.8646145929
30.02 37.7367315391
30.04 38.5900689761
30.06 39.4229286272
30.08 40.2338806428
30.1 41.0217305822
30.12 41.7854803068
30.14 42.5242844129
30.16 43.237403893
30.18 43.9241587496
30.2 44.5838813313
30.22 45.2158721875
30.24 45.8193602761
30.26 46.3934693703
30.28 46.9371924751
30.3 47.4493759631
30.32 47.9287149194
30.34 48.373760828
30.36 48.7829422142
30.38 49.1545981756
30.4 49.4870239064
30.42 49.778526412
30.44 50.0274876919
30.46 50.2324318561
30.48 50.3920920455
30.5 50.5054727576
30.52 50.5719033196
30.54 50.5910788184
30.56 50.5630857733
30.58 50.4884111121
30.6 50.3679344465
30.62 50.2029050623
30.64 49.9949062654
30.66 49.7458106202
30.68 49.4577300842
30.7 49.1329650653
30.72 48.773956038
30.74 48.3832406391
30.76 47.9634182464
30.78 47.5171230475
30.8 47.0470056445
30.82 46.5557224159
30.84 46.0459312208
30.86 45.5202916139
30.88 44.9814675567
30.9 44.4321306246
30.92 43.8749619019
30.94 43.3126510866
30.96 42.7478917356
30.98 42.1833720531
31.0 41.6217610934
31.02 41.0656906999
31.04 40.5177338926
31.06 39.9803807398
31.08 39.4560129629
31.1 38.9468786541
31.12 38.4550685007
31.14 37.9824948327
31.16 37.5308746491
31.18 37.1017175477
31.2 36.6963192041
31.22 36.3157607473
31.24 35.9609140673
31.26 35.6324527987
31.28 35.3308684592
31.3 35.0564909969
31.32 34.8095128219
31.34 34.5900152703
31.36 34.3979963701
31.38 34.2333987502
31.4 34.0961365471
31.42 33.9861202197
31.44 33.9032782776
31.46 33.8475750473
31.48 33.819023756
31.5 33.8176943868
31.52 33.8437159501
31.54 33.8972730265
31.56 33.9785966488
31.58 34.0879498097
31.6 34.2256080976
31.62 34.3918361606
31.64 34.5868608912
31.66 34.8108423763
31.68 35.0638437847
31.7 35.3458014495
31.72 35.6564964302
31.74 35.9955288225
31.76 36.362295995
31.78 36.7559757882
31.8 37.1755155007
31.82 37.6196272231
31.84 38.0867897714
31.86 38.5752571295
31.88 39.0830729645
31.9 39.6080904363
31.92 40.1479962293
31.94 40.7003374862
31.96 41.2625501717
31.98 41.8319873274
32.0 42.405945723
32.02 42.9816895638
32.04 43.5564701659
32.06 44.1275408614
32.08 44.6921668111
32.1 45.2476298733
32.12 45.7912291591
32.14 46.3202783803
32.16 46.8321015106
32.18 47.3240286149
32.2 47.7933938933
32.22 48.2375380168
32.24 48.6538166564
32.26 49.0396167125
32.28 49.3923811366
32.3 49.7096424263
32.32 49.989063928
32.34 50.2284870818
32.36 50.425981807
32.38 50.5798964753
32.4 50.6889034761
32.42 50.752036334
32.44 50.7687147385
32.46 50.7387546778
32.48 50.6623620471
32.5 50.540109495
32.52 50.3728977112
32.54 50.1619036633
32.56 49.9085193188
32.58 49.6142850258
32.6 49.2808219382
32.62 48.9097676713
32.64 48.5027188381
32.66 48.0611833392
32.68 47.5865443848
32.7 47.0800373177
32.72 46.5427394656
32.74 45.9755725432
32.76 45.3793165764
32.78 44.754633927
32.8 44.1021017498
32.82 43.4222510819
32.84 42.71561071
32.86 41.9827539613
32.88 41.2243465901
32.9 40.441193966
32.92 39.6342858133
32.94 38.8048367968
32.96 37.9543213209
32.98 37.084501011
33.0 36.1974435041
33.02 35.2955314102
33.04 34.3814606188
33.06 33.4582275289
33.08 32.5291052709
33.1 31.5976095288
33.12 30.6674551505
33.14 29.742505292
33.16 28.826715333
33.18 27.9240741876
33.2 27.0385458546
33.22 26.1740140914
33.24 25.3342329339
33.26 24.5227854295
33.28 23.7430524293
33.3 22.9981926396
33.32 22.2911344134
33.34 21.6245790227
33.36 21.0010144516
33.38 20.4227381138
33.4 19.8918863732
33.42 19.4104683351
33.44 18.9804010819
33.46 18.6035433579
33.48 18.2817246335
33.5 18.0167665184
33.52 17.8104936282
33.54 17.6647312657
33.56 17.5812876759
33.58 17.5619192052
33.6 17.6082774813
33.62 17.7218387549
33.64 17.9038168136
33.66 18.1550623675
33.68 18.4759534216
33.7 18.8662827705
33.72 19.325150165
33.74 19.8508676901
33.76 20.4408872124
33.78 21.0917582261
33.8 21.7991229195
33.82 22.557752862
33.84 23.3616285326
33.86 24.204059327
33.88 25.0778381123
33.9 25.9754213185
33.92 26.8891233645
33.94 27.8113131995
33.96 28.7346009797
33.98 29.6520043171
34.0 30.5570858606
34.02 31.4440568437
34.04 32.3078442694
34.06 33.1441222412
34.08 33.9493103199
34.1 34.7205435394
34.12 35.4556197823
34.14 36.1529306592
34.16 36.8113819439
34.18 37.430309124
34.2 38.0093928791
34.22 38.5485784117
34.24 39.0480016248
34.26 39.5079242468
34.28 39.9286791695
34.3 40.3106265331
34.32 40.6541204537
34.34 40.9594857541
34.36 41.2270036204
34.38 41.4569047772
34.4 41.6493685345
34.42 41.8045259391
34.44 41.9224652521
34.46 42.0032380729
34.48 42.0468646531
34.5 42.0533372539
34.52 42.0226208066
34.54 41.9546505893
34.56 41.8493271144
34.58 41.7065088919
34.6 41.5260041581
34.62 41.3075630147
34.64 41.0508716754
34.66 40.7555506665
34.68 40.421158857
34.7 40.0472050997
34.72 39.6331690625
34.74 39.1785325032
34.76 38.6828218118
34.78 38.1456620925
34.8 37.5668424034
34.82 36.9463909924
34.84 36.2846584996
34.86 35.5824061408
34.88 34.840894902
34.9 34.0619708339
34.92 33.2481407319
34.94 32.4026319547
34.96 31.5294300236
34.98 30.6332880588
35.0 29.7197031991
35.02 28.7948569056
35.04 27.8655184487
35.06 26.9389137323
35.08 26.0225646604
35.1 25.1241071254
35.12 24.2510980177
35.14 23.4108230618
35.16 22.6101175287
35.18 21.855210877
35.2 21.1516042369
35.22 20.503986651
35.24 19.9161925327
35.26 19.3911993315
35.28 18.9311613424
35.3 18.5374732546
35.32 18.2108555864
35.34 17.95145362
35.36 17.758941724
35.38 17.6326258481
35.4 17.5715382727
35.42 17.5745201822
35.44 17.6402891201
35.46 17.7674897643
35.48 17.9547276424
35.5 18.2005863889
35.52 18.503629908
35.54 18.8623914033
35.56 19.2753516718
35.58 19.7409093854
35.6 20.2573463006
35.62 20.8227904517
35.64 21.4351803995
35.66 22.0922334986
35.68 22.7914209038
35.7 23.5299516588
35.72 24.3047676752
35.74 25.1125507645
35.76 25.9497421347
35.78 26.8125739654
35.8 27.6971118955
35.82 28.5993065428
35.84 29.5150515963
35.86 30.4402456255
35.88 31.3708545605
35.9 32.3029718247
35.92 33.2328733363
35.94 34.1570649934
35.96 35.0723207814
35.98 35.9757102359
36.0 36.8646145929
36.02 37.7367315392
36.04 38.5900689761
36.06 39.4229286272
36.08 40.2338806428
36.1 41.0217305822
36.12 41.7854803067
36.14 42.5242844129
36.16 43.237403893
36.18 43.9241587496
36.2 44.5838813313
36.22 45.2158721875
36.24 45.8193602761
36.26 46.3934693704
36.28 46.9371924751
36.3 47.4493759631
36.32 47.9287149194
36.34 48.373760828
36.36 48.7829422142
36.38 49.1545981756
36.4 49.4870239064
36.42 49.778526412
36.44 50.0274876919
36.46 50.2324318561
36.48 50.3920920455
36.5 50.5054727576
36.52 50.5719033196
36.54 50.5910788184
36.56 50.5630857733
36.58 50.4884111121
36.6 50.3679344465
36.62 50.2029050623
36.64 49.9949062654
36.66 49.7458106202
36.68 49.4577300842
36.7 49.1329650653
36.72 48.773956038
36.74 48.3832406391
36.76 47.9634182464
36.78 47.5171230475
36.8 47.0470056445
36.82 46.5557224159
36.84 46.0459312208
36.86 45.5202916139
36.88 44.9814675567
36.9 44.4321306246
36.92 43.8749619019
36.94 43.3126510866
36.96 42.7478917356
36.98 42.1833720531
37.0 41.6217610935
37.02 41.0656906999
37.04 40.5177338926
37.06 39.9803807398
37.08 39.4560129629
37.1 38.9468786541
37.12 38.4550685007
37.14 37.9824948327
37.16 37.5308746491
37.18 37.1017175477
37.2 36.6963192041
37.22 36.3157607473
37.24 35.9609140674
37.26 35.6324527987
37.28 35.3308684592
37.3 35.0564909969
37.32 34.8095128219
37.34 34.5900152703
37.36 34.3979963701
37.38 34.2333987502
37.4 34.0961365471
37.42 33.9861202197
37.44 33.9032782776
37.46 33.8475750473
37.48 33.819023756
37.5 33.8176943868
37.52 33.8437159501
37.54 33.8972730265
37.56 33.9785966488
37.58 34.0879498097
37.6 34.2256080976
37.62 34.3918361606
37.64 34.5868608912
37.66 34.8108423763
37.68 35.0638437847
37.7 35.3458014495
37.72 35.6564964302
37.74 35.9955288225
37.76 36.362295995
37.78 36.7559757882
37.8 37.1755155006
37.82 37.6196272232
37.84 38.0867897714
37.86 38.5752571296
37.88 39.0830729645
37.9 39.6080904363
37.92 40.1479962293
37.94 40.7003374861
37.96 41.2625501718
37.98 41.8319873274
38.0 42.405945723
38.02 42.9816895638
38.04 43.5564701659
38.06 44.1275408613
38.08 44.6921668111
38.1 45.2476298733
38.12 45.7912291591
38.14 46.3202783803
38.16 46.8321015106
38.18 47.3240286149
38.2 47.7933938934
38.22 48.2375380168
38.24 48.6538166564
38.26 49.0396167125
38.28 49.3923811366
38.3 49.7096424263
38.32 49.989063928
38.34 50.2284870818
38.36 50.425981807
38.38 50.5798964752
38.4 50.6889034761
38.42 50.752036334
38.44 50.7687147385
38.46 50.7387546778
38.48 50.6623620471
38.5 50.540109495
38.52 50.3728977112
38.54 50.1619036633
38.56 49.9085193188
38.58 49.6142850258
38.6 49.2808219381
38.62 48.9097676713
38.64 48.5027188381
38.66 48.0611833392
38.68 47.5865443848
38.7 47.0800373177
38.72 46.5427394656
38.74 45.9755725432
38.76 45.3793165764
38.78 44.754633927
38.8 44.1021017498
38.82 43.4222510819
38.84 42.71561071
38.86 41.9827539613
38.88 41.2243465901
38.9 40.441193966
38.92 39.6342858133
38.94 38.8048367968
38.96 37.9543213209
38.98 37.084501011
39.0 36.1974435041
39.02 35.2955314102
39.04 34.3814606187
39.06 33.4582275289
39.08 32.5291052709
39.1 31.5976095288
39.12 30.6674551505
39.14 29.742505292
39.16 28.826715333
39.18 27.9240741876
39.2 27.0385458546
39.22 26.1740140914
39.24 25.3342329339
39.26 24.5227854295
39.28 23.7430524293
39.3 22.9981926396
39.32 22.2911344134
39.34 21.6245790227
39.36 21.0010144516
39.38 20.4227381138
39.4 19.8918863732
39.42 19.4104683351
39.44 18.9804010819
39.46 18.6035433579
39.48 18.2817246335
39.5 18.0167665184
39.52 17.8104936282
39.54 17.6647312657
39.56 17.5812876759
39.58 17.5619192052
39.6 17.6082774813
39.62 17.7218387549
39.64 17.9038168136
39.66 18.1550623675
39.68 18.4759534216
39.7 18.8662827705
39.72 19.325150165
39.74 19.8508676901
39.76 20.4408872124
39.78 21.0917582261
39.8 21.7991229195
39.82 22.5577528619
39.84 23.3616285326
39.86 24.204059327
39.88 25.0778381123
39.9 25.9754213185
39.92 26.8891233645
39.94 27.8113131995
39.96 28.7346009797
39.98 29.6520043171
