0.0 1.45861758239
0.02 1.51398784094
0.04 1.56939224757
0.06 1.62487373481
0.08 1.68048615602
0.1 1.73628695996
0.12 1.7923289265
0.14 1.84865115335
0.16 1.90526953392
0.18 1.96216702001
0.2 2.01928401899
0.22 2.07650933174
0.24 2.13367208989
0.26 2.19053519327
0.28 2.24679077207
0.3 2.3020581944
0.32 2.35588509757
0.34 2.40775183168
0.36 2.45707956094
0.38 2.50324207082
0.4 2.54558108341
0.42 2.58342460666
0.44 2.61610755775
0.46 2.64299364161
0.48 2.66349726545
0.5 2.6771041658
0.52 2.68338943889
0.54 2.68203181202
0.56 2.67282326405
0.58 2.65567347261
0.6 2.63060899111
0.62 2.59776748955
0.64 2.55738777675
0.66 2.50979661319
0.68 2.45539349476
0.7 2.39463462692
0.72 2.32801722506
0.74 2.25606509301
0.76 2.17931618178
0.78 2.09831255112
0.8 2.01359288074
0.82 1.92568743521
0.84 1.83511519304
0.86 1.74238271806
0.88 1.64798427901
0.9 1.55240270803
0.92 1.45611051963
0.94 1.35957087906
0.96 1.26323809922
0.98 1.16755744859
1.0 1.07296415805
1.02 0.979881614625
1.04 0.888718818024
1.06 0.79986724822
1.08 0.713697344807
1.1 0.630554832309
1.12 0.550757139009
1.14 0.474590152063
1.16 0.402305531297
1.18 0.334118770252
1.2 0.270208149931
1.22 0.210714680646
1.24 0.155743074294
1.26 0.105363735752
1.28 0.059615710634
1.3 0.0185104794884
1.32 -0.0179635526602
1.34 -0.0498360562452
1.36 -0.0771494767047
1.38 -0.0999536599477
1.4 -0.118300636514
1.42 -0.132239793674
1.44 -0.141813651587
1.46 -0.147054436729
1.48 -0.147981614015
1.5 -0.144600499678
1.52 -0.13690203066
1.54 -0.12486371553
1.56 -0.108451738201
1.58 -0.0876241317686
1.6 -0.0623348875112
1.62 -0.0325388167955
1.64 0.00180305686711
1.66 0.0407178292793
1.68 0.0842150435534
1.7 0.132281293645
1.72 0.184875374346
1.74 0.241924225301
1.76 0.303319879211
1.78 0.368917573351
1.8 0.438535121692
1.82 0.511953574866
1.84 0.588919120941
1.86 0.669146106035
1.88 0.752320984465
1.9 0.83810694869
1.92 0.926148943377
1.94 1.01607873978
1.96 1.10751973844
1.98 1.20009118157
2.0 1.29341149246
2.02 1.38710051551
2.04 1.48078050697
2.06 1.57407581882
2.08 1.66661132339
2.1 1.75800973881
2.12 1.84788813041
2.14 1.93585397211
2.16 2.02150124774
2.18 2.1044071449
2.2 2.18412993218
2.22 2.26020860568
2.24 2.3321648308
2.26 2.39950758613
2.28 2.46174073507
2.3 2.51837351469
2.32 2.56893365442
2.34 2.61298254392
2.36 2.65013159188
2.38 2.68005869147
2.4 2.70252356957
2.42 2.71738077338
2.44 2.72458915543
2.46 2.72421695256
2.48 2.71644189543
2.5 2.70154619367
2.52 2.67990666887
2.54 2.65198070187
2.56 2.61828897689
2.58 2.57939620973
2.6 2.53589112794
2.62 2.48836692847
2.64 2.43740329424
2.66 2.38355083217
2.68 2.32731853646
2.7 2.26916461282
2.72 2.20949074946
2.74 2.14863970632
2.76 2.08689592646
2.78 2.02448875468
2.8 1.96159777608
2.82 1.89835975461
2.84 1.83487665093
2.86 1.77122422216
2.88 1.70746074615
2.9 1.64363546426
2.92 1.57979639569
2.94 1.51599724014
2.96 1.45230315236
2.98 1.3887952415
3.0 1.32557371727
3.02 1.26275967409
3.04 1.2004955694
3.06 1.13894451205
3.08 1.07828852719
3.1 1.01872600223
3.12 0.960468542899
3.14 0.903737475762
3.16 0.848760225813
3.18 0.795766773815
3.2 0.744986362537
3.22 0.696644575991
3.24 0.650960866398
3.26 0.60814655349
3.28 0.568403273997
3.3 0.531921818427
3.32 0.498881259418
3.34 0.469448251867
3.36 0.443776370087
3.38 0.422005340686
3.4 0.404260031895
3.42 0.390649070287
3.44 0.381262974652
3.46 0.376171724837
3.48 0.375421721675
3.5 0.379032143099
3.52 0.386990761459
3.54 0.39924935672
3.56 0.41571893665
3.58 0.43626505319
3.6 0.460703576758
3.62 0.488797347078
3.64 0.520254150038
3.66 0.55472646284
3.68 0.591813356844
3.7 0.63106484225
3.72 0.671988785136
3.74 0.714060333321
3.76 0.756733572901
3.78 0.799454926039
3.8 0.841677621407
3.82 0.882876447206
3.84 0.922561952511
3.86 0.960293302629
3.88 0.995689112756
3.9 1.02843576265
3.92 1.0582929064
3.94 1.08509610571
3.96 1.10875670521
3.98 1.12925921608
4.0 1.14665656971
4.02 1.16106364818
4.04 1.17264950233
4.06 1.18162864279
4.08 1.18825174995
4.1 1.19279610625
4.12 1.19555601643
4.14 1.19683345268
4.16 1.19692914216
4.18 1.19613430137
4.2 1.19472321167
4.22 1.19294681831
4.24 1.19102751734
4.26 1.18915526749
4.28 1.18748512529
4.3 1.18613625135
4.32 1.18519237405
4.34 1.18470362764
4.36 1.18468960881
4.38 1.18514342482
4.4 1.18603644432
4.42 1.18732341525
4.44 1.18894758912
4.46 1.1908454918
4.48 1.19295101038
4.5 1.19519852251
4.52 1.1975248755
4.54 1.19987012117
4.56 1.20217701968
4.58 1.20438943216
4.6 1.20644981798
4.62 1.20829612945
4.64 1.20985844776
4.66 1.21105572636
4.68 1.21179299928
4.7 1.21195937605
4.72 1.21142708334
4.74 1.21005173496
4.76 1.20767391985
4.78 1.20412210207
4.8 1.19921673226
4.82 1.1927753846
4.84 1.18461866278
4.86 1.17457656761
4.88 1.16249499293
4.9 1.14824201734
4.92 1.13171368719
4.94 1.1128390401
4.96 1.09158419014
4.98 1.0679553788
5.0 1.04200097688
5.02 1.01381249017
5.04 0.983524664291
5.06 0.951314796197
5.08 0.917401339929
5.1 0.882041850605
5.12 0.845530256869
5.14 0.808193405918
5.16 0.770386803831
5.18 0.732489488857
5.2 0.694898029678
5.22 0.658019726672
5.24 0.622265195607
5.26 0.588040609698
5.28 0.555739946237
5.3 0.525737614368
5.32 0.498381823582
5.34 0.473988992105
5.36 0.45283940119
5.38 0.435174190561
5.4 0.42119367949
5.42 0.411056900361
5.44 0.404882159064
5.46 0.402748392296
5.48 0.404697078738
5.5 0.410734473625
5.52 0.420833970142
5.54 0.43493843917
5.56 0.452962453516
5.58 0.474794358395
5.6 0.500298200617
5.62 0.529315570244
5.64 0.561667438724
5.66 0.597156093346
5.68 0.635567270811
5.7 0.676672581798
5.72 0.720232296613
5.74 0.765998530828
5.76 0.81371883284
5.78 0.863140135336
5.8 0.914012993249
5.82 0.966095994779
5.84 1.0191602019
5.86 1.07299345462
5.88 1.12740435965
5.9 1.1822257804
5.92 1.23731764997
5.94 1.29256894237
5.96 1.34789865767
5.98 1.40325570305
6.0 1.45861758239
6.02 1.51398784094
6.04 1.56939224757
6.06 1.62487373481
6.08 1.68048615602
6.1 1.73628695996
6.12 1.79232892651
6.14 1.84865115335
6.16 1.90526953392
6.18 1.96216702001
6.2 2.01928401899
6.22 2.07650933174
6.24 2.13367208989
6.26 2.19053519327
6.28 2.24679077207
6.3 2.3020581944
6.32 2.35588509757
6.34 2.40775183168
6.36 2.45707956094
6.38 2.50324207082
6.4 2.54558108341
6.42 2.58342460666
6.44 2.61610755775
6.46 2.64299364161
6.48 2.66349726545
6.5 2.6771041658
6.52 2.68338943889
6.54 2.68203181202
6.56 2.67282326405
6.58 2.65567347261
6.6 2.63060899111
6.62 2.59776748955
6.64 2.55738777675
6.66 2.50979661319
6.68 2.45539349476
6.7 2.39463462692
6.72 2.32801722507
6.74 2.25606509301
6.76 2.17931618179
6.78 2.09831255111
6.8 2.01359288074
6.82 1.92568743521
6.84 1.83511519304
6.86 1.74238271806
6.88 1.64798427901
6.9 1.55240270803
6.92 1.45611051963
6.94 1.35957087907
6.96 1.26323809922
6.98 1.16755744859
7.0 1.07296415805
7.02 0.979881614625
7.04 0.888718818025
7.06 0.799867248218
7.08 0.713697344809
7.1 0.630554832308
7.12 0.550757139009
7.14 0.474590152063
7.16 0.402305531298
7.18 0.334118770251
7.2 0.27020814993
7.22 0.210714680649
7.24 0.155743074291
7.26 0.105363735754
7.28 0.059615710632
7.3 0.0185104794912
7.32 -0.0179635526622
7.34 -0.049836056244
7.36 -0.0771494767053
7.38 -0.0999536599477
7.4 -0.118300636514
7.42 -0.132239793674
7.44 -0.141813651586
7.46 -0.14705443673
7.48 -0.147981614015
7.5 -0.144600499677
7.52 -0.136902030662
7.54 -0.12486371553
7.56 -0.108451738201
7.58 -0.0876241317686
7.6 -0.0623348875112
7.62 -0.0325388167944
7.64 0.00180305686453
7.66 0.040717829281
7.68 0.0842150435537
7.7 0.132281293644
7.72 0.184875374347
7.74 0.241924225301
7.76 0.303319879211
7.78 0.368917573351
7.8 0.438535121693
7.82 0.511953574867
7.84 0.58891912094
7.86 0.669146106034
7.88 0.752320984464
7.9 0.838106948691
7.92 0.926148943376
7.94 1.01607873978
7.96 1.10751973844
7.98 1.20009118157
8.0 1.29341149246
8.02 1.38710051551
8.04 1.48078050697
8.06 1.57407581882
8.08 1.66661132339
8.1 1.75800973881
8.12 1.84788813041
8.14 1.93585397211
8.16 2.02150124774
8.18 2.1044071449
8.2 2.18412993218
8.22 2.26020860568
8.24 2.3321648308
8.26 2.39950758613
8.28 2.46174073507
8.3 2.51837351469
8.32 2.56893365442
8.34 2.61298254392
8.36 2.65013159188
8.38 2.68005869147
8.4 2.70252356957
8.42 2.71738077338
8.44 2.72458915543
8.46 2.72421695256
8.48 2.71644189543
8.5 2.70154619367
8.52 2.67990666887
8.54 2.65198070187
8.56 2.61828897689
8.58 2.57939620973
8.6 2.53589112794
8.62 2.48836692847
8.64 2.43740329423
8.66 2.38355083217
8.68 2.32731853646
8.7 2.26916461282
8.72 2.20949074946
8.74 2.14863970632
8.76 2.08689592646
8.78 2.02448875468
8.8 1.96159777608
8.82 1.89835975461
8.84 1.83487665093
8.86 1.77122422216
8.88 1.70746074616
8.9 1.64363546426
8.92 1.5797963957
8.94 1.51599724014
8.96 1.45230315236
8.98 1.3887952415
9.0 1.32557371727
9.02 1.26275967409
9.04 1.2004955694
9.06 1.13894451205
9.08 1.07828852719
9.1 1.01872600224
9.12 0.960468542897
9.14 0.903737475764
9.16 0.848760225813
9.18 0.795766773814
9.2 0.744986362537
9.22 0.696644575989
9.24 0.6509608664
9.26 0.608146553489
9.28 0.568403273996
9.3 0.531921818429
9.32 0.498881259416
9.34 0.469448251867
9.36 0.443776370087
9.38 0.422005340685
9.4 0.404260031897
9.42 0.390649070287
9.44 0.381262974652
9.46 0.376171724837
9.48 0.375421721675
9.5 0.3790321431
9.52 0.38699076146
9.54 0.399249356718
9.56 0.415718936651
9.58 0.436265053189
9.6 0.460703576758
9.62 0.488797347079
9.64 0.520254150036
9.66 0.554726462841
9.68 0.591813356842
9.7 0.631064842255
9.72 0.671988785132
9.74 0.714060333323
9.76 0.756733572897
9.78 0.799454926041
9.8 0.841677621408
9.82 0.882876447205
9.84 0.92256195251
9.86 0.96029330263
9.88 0.995689112756
9.9 1.02843576265
9.92 1.0582929064
9.94 1.08509610571
9.96 1.10875670521
9.98 1.12925921608
10.0 1.14665656971
10.02 1.16106364818
10.04 1.17264950233
10.06 1.18162864279
10.08 1.18825174995
10.1 1.19279610625
10.12 1.19555601643
10.14 1.19683345268
10.16 1.19692914216
10.18 1.19613430137
10.2 1.19472321167
10.22 1.19294681831
10.24 1.19102751734
10.26 1.18915526749
10.28 1.18748512529
10.3 1.18613625135
10.32 1.18519237405
10.34 1.18470362764
10.36 1.18468960881
10.38 1.18514342482
10.4 1.18603644432
10.42 1.18732341525
10.44 1.18894758912
10.46 1.1908454918
10.48 1.19295101038
10.5 1.19519852251
10.52 1.1975248755
10.54 1.19987012117
10.56 1.20217701968
10.58 1.20438943216
10.6 1.20644981798
10.62 1.20829612945
10.64 1.20985844777
10.66 1.21105572636
10.68 1.21179299928
10.7 1.21195937605
10.72 1.21142708334
10.74 1.21005173496
10.76 1.20767391985
10.78 1.20412210207
10.8 1.19921673226
10.82 1.1927753846
10.84 1.18461866278
10.86 1.17457656761
10.88 1.16249499294
10.9 1.14824201733
10.92 1.13171368719
10.94 1.1128390401
10.96 1.09158419014
10.98 1.0679553788
11.0 1.04200097689
11.02 1.01381249017
11.04 0.983524664294
11.06 0.951314796197
11.08 0.917401339928
11.1 0.882041850607
11.12 0.845530256867
11.14 0.80819340592
11.16 0.770386803831
11.18 0.732489488857
11.2 0.694898029678
11.22 0.658019726673
11.24 0.622265195606
11.26 0.5880406097
11.28 0.555739946236
11.3 0.525737614368
11.32 0.498381823582
11.34 0.473988992102
11.36 0.452839401192
11.38 0.435174190562
11.4 0.421193679488
11.42 0.411056900362
11.44 0.404882159066
11.46 0.402748392293
11.48 0.40469707874
11.5 0.410734473625
11.52 0.420833970142
11.54 0.434938439171
11.56 0.452962453515
11.58 0.474794358397
11.6 0.500298200616
11.62 0.529315570245
11.64 0.561667438726
11.66 0.597156093343
11.68 0.635567270813
11.7 0.676672581798
11.72 0.720232296613
11.74 0.765998530828
11.76 0.813718832839
11.78 0.863140135336
11.8 0.91401299325
11.82 0.966095994779
11.84 1.0191602019
11.86 1.07299345462
11.88 1.12740435965
11.9 1.1822257804
11.92 1.23731764997
11.94 1.29256894237
11.96 1.34789865767
11.98 1.40325570305
12.0 1.45861758239
12.02 1.51398784094
12.04 1.56939224757
12.06 1.62487373481
12.08 1.68048615602
12.1 1.73628695996
12.12 1.79232892651
12.14 1.84865115335
12.16 1.90526953392
12.18 1.96216702002
12.2 2.01928401899
12.22 2.07650933174
12.24 2.13367208989
12.26 2.19053519327
12.28 2.24679077207
12.3 2.3020581944
12.32 2.35588509757
12.34 2.40775183168
12.36 2.45707956094
12.38 2.50324207082
12.4 2.54558108341
12.42 2.58342460666
12.44 2.61610755775
12.46 2.64299364161
12.48 2.66349726545
12.5 2.6771041658
12.52 2.68338943889
12.54 2.68203181202
12.56 2.67282326405
12.58 2.65567347261
12.6 2.63060899111
12.62 2.59776748954
12.64 2.55738777675
12.66 2.50979661319
12.68 2.45539349476
12.7 2.39463462692
12.72 2.32801722507
12.74 2.25606509301
12.76 2.17931618179
12.78 2.09831255111
12.8 2.01359288073
12.82 1.92568743521
12.84 1.83511519304
12.86 1.74238271806
12.88 1.64798427901
12.9 1.55240270803
12.92 1.45611051963
12.94 1.35957087907
12.96 1.26323809922
12.98 1.16755744859
13.0 1.07296415805
13.02 0.97988161463
13.04 0.888718818018
13.06 0.799867248221
13.08 0.713697344805
13.1 0.630554832317
13.12 0.550757139001
13.14 0.474590152064
13.16 0.402305531298
13.18 0.334118770255
13.2 0.270208149927
13.22 0.210714680648
13.24 0.155743074296
13.26 0.105363735748
13.28 0.0596157106339
13.3 0.0185104794898
13.32 -0.017963552658
13.34 -0.0498360562482
13.36 -0.0771494767037
13.38 -0.0999536599479
13.4 -0.118300636514
13.42 -0.132239793674
13.44 -0.141813651587
13.46 -0.147054436728
13.48 -0.147981614016
13.5 -0.144600499677
13.52 -0.136902030661
13.54 -0.124863715531
13.56 -0.108451738201
13.58 -0.0876241317678
13.6 -0.0623348875123
13.62 -0.0325388167959
13.64 0.00180305686828
13.66 0.0407178292793
13.68 0.0842150435503
13.7 0.132281293649
13.72 0.184875374346
13.74 0.241924225301
13.76 0.303319879207
13.78 0.368917573355
13.8 0.438535121694
13.82 0.511953574862
13.84 0.588919120941
13.86 0.669146106038
13.88 0.752320984464
13.9 0.838106948686
13.92 0.926148943381
13.94 1.01607873978
13.96 1.10751973844
13.98 1.20009118156
14.0 1.29341149247
14.02 1.38710051551
14.04 1.48078050696
14.06 1.57407581882
14.08 1.66661132339
14.1 1.75800973881
14.12 1.84788813041
14.14 1.93585397211
14.16 2.02150124774
14.18 2.1044071449
14.2 2.18412993218
14.22 2.26020860568
14.24 2.3321648308
14.26 2.39950758613
14.28 2.46174073507
14.3 2.51837351469
14.32 2.56893365442
14.34 2.61298254392
14.36 2.65013159188
14.38 2.68005869147
14.4 2.70252356957
14.42 2.71738077338
14.44 2.72458915543
14.46 2.72421695256
14.48 2.71644189543
14.5 2.70154619367
14.52 2.67990666887
14.54 2.65198070187
14.56 2.61828897689
14.58 2.57939620973
14.6 2.53589112794
14.62 2.48836692847
14.64 2.43740329424
14.66 2.38355083217
14.68 2.32731853646
14.7 2.26916461283
14.72 2.20949074946
14.74 2.14863970632
14.76 2.08689592646
14.78 2.02448875468
14.8 1.96159777608
14.82 1.89835975461
14.84 1.83487665093
14.86 1.77122422216
14.88 1.70746074615
14.9 1.64363546426
14.92 1.57979639569
14.94 1.51599724014
14.96 1.45230315236
14.98 1.3887952415
15.0 1.32557371727
15.02 1.26275967409
15.04 1.2004955694
15.06 1.13894451205
15.08 1.07828852719
15.1 1.01872600223
15.12 0.960468542899
15.14 0.903737475764
15.16 0.848760225811
15.18 0.795766773816
15.2 0.744986362537
15.22 0.69664457599
15.24 0.650960866397
15.26 0.608146553491
15.28 0.568403273996
15.3 0.531921818428
15.32 0.498881259416
15.34 0.469448251869
15.36 0.443776370086
15.38 0.422005340687
15.4 0.404260031894
15.42 0.390649070288
15.44 0.381262974651
15.46 0.376171724838
15.48 0.375421721675
15.5 0.3790321431
15.52 0.386990761459
15.54 0.39924935672
15.56 0.415718936648
15.58 0.436265053193
15.6 0.460703576755
15.62 0.488797347081
15.64 0.520254150036
15.66 0.55472646284
15.68 0.591813356845
15.7 0.63106484225
15.72 0.671988785135
15.74 0.714060333321
15.76 0.756733572901
15.78 0.799454926038
15.8 0.841677621408
15.82 0.882876447206
15.84 0.92256195251
15.86 0.96029330263
15.88 0.995689112754
15.9 1.02843576265
15.92 1.0582929064
15.94 1.08509610571
15.96 1.10875670521
15.98 1.12925921608
16.0 1.14665656971
16.02 1.16106364818
16.04 1.17264950234
16.06 1.18162864279
16.08 1.18825174995
16.1 1.19279610625
16.12 1.19555601643
16.14 1.19683345268
16.16 1.19692914216
16.18 1.19613430137
16.2 1.19472321167
16.22 1.19294681831
16.24 1.19102751734
16.26 1.18915526749
16.28 1.18748512529
16.3 1.18613625135
16.32 1.18519237405
16.34 1.18470362764
16.36 1.18468960881
16.38 1.18514342482
16.4 1.18603644432
16.42 1.18732341525
16.44 1.18894758912
16.46 1.1908454918
16.48 1.19295101038
16.5 1.19519852251
16.52 1.1975248755
16.54 1.19987012117
16.56 1.20217701968
16.58 1.20438943216
16.6 1.20644981798
16.62 1.20829612945
16.64 1.20985844777
16.66 1.21105572636
16.68 1.21179299928
16.7 1.21195937605
16.72 1.21142708334
16.74 1.21005173496
16.76 1.20767391985
16.78 1.20412210207
16.8 1.19921673226
16.82 1.1927753846
16.84 1.18461866278
16.86 1.17457656761
16.88 1.16249499293
16.9 1.14824201734
16.92 1.13171368719
16.94 1.1128390401
16.96 1.09158419014
16.98 1.0679553788
17.0 1.04200097688
17.02 1.01381249017
17.04 0.983524664293
17.06 0.951314796197
17.08 0.917401339928
17.1 0.882041850606
17.12 0.845530256868
17.14 0.80819340592
17.16 0.77038680383
17.18 0.732489488857
17.2 0.694898029679
17.22 0.65801972667
17.24 0.622265195608
17.26 0.5880406097
17.28 0.555739946237
17.3 0.525737614367
17.32 0.498381823582
17.34 0.473988992106
17.36 0.452839401187
17.38 0.435174190565
17.4 0.421193679486
17.42 0.411056900364
17.44 0.404882159062
17.46 0.402748392296
17.48 0.404697078739
17.5 0.410734473624
17.52 0.420833970142
17.54 0.434938439173
17.56 0.452962453513
17.58 0.474794358397
17.6 0.500298200617
17.62 0.529315570245
17.64 0.561667438723
17.66 0.597156093346
17.68 0.635567270812
17.7 0.676672581797
17.72 0.720232296613
17.74 0.76599853083
17.76 0.81371883284
17.78 0.863140135333
17.8 0.914012993252
17.82 0.966095994778
17.84 1.0191602019
17.86 1.07299345461
17.88 1.12740435965
17.9 1.1822257804
17.92 1.23731764997
17.94 1.29256894237
17.96 1.34789865767
17.98 1.40325570305
18.0 1.45861758239
18.02 1.51398784094
18.04 1.56939224757
18.06 1.62487373481
18.08 1.68048615602
18.1 1.73628695997
18.12 1.79232892651
18.14 1.84865115334
18.16 1.90526953392
18.18 1.96216702001
18.2 2.019284019
18.22 2.07650933173
18.24 2.13367208989
18.26 2.19053519327
18.28 2.24679077207
18.3 2.3020581944
18.32 2.35588509758
18.34 2.40775183168
18.36 2.45707956094
18.38 2.50324207082
18.4 2.54558108341
18.42 2.58342460666
18.44 2.61610755775
18.46 2.64299364161
18.48 2.66349726545
18.5 2.6771041658
18.52 2.6833894389
18.54 2.68203181202
18.56 2.67282326405
18.58 2.65567347261
18.6 2.63060899111
18.62 2.59776748955
18.64 2.55738777675
18.66 2.5097966132
18.68 2.45539349476
18.7 2.39463462692
18.72 2.32801722506
18.74 2.25606509302
18.76 2.17931618178
18.78 2.09831255111
18.8 2.01359288074
18.82 1.9256874352
18.84 1.83511519304
18.86 1.74238271806
18.88 1.64798427902
18.9 1.55240270802
18.92 1.45611051963
18.94 1.35957087906
18.96 1.26323809923
18.98 1.16755744858
19.0 1.07296415805
19.02 0.979881614632
19.04 0.888718818017
19.06 0.79986724822
19.08 0.713697344807
19.1 0.630554832316
19.12 0.550757139002
19.14 0.474590152064
19.16 0.402305531297
19.18 0.334118770256
19.2 0.270208149927
19.22 0.210714680647
19.24 0.155743074298
19.26 0.105363735747
19.28 0.0596157106339
19.3 0.0185104794898
19.32 -0.017963552658
19.34 -0.0498360562488
19.36 -0.0771494767026
19.38 -0.0999536599472
19.4 -0.118300636516
19.42 -0.132239793673
19.44 -0.141813651587
19.46 -0.147054436728
19.48 -0.147981614016
19.5 -0.144600499677
19.52 -0.136902030661
19.54 -0.124863715531
19.56 -0.1084517382
19.58 -0.0876241317693
19.6 -0.0623348875136
19.62 -0.032538816792
19.64 0.00180305686639
19.66 0.0407178292801
19.68 0.0842150435486
19.7 0.13228129365
19.72 0.184875374346
19.74 0.241924225301
19.76 0.303319879207
19.78 0.368917573356
19.8 0.438535121693
19.82 0.51195357486
19.84 0.588919120947
19.86 0.669146106034
19.88 0.752320984465
19.9 0.838106948684
19.92 0.926148943382
19.94 1.01607873978
19.96 1.10751973843
19.98 1.20009118156
20.0 1.29341149247
20.02 1.38710051551
20.04 1.48078050696
20.06 1.57407581883
20.08 1.66661132339
20.1 1.75800973881
20.12 1.84788813041
20.14 1.93585397211
20.16 2.02150124774
20.18 2.1044071449
20.2 2.18412993217
20.22 2.26020860568
20.24 2.3321648308
20.26 2.39950758613
20.28 2.46174073507
20.3 2.51837351469
20.32 2.56893365442
20.34 2.61298254392
20.36 2.65013159188
20.38 2.68005869147
20.4 2.70252356957
20.42 2.71738077338
20.44 2.72458915543
20.46 2.72421695256
20.48 2.71644189543
20.5 2.70154619367
20.52 2.67990666887
20.54 2.65198070187
20.56 2.61828897689
20.58 2.57939620973
20.6 2.53589112794
20.62 2.48836692847
20.64 2.43740329424
20.66 2.38355083216
20.68 2.32731853646
20.7 2.26916461282
20.72 2.20949074946
20.74 2.14863970632
20.76 2.08689592646
20.78 2.02448875468
20.8 1.96159777608
20.82 1.89835975461
20.84 1.83487665093
20.86 1.77122422216
20.88 1.70746074615
20.9 1.64363546426
20.92 1.5797963957
20.94 1.51599724014
20.96 1.45230315236
20.98 1.38879524149
21.0 1.32557371728
21.02 1.26275967408
21.04 1.2004955694
21.06 1.13894451205
21.08 1.07828852719
21.1 1.01872600223
21.12 0.9604685429
21.14 0.903737475764
21.16 0.848760225813
21.18 0.795766773813
21.2 0.744986362539
21.22 0.696644575989
21.24 0.650960866399
21.26 0.608146553489
21.28 0.568403273995
21.3 0.531921818429
21.32 0.498881259418
21.34 0.469448251864
21.36 0.443776370089
21.38 0.422005340686
21.4 0.404260031894
21.42 0.390649070287
21.44 0.381262974652
21.46 0.376171724837
21.48 0.375421721676
21.5 0.3790321431
21.52 0.386990761455
21.54 0.399249356724
21.56 0.415718936648
21.58 0.43626505319
21.6 0.460703576758
21.62 0.48879734708
21.64 0.520254150035
21.66 0.554726462841
21.68 0.591813356842
21.7 0.631064842257
21.72 0.671988785128
21.74 0.714060333327
21.76 0.756733572897
21.78 0.799454926043
21.8 0.841677621403
21.82 0.882876447209
21.84 0.922561952508
21.86 0.960293302631
21.88 0.995689112752
21.9 1.02843576265
21.92 1.0582929064
21.94 1.08509610571
21.96 1.10875670521
21.98 1.12925921608
22.0 1.14665656971
22.02 1.16106364818
22.04 1.17264950234
22.06 1.18162864279
22.08 1.18825174995
22.1 1.19279610625
22.12 1.19555601643
22.14 1.19683345268
22.16 1.19692914215
22.18 1.19613430137
22.2 1.19472321167
22.22 1.19294681831
22.24 1.19102751734
22.26 1.1891552675
22.28 1.18748512529
22.3 1.18613625135
22.32 1.18519237405
22.34 1.18470362764
22.36 1.18468960881
22.38 1.18514342482
22.4 1.18603644432
22.42 1.18732341525
22.44 1.18894758912
22.46 1.1908454918
22.48 1.19295101038
22.5 1.19519852251
22.52 1.1975248755
22.54 1.19987012117
22.56 1.20217701968
22.58 1.20438943216
22.6 1.20644981798
22.62 1.20829612945
22.64 1.20985844777
22.66 1.21105572635
22.68 1.21179299929
22.7 1.21195937604
22.72 1.21142708334
22.74 1.21005173496
22.76 1.20767391985
22.78 1.20412210207
22.8 1.19921673226
22.82 1.1927753846
22.84 1.18461866278
22.86 1.1745765676
22.88 1.16249499294
22.9 1.14824201734
22.92 1.13171368719
22.94 1.1128390401
22.96 1.09158419015
22.98 1.0679553788
23.0 1.04200097688
23.02 1.01381249017
23.04 0.983524664298
23.06 0.95131479619
23.08 0.917401339933
23.1 0.882041850603
23.12 0.845530256872
23.14 0.808193405914
23.16 0.770386803834
23.18 0.732489488855
23.2 0.694898029683
23.22 0.658019726666
23.24 0.62226519561
23.26 0.588040609699
23.28 0.555739946237
23.3 0.525737614367
23.32 0.498381823582
23.34 0.473988992107
23.36 0.452839401185
23.38 0.435174190566
23.4 0.421193679488
23.42 0.411056900362
23.44 0.404882159064
23.46 0.402748392296
23.48 0.404697078739
23.5 0.410734473622
23.52 0.420833970145
23.54 0.434938439171
23.56 0.452962453513
23.58 0.474794358399
23.6 0.500298200614
23.62 0.529315570246
23.64 0.561667438723
23.66 0.597156093347
23.68 0.63556727081
23.7 0.676672581797
23.72 0.720232296615
23.74 0.765998530829
23.76 0.813718832837
23.78 0.863140135336
23.8 0.91401299325
23.82 0.966095994781
23.84 1.0191602019
23.86 1.07299345462
23.88 1.12740435965
23.9 1.1822257804
23.92 1.23731764997
23.94 1.29256894238
23.96 1.34789865767
23.98 1.40325570305
24.0 1.45861758239
24.02 1.51398784094
24.04 1.56939224757
24.06 1.62487373481
24.08 1.68048615602
24.1 1.73628695997
24.12 1.7923289265
24.14 1.84865115335
24.16 1.90526953392
24.18 1.96216702002
24.2 2.01928401899
24.22 2.07650933174
24.24 2.13367208989
24.26 2.19053519328
24.28 2.24679077207
24.3 2.3020581944
24.32 2.35588509757
24.34 2.40775183168
24.36 2.45707956094
24.38 2.50324207082
24.4 2.54558108341
24.42 2.58342460666
24.44 2.61610755775
24.46 2.64299364161
24.48 2.66349726545
24.5 2.6771041658
24.52 2.6833894389
24.54 2.68203181202
24.56 2.67282326405
24.58 2.65567347261
24.6 2.63060899111
24.62 2.59776748954
24.64 2.55738777675
24.66 2.50979661319
24.68 2.45539349476
24.7 2.39463462692
24.72 2.32801722506
24.74 2.256065093
24.76 2.17931618179
24.78 2.09831255111
24.8 2.01359288074
24.82 1.9256874352
24.84 1.83511519305
24.86 1.74238271806
24.88 1.64798427901
24.9 1.55240270802
24.92 1.45611051964
24.94 1.35957087906
24.96 1.26323809922
24.98 1.16755744858
25.0 1.07296415806
25.02 0.979881614625
25.04 0.888718818023
25.06 0.799867248221
25.08 0.7136973448
25.1 0.630554832316
25.12 0.550757139009
25.14 0.474590152063
25.16 0.402305531297
25.18 0.334118770247
25.2 0.270208149935
25.22 0.210714680647
25.24 0.155743074294
25.26 0.105363735747
25.28 0.0596157106377
25.3 0.0185104794893
25.32 -0.0179635526608
25.34 -0.0498360562486
25.36 -0.0771494767002
25.38 -0.0999536599497
25.4 -0.118300636514
25.42 -0.132239793673
25.44 -0.141813651589
25.46 -0.147054436727
25.48 -0.147981614016
25.5 -0.144600499678
25.52 -0.13690203066
25.54 -0.12486371553
25.56 -0.108451738203
25.58 -0.0876241317689
25.6 -0.0623348875108
25.62 -0.032538816792
25.64 0.00180305686206
25.66 0.0407178292807
25.68 0.0842150435526
25.7 0.132281293651
25.72 0.18487537434
25.74 0.241924225302
25.76 0.303319879211
25.78 0.368917573351
25.8 0.438535121699
25.82 0.51195357486
25.84 0.588919120942
25.86 0.669146106034
25.88 0.752320984471
25.9 0.838106948684
25.92 0.926148943377
25.94 1.01607873978
25.96 1.10751973844
25.98 1.20009118156
26.0 1.29341149246
26.02 1.38710051551
26.04 1.48078050697
26.06 1.57407581882
26.08 1.66661132338
26.1 1.75800973882
26.12 1.84788813041
26.14 1.93585397211
26.16 2.02150124774
26.18 2.1044071449
26.2 2.18412993218
26.22 2.26020860567
26.24 2.33216483081
26.26 2.39950758614
26.28 2.46174073507
26.3 2.51837351469
26.32 2.56893365442
26.34 2.61298254392
26.36 2.65013159188
26.38 2.68005869147
26.4 2.70252356957
26.42 2.71738077338
26.44 2.72458915543
26.46 2.72421695256
26.48 2.71644189543
26.5 2.70154619367
26.52 2.67990666887
26.54 2.65198070187
26.56 2.61828897689
26.58 2.57939620973
26.6 2.53589112794
26.62 2.48836692847
26.64 2.43740329423
26.66 2.38355083217
26.68 2.32731853646
26.7 2.26916461282
26.72 2.20949074946
26.74 2.14863970632
26.76 2.08689592646
26.78 2.02448875468
26.8 1.96159777608
26.82 1.89835975462
26.84 1.83487665092
26.86 1.77122422216
26.88 1.70746074616
26.9 1.64363546426
26.92 1.57979639569
26.94 1.51599724015
26.96 1.45230315236
26.98 1.38879524149
27.0 1.32557371727
27.02 1.26275967409
27.04 1.2004955694
27.06 1.13894451205
27.08 1.07828852719
27.1 1.01872600224
27.12 0.960468542896
27.14 0.903737475759
27.16 0.848760225817
27.18 0.795766773814
27.2 0.744986362534
27.22 0.696644575994
27.24 0.650960866395
27.26 0.608146553493
27.28 0.568403273995
27.3 0.531921818426
27.32 0.498881259418
27.34 0.469448251865
27.36 0.443776370089
27.38 0.422005340685
27.4 0.404260031895
27.42 0.390649070287
27.44 0.381262974651
27.46 0.376171724838
27.48 0.375421721674
27.5 0.3790321431
27.52 0.38699076146
27.54 0.399249356717
27.56 0.415718936651
27.58 0.436265053194
27.6 0.460703576753
27.62 0.488797347081
27.64 0.520254150037
27.66 0.554726462836
27.68 0.591813356849
27.7 0.631064842249
27.72 0.671988785136
27.74 0.714060333323
27.76 0.756733572898
27.78 0.799454926039
27.8 0.841677621411
27.82 0.882876447199
27.84 0.922561952513
27.86 0.960293302633
27.88 0.995689112752
27.9 1.02843576265
27.92 1.0582929064
27.94 1.08509610571
27.96 1.10875670521
27.98 1.12925921607
28.0 1.14665656971
28.02 1.16106364818
28.04 1.17264950233
28.06 1.18162864279
28.08 1.18825174995
28.1 1.19279610625
28.12 1.19555601644
28.14 1.19683345268
28.16 1.19692914216
28.18 1.19613430137
28.2 1.19472321167
28.22 1.19294681831
28.24 1.19102751735
28.26 1.18915526749
28.28 1.18748512529
28.3 1.18613625135
28.32 1.18519237405
28.34 1.18470362764
28.36 1.18468960881
28.38 1.18514342482
28.4 1.18603644432
28.42 1.18732341525
28.44 1.18894758912
28.46 1.1908454918
28.48 1.19295101038
28.5 1.19519852251
28.52 1.1975248755
28.54 1.19987012117
28.56 1.20217701968
28.58 1.20438943216
28.6 1.20644981798
28.62 1.20829612945
28.64 1.20985844777
28.66 1.21105572636
28.68 1.21179299928
28.7 1.21195937605
28.72 1.21142708334
28.74 1.21005173496
28.76 1.20767391985
28.78 1.20412210207
28.8 1.19921673226
28.82 1.19277538461
28.84 1.18461866278
28.86 1.17457656761
28.88 1.16249499293
28.9 1.14824201733
28.92 1.13171368719
28.94 1.1128390401
28.96 1.09158419014
28.98 1.0679553788
29.0 1.04200097688
29.02 1.01381249017
29.04 0.983524664294
29.06 0.951314796195
29.08 0.917401339931
29.1 0.882041850609
29.12 0.845530256864
29.14 0.808193405919
29.16 0.770386803833
29.18 0.732489488854
29.2 0.69489802968
29.22 0.658019726672
29.24 0.622265195606
29.26 0.588040609702
29.28 0.555739946231
29.3 0.525737614372
29.32 0.498381823582
29.34 0.473988992101
29.36 0.452839401192
29.38 0.435174190566
29.4 0.421193679482
29.42 0.411056900367
29.44 0.404882159062
29.46 0.402748392295
29.48 0.40469707874
29.5 0.410734473623
29.52 0.420833970144
29.54 0.434938439172
29.56 0.452962453513
29.58 0.474794358397
29.6 0.500298200615
29.62 0.529315570248
29.64 0.561667438723
29.66 0.597156093345
29.68 0.635567270811
29.7 0.676672581797
29.72 0.720232296616
29.74 0.765998530827
29.76 0.813718832839
29.78 0.863140135337
29.8 0.914012993247
29.82 0.966095994777
29.84 1.01916020191
29.86 1.07299345461
29.88 1.12740435965
29.9 1.1822257804
29.92 1.23731764997
29.94 1.29256894237
29.96 1.34789865767
29.98 1.40325570305
30.0 1.4586175824
30.02 1.51398784094
30.04 1.56939224757
30.06 1.62487373482
30.08 1.68048615602
30.1 1.73628695996
30.12 1.79232892652
30.14 1.84865115334
30.16 1.90526953392
30.18 1.96216702001
30.2 2.01928401899
30.22 2.07650933174
30.24 2.13367208989
30.26 2.19053519327
30.28 2.24679077208
30.3 2.3020581944
30.32 2.35588509757
30.34 2.40775183168
30.36 2.45707956094
30.38 2.50324207082
30.4 2.54558108341
30.42 2.58342460666
30.44 2.61610755776
30.46 2.6429936416
30.48 2.66349726545
30.5 2.6771041658
30.52 2.6833894389
30.54 2.68203181202
30.56 2.67282326404
30.58 2.65567347262
30.6 2.6306089911
30.62 2.59776748955
30.64 2.55738777675
30.66 2.50979661319
30.68 2.45539349476
30.7 2.39463462692
30.72 2.32801722505
30.74 2.25606509302
30.76 2.17931618178
30.78 2.09831255111
30.8 2.01359288074
30.82 1.9256874352
30.84 1.83511519305
30.86 1.74238271807
30.88 1.647984279
30.9 1.55240270804
30.92 1.45611051963
30.94 1.35957087905
30.96 1.26323809923
30.98 1.16755744859
31.0 1.07296415804
31.02 0.979881614631
31.04 0.888718818018
31.06 0.799867248226
31.08 0.713697344806
31.1 0.630554832305
31.12 0.550757139014
31.14 0.474590152069
31.16 0.402305531287
31.18 0.334118770257
31.2 0.27020814993
31.22 0.210714680643
31.24 0.155743074296
31.26 0.105363735749
31.28 0.0596157106414
31.3 0.018510479485
31.32 -0.017963552663
31.34 -0.0498360562436
31.36 -0.077149476704
31.38 -0.0999536599489
31.4 -0.118300636514
31.42 -0.132239793672
31.44 -0.14181365159
31.46 -0.147054436727
31.48 -0.147981614016
31.5 -0.144600499677
31.52 -0.136902030662
31.54 -0.124863715527
31.56 -0.108451738205
31.58 -0.0876241317701
31.6 -0.062334887507
31.62 -0.0325388167958
31.64 0.00180305686394
31.66 0.0407178292838
31.68 0.0842150435497
31.7 0.132281293651
31.72 0.184875374337
31.74 0.241924225305
31.76 0.303319879216
31.78 0.368917573346
31.8 0.438535121693
31.82 0.511953574872
31.84 0.588919120936
31.86 0.669146106028
31.88 0.752320984477
31.9 0.838106948683
31.92 0.926148943382
31.94 1.01607873978
31.96 1.10751973843
31.98 1.20009118157
32.0 1.29341149245
32.02 1.38710051552
32.04 1.48078050697
32.06 1.57407581882
32.08 1.66661132339
32.1 1.75800973882
32.12 1.84788813041
32.14 1.93585397211
32.16 2.02150124773
32.18 2.1044071449
32.2 2.18412993218
32.22 2.26020860567
32.24 2.3321648308
32.26 2.39950758614
32.28 2.46174073507
32.3 2.51837351469
32.32 2.56893365443
32.34 2.61298254392
32.36 2.65013159188
32.38 2.68005869147
32.4 2.70252356957
32.42 2.71738077338
32.44 2.72458915543
32.46 2.72421695256
32.48 2.71644189543
32.5 2.70154619367
32.52 2.67990666887
32.54 2.65198070187
32.56 2.61828897689
32.58 2.57939620973
32.6 2.53589112794
32.62 2.48836692847
32.64 2.43740329423
32.66 2.38355083217
32.68 2.32731853646
32.7 2.26916461282
32.72 2.20949074947
32.74 2.14863970632
32.76 2.08689592646
32.78 2.02448875468
32.8 1.96159777608
32.82 1.89835975461
32.84 1.83487665093
32.86 1.77122422216
32.88 1.70746074616
32.9 1.64363546426
32.92 1.57979639569
32.94 1.51599724014
32.96 1.45230315236
32.98 1.38879524149
33.0 1.32557371727
33.02 1.26275967409
33.04 1.20049556941
33.06 1.13894451205
33.08 1.07828852719
33.1 1.01872600224
33.12 0.960468542899
33.14 0.903737475759
33.16 0.84876022582
33.18 0.795766773813
33.2 0.744986362532
33.22 0.696644575996
33.24 0.650960866396
33.26 0.608146553489
33.28 0.568403273998
33.3 0.531921818426
33.32 0.49888125942
33.34 0.469448251865
33.36 0.443776370086
33.38 0.422005340688
33.4 0.404260031893
33.42 0.390649070289
33.44 0.381262974651
33.46 0.376171724836
33.48 0.375421721676
33.5 0.379032143098
33.52 0.386990761461
33.54 0.399249356716
33.56 0.415718936652
33.58 0.436265053192
33.6 0.460703576751
33.62 0.488797347083
33.64 0.520254150037
33.66 0.55472646284
33.68 0.591813356842
33.7 0.631064842255
33.72 0.671988785133
33.74 0.714060333322
33.76 0.756733572896
33.78 0.799454926041
33.8 0.84167762141
33.82 0.882876447205
33.84 0.922561952508
33.86 0.960293302633
33.88 0.99568911275
33.9 1.02843576265
33.92 1.05829290641
33.94 1.08509610571
33.96 1.10875670521
33.98 1.12925921608
34.0 1.14665656971
34.02 1.16106364818
34.04 1.17264950233
34.06 1.1816286428
34.08 1.18825174995
34.1 1.19279610625
34.12 1.19555601643
34.14 1.19683345268
34.16 1.19692914215
34.18 1.19613430138
34.2 1.19472321166
34.22 1.19294681831
34.24 1.19102751735
34.26 1.18915526749
34.28 1.18748512529
34.3 1.18613625135
34.32 1.18519237404
34.34 1.18470362764
34.36 1.18468960881
34.38 1.18514342482
34.4 1.18603644432
34.42 1.18732341525
34.44 1.18894758912
34.46 1.1908454918
34.48 1.19295101038
34.5 1.19519852251
34.52 1.1975248755
34.54 1.19987012117
34.56 1.20217701968
34.58 1.20438943216
34.6 1.20644981798
34.62 1.20829612945
34.64 1.20985844777
34.66 1.21105572636
34.68 1.21179299928
34.7 1.21195937605
34.72 1.21142708334
34.74 1.21005173496
34.76 1.20767391985
34.78 1.20412210207
34.8 1.19921673226
34.82 1.1927753846
34.84 1.18461866278
34.86 1.17457656761
34.88 1.16249499294
34.9 1.14824201733
34.92 1.13171368719
34.94 1.1128390401
34.96 1.09158419014
34.98 1.0679553788
35.0 1.04200097688
35.02 1.01381249017
35.04 0.983524664297
35.06 0.951314796192
35.08 0.91740133993
35.1 0.882041850607
35.12 0.845530256865
35.14 0.80819340592
35.16 0.770386803834
35.18 0.732489488852
35.2 0.694898029684
35.22 0.658019726668
35.24 0.622265195606
35.26 0.588040609701
35.28 0.555739946232
35.3 0.525737614374
35.32 0.498381823582
35.34 0.4739889921
35.36 0.452839401192
35.38 0.435174190565
35.4 0.421193679484
35.42 0.411056900364
35.44 0.404882159064
35.46 0.402748392295
35.48 0.404697078739
35.5 0.410734473624
35.52 0.420833970143
35.54 0.434938439171
35.56 0.452962453514
35.58 0.474794358397
35.6 0.500298200615
35.62 0.529315570247
35.64 0.561667438722
35.66 0.597156093347
35.68 0.63556727081
35.7 0.6766725818
35.72 0.720232296614
35.74 0.765998530827
35.76 0.813718832838
35.78 0.863140135338
35.8 0.914012993251
35.82 0.966095994777
35.84 1.0191602019
35.86 1.07299345461
35.88 1.12740435965
35.9 1.1822257804
35.92 1.23731764997
35.94 1.29256894238
35.96 1.34789865767
35.98 1.40325570305
36.0 1.45861758239
36.02 1.51398784094
36.04 1.56939224757
36.06 1.62487373482
36.08 1.68048615602
36.1 1.73628695996
36.12 1.79232892651
36.14 1.84865115335
36.16 1.90526953392
36.18 1.96216702001
36.2 2.01928401899
36.22 2.07650933174
36.24 2.13367208989
36.26 2.19053519327
36.28 2.24679077207
36.3 2.30205819439
36.32 2.35588509757
36.34 2.40775183168
36.36 2.45707956094
36.38 2.50324207082
36.4 2.54558108341
36.42 2.58342460666
36.44 2.61610755775
36.46 2.64299364161
36.48 2.66349726545
36.5 2.6771041658
36.52 2.6833894389
36.54 2.68203181202
36.56 2.67282326404
36.58 2.65567347262
36.6 2.6306089911
36.62 2.59776748955
36.64 2.55738777675
36.66 2.50979661319
36.68 2.45539349476
36.7 2.39463462692
36.72 2.32801722506
36.74 2.25606509302
36.76 2.17931618179
36.78 2.0983125511
36.8 2.01359288074
36.82 1.9256874352
36.84 1.83511519305
36.86 1.74238271806
36.88 1.64798427901
36.9 1.55240270804
36.92 1.45611051964
36.94 1.35957087905
36.96 1.26323809923
36.98 1.16755744859
37.0 1.07296415805
37.02 0.979881614631
37.04 0.888718818017
37.06 0.799867248227
37.08 0.713697344812
37.1 0.630554832299
37.12 0.550757139013
37.14 0.474590152065
37.16 0.402305531291
37.18 0.334118770257
37.2 0.270208149936
37.22 0.210714680637
37.24 0.155743074298
37.26 0.105363735749
37.28 0.0596157106372
37.3 0.0185104794888
37.32 -0.0179635526633
37.34 -0.0498360562436
37.36 -0.0771494767014
37.38 -0.0999536599523
37.4 -0.118300636512
37.42 -0.132239793674
37.44 -0.141813651588
37.46 -0.147054436728
37.48 -0.147981614016
37.5 -0.144600499678
37.52 -0.136902030661
37.54 -0.124863715527
37.56 -0.108451738204
37.58 -0.087624131769
37.6 -0.0623348875092
37.62 -0.0325388167953
37.64 0.00180305686112
37.66 0.0407178292856
37.68 0.0842150435511
37.7 0.13228129365
37.72 0.184875374341
37.74 0.241924225302
37.76 0.303319879215
37.78 0.368917573347
37.8 0.438535121686
37.82 0.511953574878
37.84 0.588919120936
37.86 0.669146106034
37.88 0.752320984471
37.9 0.838106948683
37.92 0.926148943383
37.94 1.01607873977
37.96 1.10751973844
37.98 1.20009118157
38.0 1.29341149245
38.02 1.38710051551
38.04 1.48078050697
38.06 1.57407581882
38.08 1.66661132338
38.1 1.75800973882
38.12 1.84788813041
38.14 1.93585397211
38.16 2.02150124774
38.18 2.1044071449
38.2 2.18412993218
38.22 2.26020860567
38.24 2.33216483081
38.26 2.39950758614
38.28 2.46174073507
38.3 2.51837351469
38.32 2.56893365443
38.34 2.61298254392
38.36 2.65013159188
38.38 2.68005869147
38.4 2.70252356957
38.42 2.71738077338
38.44 2.72458915543
38.46 2.72421695256
38.48 2.71644189543
38.5 2.70154619367
38.52 2.67990666887
38.54 2.65198070187
38.56 2.61828897689
38.58 2.57939620973
38.6 2.53589112794
38.62 2.48836692847
38.64 2.43740329423
38.66 2.38355083217
38.68 2.32731853646
38.7 2.26916461282
38.72 2.20949074947
38.74 2.14863970632
38.76 2.08689592646
38.78 2.02448875468
38.8 1.96159777609
38.82 1.8983597546
38.84 1.83487665093
38.86 1.77122422216
38.88 1.70746074616
38.9 1.64363546426
38.92 1.57979639569
38.94 1.51599724015
38.96 1.45230315236
38.98 1.38879524149
39.0 1.32557371727
39.02 1.26275967409
39.04 1.20049556939
39.06 1.13894451206
39.08 1.07828852718
39.1 1.01872600224
39.12 0.960468542896
39.14 0.903737475761
39.16 0.848760225815
39.18 0.795766773816
39.2 0.744986362534
39.22 0.696644575991
39.24 0.650960866402
39.26 0.608146553487
39.28 0.568403273996
39.3 0.531921818427
39.32 0.498881259417
39.34 0.469448251868
39.36 0.443776370087
39.38 0.422005340685
39.4 0.404260031895
39.42 0.390649070287
39.44 0.381262974652
39.46 0.376171724837
39.48 0.375421721674
39.5 0.3790321431
39.52 0.386990761458
39.54 0.399249356717
39.56 0.415718936652
39.58 0.436265053192
39.6 0.460703576754
39.62 0.488797347079
39.64 0.520254150039
39.66 0.554726462835
39.68 0.591813356847
39.7 0.631064842254
39.72 0.671988785133
39.74 0.714060333324
39.76 0.756733572896
39.78 0.799454926041
39.8 0.841677621409
39.82 0.8828764472
39.84 0.922561952513
39.86 0.960293302632
39.88 0.995689112753
39.9 1.02843576265
39.92 1.05829290641
39.94 1.08509610571
39.96 1.10875670521
39.98 1.12925921608
