0.0 0.998878140692
0.02 1.12990769669
0.04 1.25913118749
0.06 1.38651844538
0.08 1.51208754809
0.1 1.63589027698
0.12 1.75799521829
0.14 1.87846893397
0.16 1.99735573257
0.18 2.11465667804
0.2 2.23030858557
0.22 2.344163863
0.24 2.45597215799
0.26 2.56536485221
0.28 2.67184348847
0.3 2.77477320678
0.32 2.87338217959
0.34 2.96676785719
0.36 3.05391054891
0.38 3.13369447211
0.4 3.20493591279
0.42 3.26641758906
0.44 3.31692774124
0.46 3.35530195374
0.48 3.38046531522
0.5 3.39147231157
0.52 3.38754187343
0.54 3.36808528654
0.56 3.33272520705
0.58 3.28130475209
0.6 3.2138864753
0.62 3.13074188485
0.64 3.03233291424
0.66 2.91928732579
0.68 2.79237035524
0.7 2.6524549736
0.72 2.50049296567
0.74 2.33748865136
0.76 2.16447657363
0.78 1.9825039171
0.8 1.79261787375
0.82 1.59585769052
0.84 1.39325075507
0.86 1.18581181908
0.88 0.974544325515
0.9 0.760442786897
0.92 0.544495237529
0.94 0.327684930463
0.96 0.110990646271
0.98 -0.104614797711
1.0 -0.318168022441
1.02 -0.528720516449
1.04 -0.735345799888
1.06 -0.937147948858
1.08 -1.13327099179
1.1 -1.32290861939
1.12 -1.50531362273
1.14 -1.6798064885
1.16 -1.84578263032
1.18 -2.00271781532
1.2 -2.15017144765
1.22 -2.28778748876
1.24 -2.4152929189
1.26 -2.53249377073
1.28 -2.63926888569
1.3 -2.7355616532
1.32 -2.82137008714
1.34 -2.89673567031
1.36 -2.96173145325
1.38 -3.01644992861
1.4 -3.06099121367
1.42 -3.09545206341
1.44 -3.1199162044
1.46 -3.13444642699
1.48 -3.13907880115
1.5 -3.13381929378
1.52 -3.11864296309
1.54 -3.09349579455
1.56 -3.05829912563
1.58 -3.01295648877
1.6 -2.95736258788
1.62 -2.89141401917
1.64 -2.81502125683
1.66 -2.72812135326
1.68 -2.63069075599
1.7 -2.52275762473
1.72 -2.40441304148
1.74 -2.27582054988
1.76 -2.13722353318
1.78 -1.98895004348
1.8 -1.83141482409
1.82 -1.66511841455
1.84 -1.4906433891
1.86 -1.30864794174
1.88 -1.11985718741
1.9 -0.925052687037
1.92 -0.725060815421
1.94 -0.52074066629
1.96 -0.312972222166
1.98 -0.102645503638
2.0 0.109348648856
2.02 0.322125615393
2.04 0.534811465423
2.06 0.7465446502
2.08 0.956474931684
2.1 1.16375979772
2.12 1.36755885576
2.14 1.56702693133
2.16 1.76130680438
2.18 1.94952267715
2.2 2.13077555894
2.22 2.30414175592
2.24 2.46867554641
2.26 2.62341689394
2.28 2.76740469681
2.3 2.89969560749
2.32 3.01938790804
2.34 3.12564934564
2.36 3.21774728131
2.38 3.29507905534
2.4 3.35720019686
2.42 3.40384805778
2.44 3.43495866329
2.46 3.45067503545
2.48 3.45134592069
2.5 3.43751465881
2.52 3.40989877288
2.54 3.36936163369
2.56 3.31687816877
2.58 3.25349698127
2.6 3.18030138987
2.62 3.09837180544
2.64 3.00875156153
2.66 2.9124178722
2.68 2.81025906978
2.7 2.70305873871
2.72 2.59148686348
2.74 2.47609768371
2.76 2.35733361874
2.78 2.23553439071
2.8 2.11095033446
2.82 1.98375881995
2.84 1.85408271307
2.86 1.72200984692
2.88 1.5876125538
2.9 1.45096640859
2.92 1.31216744792
2.94 1.17134725364
2.96 1.02868542024
2.98 0.884419062827
3.0 0.738849163315
3.02 0.59234369612
3.04 0.445337615369
3.06 0.29832992059
3.08 0.151878138693
3.1 0.00659066160112
3.12 -0.136882546332
3.14 -0.277860313262
3.16 -0.415641129913
3.18 -0.549513982693
3.2 -0.678768664557
3.22 -0.802705162108
3.24 -0.920641820357
3.26 -1.03192210149
3.28 -1.13591987181
3.3 -1.23204326511
3.32 -1.31973727431
3.34 -1.39848531216
3.36 -1.46781005257
3.38 -1.52727391445
3.4 -1.57647957921
3.42 -1.61507093868
3.44 -1.64273485194
3.46 -1.6592040458
3.48 -1.66426142213
3.5 -1.6577459361
3.52 -1.63956008209
3.54 -1.60967887043
3.56 -1.5681600046
3.58 -1.51515478265
3.6 -1.45091906315
3.62 -1.3758234727
3.64 -1.29036190976
3.66 -1.19515734283
3.68 -1.09096392811
3.7 -0.978664600902
3.72 -0.859263525837
3.74 -0.733873117672
3.76 -0.603695737427
3.78 -0.470000590751
3.8 -0.334096756058
3.82 -0.197303600452
3.84 -0.0609200587727
3.86 0.0738056693034
3.88 0.20570451264
3.9 0.33371171017
3.92 0.456887759176
3.94 0.574434438574
3.96 0.685705550671
3.98 0.790212330578
4.0 0.887623725547
4.02 0.97776193817
4.04 1.06059375986
4.06 1.13621830403
4.08 1.2048517953
4.1 1.26681009296
4.12 1.3224896348
4.14 1.37234748451
4.16 1.41688115556
4.18 1.45660886493
4.2 1.49205083835
4.22 1.52371224214
4.24 1.55206825113
4.26 1.57755167637
4.28 1.60054346812
4.3 1.62136628146
4.32 1.64028114619
4.34 1.65748712575
4.36 1.67312369081
4.38 1.68727538212
4.4 1.69997820699
4.42 1.71122711682
4.44 1.72098386079
4.46 1.72918451167
4.48 1.73574601678
4.5 1.74057124029
4.52 1.7435521226
4.54 1.74457077746
4.56 1.74349855906
4.58 1.74019334095
4.6 1.73449543714
4.62 1.7262227457
4.64 1.71516579467
4.66 1.70108341103
4.68 1.68369971464
4.7 1.6627030636
4.72 1.63774745306
4.74 1.60845670673
4.76 1.57443161208
4.78 1.53525994823
4.8 1.49052915424
4.82 1.4398411966
4.84 1.38282902961
4.86 1.3191739132
4.88 1.24862276805
4.9 1.17100471581
4.92 1.08624597743
4.94 0.994382384919
4.96 0.895568895764
4.98 0.790085673048
5.0 0.67834049066
5.02 0.560867420718
5.04 0.43832193806
5.06 0.311472717324
5.08 0.181190491773
5.1 0.0484343914394
5.12 -0.0857638086
5.14 -0.220317101366
5.16 -0.354101893428
5.18 -0.485977435071
5.2 -0.614805546375
5.22 -0.739470094966
5.24 -0.858895629414
5.26 -0.972064546191
5.28 -1.07803218984
5.3 -1.17593936561
5.32 -1.26502188291
5.34 -1.34461693262
5.36 -1.41416630954
5.38 -1.47321669834
5.4 -1.52141742007
5.42 -1.55851616962
5.44 -1.58435334907
5.46 -1.59885561701
5.48 -1.60202923231
5.5 -1.59395368347
5.52 -1.57477597529
5.54 -1.54470580446
5.56 -1.5040117121
5.58 -1.45301816233
5.6 -1.39210337412
5.62 -1.32169763621
5.64 -1.24228176628
5.66 -1.1543853413
5.68 -1.05858432515
5.7 -0.955497753192
5.72 -0.845783197095
5.74 -0.730130822447
5.76 -0.609255959451
5.78 -0.483890225335
5.8 -0.354771357051
5.82 -0.22263202575
5.84 -0.0881880025781
5.86 0.0478738784105
5.88 0.184907463835
5.9 0.322318212985
5.92 0.45957280641
5.94 0.596206952516
5.96 0.731830969109
5.98 0.866132790907
6.0 0.998878140696
6.02 1.12990769669
6.04 1.25913118749
6.06 1.38651844538
6.08 1.51208754809
6.1 1.63589027698
6.12 1.75799521829
6.14 1.87846893397
6.16 1.99735573257
6.18 2.11465667804
6.2 2.23030858557
6.22 2.344163863
6.24 2.45597215799
6.26 2.56536485221
6.28 2.67184348847
6.3 2.77477320678
6.32 2.87338217959
6.34 2.96676785719
6.36 3.05391054891
6.38 3.13369447211
6.4 3.20493591279
6.42 3.26641758906
6.44 3.31692774124
6.46 3.35530195374
6.48 3.38046531522
6.5 3.39147231157
6.52 3.38754187343
6.54 3.36808528654
6.56 3.33272520705
6.58 3.28130475209
6.6 3.2138864753
6.62 3.13074188485
6.64 3.03233291424
6.66 2.91928732579
6.68 2.79237035524
6.7 2.6524549736
6.72 2.50049296568
6.74 2.33748865135
6.76 2.16447657363
6.78 1.98250391709
6.8 1.79261787375
6.82 1.59585769052
6.84 1.39325075506
6.86 1.18581181909
6.88 0.97454432551
6.9 0.760442786901
6.92 0.544495237524
6.94 0.327684930471
6.96 0.110990646264
6.98 -0.104614797705
7.0 -0.318168022443
7.02 -0.528720516449
7.04 -0.735345799886
7.06 -0.937147948863
7.08 -1.13327099179
7.1 -1.32290861939
7.12 -1.50531362272
7.14 -1.6798064885
7.16 -1.84578263032
7.18 -2.00271781532
7.2 -2.15017144765
7.22 -2.28778748876
7.24 -2.41529291891
7.26 -2.53249377072
7.28 -2.63926888569
7.3 -2.73556165319
7.32 -2.82137008715
7.34 -2.89673567031
7.36 -2.96173145325
7.38 -3.01644992861
7.4 -3.06099121367
7.42 -3.09545206341
7.44 -3.11991620439
7.46 -3.13444642699
7.48 -3.13907880115
7.5 -3.13381929378
7.52 -3.1186429631
7.54 -3.09349579455
7.56 -3.05829912563
7.58 -3.01295648877
7.6 -2.95736258788
7.62 -2.89141401916
7.64 -2.81502125684
7.66 -2.72812135326
7.68 -2.63069075599
7.7 -2.52275762474
7.72 -2.40441304148
7.74 -2.27582054988
7.76 -2.13722353318
7.78 -1.98895004348
7.8 -1.83141482408
7.82 -1.66511841454
7.84 -1.49064338911
7.86 -1.30864794175
7.88 -1.11985718741
7.9 -0.925052687036
7.92 -0.725060815422
7.94 -0.520740666287
7.96 -0.312972222167
7.98 -0.102645503638
8.0 0.109348648856
8.02 0.322125615393
8.04 0.534811465423
8.06 0.746544650199
8.08 0.956474931683
8.1 1.16375979772
8.12 1.36755885576
8.14 1.56702693133
8.16 1.76130680438
8.18 1.94952267714
8.2 2.13077555894
8.22 2.30414175592
8.24 2.46867554641
8.26 2.62341689394
8.28 2.76740469681
8.3 2.89969560749
8.32 3.01938790804
8.34 3.12564934564
8.36 3.21774728131
8.38 3.29507905534
8.4 3.35720019686
8.42 3.40384805778
8.44 3.43495866329
8.46 3.45067503545
8.48 3.45134592069
8.5 3.43751465881
8.52 3.40989877288
8.54 3.36936163369
8.56 3.31687816877
8.58 3.25349698127
8.6 3.18030138986
8.62 3.09837180545
8.64 3.00875156153
8.66 2.9124178722
8.68 2.81025906977
8.7 2.70305873872
8.72 2.59148686348
8.74 2.47609768371
8.76 2.35733361874
8.78 2.23553439071
8.8 2.11095033447
8.82 1.98375881994
8.84 1.85408271308
8.86 1.72200984691
8.88 1.5876125538
8.9 1.45096640859
8.92 1.31216744792
8.94 1.17134725363
8.96 1.02868542025
8.98 0.884419062827
9.0 0.738849163311
9.02 0.592343696124
9.04 0.445337615366
9.06 0.298329920593
9.08 0.151878138691
9.1 0.0065906616036
9.12 -0.136882546336
9.14 -0.277860313258
9.16 -0.415641129913
9.18 -0.549513982694
9.2 -0.678768664557
9.22 -0.80270516211
9.24 -0.920641820352
9.26 -1.03192210149
9.28 -1.13591987181
9.3 -1.23204326511
9.32 -1.31973727431
9.34 -1.39848531216
9.36 -1.46781005257
9.38 -1.52727391445
9.4 -1.57647957921
9.42 -1.61507093868
9.44 -1.64273485194
9.46 -1.6592040458
9.48 -1.66426142213
9.5 -1.6577459361
9.52 -1.63956008209
9.54 -1.60967887044
9.56 -1.5681600046
9.58 -1.51515478266
9.6 -1.45091906315
9.62 -1.37582347269
9.64 -1.29036190976
9.66 -1.19515734283
9.68 -1.09096392812
9.7 -0.978664600894
9.72 -0.859263525844
9.74 -0.733873117669
9.76 -0.603695737433
9.78 -0.470000590746
9.8 -0.334096756056
9.82 -0.197303600455
9.84 -0.0609200587732
9.86 0.0738056693049
9.88 0.205704512642
9.9 0.333711710166
9.92 0.456887759177
9.94 0.574434438574
9.96 0.685705550672
9.98 0.790212330576
10.0 0.887623725545
10.02 0.977761938175
10.04 1.06059375985
10.06 1.13621830404
10.08 1.2048517953
10.1 1.26681009296
10.12 1.3224896348
10.14 1.37234748451
10.16 1.41688115556
10.18 1.45660886493
10.2 1.49205083835
10.22 1.52371224214
10.24 1.55206825113
10.26 1.57755167638
10.28 1.60054346812
10.3 1.62136628146
10.32 1.6402811462
10.34 1.65748712575
10.36 1.67312369081
10.38 1.68727538211
10.4 1.69997820699
10.42 1.71122711681
10.44 1.72098386079
10.46 1.72918451167
10.48 1.73574601678
10.5 1.74057124029
10.52 1.7435521226
10.54 1.74457077746
10.56 1.74349855906
10.58 1.74019334095
10.6 1.73449543714
10.62 1.7262227457
10.64 1.71516579467
10.66 1.70108341103
10.68 1.68369971464
10.7 1.66270306361
10.72 1.63774745305
10.74 1.60845670673
10.76 1.57443161208
10.78 1.53525994823
10.8 1.49052915424
10.82 1.4398411966
10.84 1.38282902961
10.86 1.31917391319
10.88 1.24862276805
10.9 1.17100471581
10.92 1.08624597743
10.94 0.994382384915
10.96 0.895568895767
10.98 0.790085673044
11.0 0.678340490666
11.02 0.560867420712
11.04 0.438321938066
11.06 0.311472717323
11.08 0.181190491771
11.1 0.0484343914428
11.12 -0.0857638086039
11.14 -0.220317101363
11.16 -0.354101893429
11.18 -0.485977435071
11.2 -0.614805546376
11.22 -0.739470094965
11.24 -0.858895629416
11.26 -0.972064546188
11.28 -1.07803218984
11.3 -1.17593936561
11.32 -1.26502188291
11.34 -1.34461693263
11.36 -1.41416630953
11.38 -1.47321669834
11.4 -1.52141742007
11.42 -1.55851616962
11.44 -1.58435334906
11.46 -1.59885561702
11.48 -1.6020292323
11.5 -1.59395368347
11.52 -1.57477597529
11.54 -1.54470580446
11.56 -1.5040117121
11.58 -1.45301816233
11.6 -1.39210337412
11.62 -1.32169763621
11.64 -1.24228176628
11.66 -1.15438534131
11.68 -1.05858432515
11.7 -0.955497753193
11.72 -0.845783197095
11.74 -0.730130822447
11.76 -0.609255959452
11.78 -0.483890225334
11.8 -0.35477135705
11.82 -0.222632025749
11.84 -0.0881880025822
11.86 0.0478738784127
11.88 0.184907463835
11.9 0.322318212987
11.92 0.459572806408
11.94 0.596206952515
11.96 0.731830969111
11.98 0.866132790907
12.0 0.998878140696
12.02 1.12990769669
12.04 1.25913118749
12.06 1.38651844538
12.08 1.51208754809
12.1 1.63589027698
12.12 1.75799521829
12.14 1.87846893397
12.16 1.99735573257
12.18 2.11465667804
12.2 2.23030858557
12.22 2.344163863
12.24 2.45597215799
12.26 2.56536485221
12.28 2.67184348847
12.3 2.77477320678
12.32 2.87338217958
12.34 2.96676785719
12.36 3.05391054891
12.38 3.13369447211
12.4 3.20493591279
12.42 3.26641758906
12.44 3.31692774124
12.46 3.35530195375
12.48 3.38046531522
12.5 3.39147231157
12.52 3.38754187343
12.54 3.36808528654
12.56 3.33272520705
12.58 3.28130475209
12.6 3.2138864753
12.62 3.13074188484
12.64 3.03233291425
12.66 2.91928732579
12.68 2.79237035524
12.7 2.6524549736
12.72 2.50049296568
12.74 2.33748865135
12.76 2.16447657363
12.78 1.9825039171
12.8 1.79261787374
12.82 1.59585769052
12.84 1.39325075506
12.86 1.18581181909
12.88 0.974544325511
12.9 0.7604427869
12.92 0.544495237523
12.94 0.327684930472
12.96 0.110990646265
12.98 -0.104614797707
13.0 -0.318168022444
13.02 -0.52872051644
13.04 -0.7353457999
13.06 -0.937147948856
13.08 -1.1332709918
13.1 -1.32290861938
13.12 -1.50531362274
13.14 -1.6798064885
13.16 -1.84578263032
13.18 -2.00271781531
13.2 -2.15017144766
13.22 -2.28778748876
13.24 -2.4152929189
13.26 -2.53249377074
13.28 -2.63926888569
13.3 -2.73556165319
13.32 -2.82137008714
13.34 -2.89673567032
13.36 -2.96173145325
13.38 -3.01644992861
13.4 -3.06099121367
13.42 -3.09545206341
13.44 -3.1199162044
13.46 -3.13444642699
13.48 -3.13907880116
13.5 -3.13381929378
13.52 -3.11864296309
13.54 -3.09349579455
13.56 -3.05829912563
13.58 -3.01295648877
13.6 -2.95736258788
13.62 -2.89141401917
13.64 -2.81502125683
13.66 -2.72812135326
13.68 -2.630690756
13.7 -2.52275762473
13.72 -2.40441304148
13.74 -2.27582054988
13.76 -2.13722353318
13.78 -1.98895004348
13.8 -1.83141482408
13.82 -1.66511841455
13.84 -1.4906433891
13.86 -1.30864794174
13.88 -1.11985718741
13.9 -0.925052687045
13.92 -0.725060815413
13.94 -0.520740666288
13.96 -0.312972222165
13.98 -0.102645503649
14.0 0.109348648867
14.02 0.322125615393
14.04 0.534811465417
14.06 0.7465446502
14.08 0.95647493169
14.1 1.16375979772
14.12 1.36755885575
14.14 1.56702693134
14.16 1.76130680438
14.18 1.94952267714
14.2 2.13077555894
14.22 2.30414175593
14.24 2.46867554641
14.26 2.62341689393
14.28 2.76740469681
14.3 2.89969560749
14.32 3.01938790804
14.34 3.12564934563
14.36 3.21774728131
14.38 3.29507905534
14.4 3.35720019686
14.42 3.40384805778
14.44 3.43495866329
14.46 3.45067503545
14.48 3.45134592069
14.5 3.43751465881
14.52 3.40989877288
14.54 3.36936163369
14.56 3.31687816877
14.58 3.25349698127
14.6 3.18030138986
14.62 3.09837180545
14.64 3.00875156154
14.66 2.9124178722
14.68 2.81025906977
14.7 2.70305873872
14.72 2.59148686347
14.74 2.47609768371
14.76 2.35733361874
14.78 2.23553439071
14.8 2.11095033446
14.82 1.98375881995
14.84 1.85408271308
14.86 1.72200984692
14.88 1.58761255379
14.9 1.4509664086
14.92 1.31216744791
14.94 1.17134725363
14.96 1.02868542025
14.98 0.88441906283
15.0 0.738849163317
15.02 0.592343696114
15.04 0.445337615371
15.06 0.298329920593
15.08 0.151878138693
15.1 0.00659066159975
15.12 -0.136882546332
15.14 -0.277860313259
15.16 -0.415641129917
15.18 -0.549513982691
15.2 -0.678768664556
15.22 -0.802705162109
15.24 -0.920641820358
15.26 -1.03192210148
15.28 -1.13591987181
15.3 -1.23204326511
15.32 -1.31973727431
15.34 -1.39848531216
15.36 -1.46781005258
15.38 -1.52727391445
15.4 -1.57647957921
15.42 -1.61507093868
15.44 -1.64273485194
15.46 -1.6592040458
15.48 -1.66426142213
15.5 -1.6577459361
15.52 -1.63956008209
15.54 -1.60967887043
15.56 -1.56816000461
15.58 -1.51515478265
15.6 -1.45091906315
15.62 -1.37582347269
15.64 -1.29036190976
15.66 -1.19515734283
15.68 -1.09096392811
15.7 -0.978664600902
15.72 -0.859263525838
15.74 -0.733873117673
15.76 -0.603695737427
15.78 -0.470000590752
15.8 -0.334096756056
15.82 -0.197303600452
15.84 -0.0609200587747
15.86 0.073805669306
15.88 0.205704512637
15.9 0.333711710173
15.92 0.456887759174
15.94 0.574434438574
15.96 0.685705550671
15.98 0.790212330576
16.0 0.887623725549
16.02 0.977761938168
16.04 1.06059375986
16.06 1.13621830403
16.08 1.2048517953
16.1 1.26681009296
16.12 1.3224896348
16.14 1.3723474845
16.16 1.41688115556
16.18 1.45660886492
16.2 1.49205083835
16.22 1.52371224214
16.24 1.55206825113
16.26 1.57755167638
16.28 1.60054346812
16.3 1.62136628146
16.32 1.64028114619
16.34 1.65748712575
16.36 1.67312369081
16.38 1.68727538212
16.4 1.69997820699
16.42 1.71122711681
16.44 1.72098386079
16.46 1.72918451167
16.48 1.73574601678
16.5 1.74057124029
16.52 1.7435521226
16.54 1.74457077747
16.56 1.74349855906
16.58 1.74019334095
16.6 1.73449543714
16.62 1.7262227457
16.64 1.71516579467
16.66 1.70108341103
16.68 1.68369971464
16.7 1.6627030636
16.72 1.63774745305
16.74 1.60845670673
16.76 1.57443161208
16.78 1.53525994823
16.8 1.49052915424
16.82 1.4398411966
16.84 1.3828290296
16.86 1.3191739132
16.88 1.24862276805
16.9 1.17100471581
16.92 1.08624597743
16.94 0.994382384915
16.96 0.895568895765
16.98 0.79008567305
17.0 0.678340490661
17.02 0.560867420715
17.04 0.438321938064
17.06 0.311472717323
17.08 0.181190491771
17.1 0.0484343914411
17.12 -0.085763808602
17.14 -0.220317101363
17.16 -0.354101893431
17.18 -0.48597743507
17.2 -0.614805546373
17.22 -0.739470094969
17.24 -0.858895629413
17.26 -0.972064546188
17.28 -1.07803218984
17.3 -1.17593936561
17.32 -1.26502188291
17.34 -1.34461693262
17.36 -1.41416630954
17.38 -1.47321669833
17.4 -1.52141742007
17.42 -1.55851616962
17.44 -1.58435334907
17.46 -1.59885561701
17.48 -1.6020292323
17.5 -1.59395368347
17.52 -1.57477597529
17.54 -1.54470580445
17.56 -1.5040117121
17.58 -1.45301816233
17.6 -1.39210337412
17.62 -1.32169763621
17.64 -1.24228176628
17.66 -1.1543853413
17.68 -1.05858432515
17.7 -0.955497753193
17.72 -0.845783197096
17.74 -0.730130822445
17.76 -0.609255959451
17.78 -0.483890225339
17.8 -0.354771357045
17.82 -0.222632025751
17.84 -0.0881880025773
17.86 0.0478738784045
17.88 0.184907463841
17.9 0.322318212984
17.92 0.459572806408
17.94 0.596206952516
17.96 0.731830969114
17.98 0.866132790906
18.0 0.998878140687
18.02 1.1299076967
18.04 1.25913118749
18.06 1.38651844538
18.08 1.51208754808
18.1 1.63589027699
18.12 1.75799521829
18.14 1.87846893397
18.16 1.99735573257
18.18 2.11465667804
18.2 2.23030858557
18.22 2.34416386299
18.24 2.45597215799
18.26 2.56536485221
18.28 2.67184348847
18.3 2.77477320677
18.32 2.87338217959
18.34 2.96676785719
18.36 3.05391054891
18.38 3.13369447212
18.4 3.20493591279
18.42 3.26641758906
18.44 3.31692774124
18.46 3.35530195374
18.48 3.38046531522
18.5 3.39147231157
18.52 3.38754187343
18.54 3.36808528654
18.56 3.33272520705
18.58 3.2813047521
18.6 3.2138864753
18.62 3.13074188485
18.64 3.03233291424
18.66 2.9192873258
18.68 2.79237035523
18.7 2.6524549736
18.72 2.50049296567
18.74 2.33748865137
18.76 2.16447657362
18.78 1.9825039171
18.8 1.79261787376
18.82 1.5958576905
18.84 1.39325075507
18.86 1.18581181908
18.88 0.97454432553
18.9 0.760442786884
18.92 0.544495237529
18.94 0.327684930463
18.96 0.110990646285
18.98 -0.104614797725
19.0 -0.318168022441
19.02 -0.528720516436
19.04 -0.735345799901
19.06 -0.937147948859
19.08 -1.13327099179
19.1 -1.32290861938
19.12 -1.50531362274
19.14 -1.6798064885
19.16 -1.84578263032
19.18 -2.00271781531
19.2 -2.15017144766
19.22 -2.28778748876
19.24 -2.41529291889
19.26 -2.53249377074
19.28 -2.63926888569
19.3 -2.73556165319
19.32 -2.82137008714
19.34 -2.89673567032
19.36 -2.96173145325
19.38 -3.01644992861
19.4 -3.06099121368
19.42 -3.0954520634
19.44 -3.1199162044
19.46 -3.13444642699
19.48 -3.13907880116
19.5 -3.13381929378
19.52 -3.11864296309
19.54 -3.09349579455
19.56 -3.05829912562
19.58 -3.01295648877
19.6 -2.95736258789
19.62 -2.89141401916
19.64 -2.81502125684
19.66 -2.72812135326
19.68 -2.630690756
19.7 -2.52275762472
19.72 -2.40441304148
19.74 -2.27582054988
19.76 -2.13722353318
19.78 -1.98895004348
19.8 -1.83141482409
19.82 -1.66511841456
19.84 -1.49064338909
19.86 -1.30864794175
19.88 -1.11985718741
19.9 -0.925052687049
19.92 -0.725060815412
19.94 -0.520740666286
19.96 -0.312972222168
19.98 -0.102645503649
20.0 0.109348648868
20.02 0.32212561539
20.04 0.534811465414
20.06 0.74654465021
20.08 0.956474931685
20.1 1.16375979772
20.12 1.36755885575
20.14 1.56702693134
20.16 1.76130680438
20.18 1.94952267714
20.2 2.13077555893
20.22 2.30414175593
20.24 2.46867554641
20.26 2.62341689393
20.28 2.76740469681
20.3 2.89969560749
20.32 3.01938790805
20.34 3.12564934563
20.36 3.21774728131
20.38 3.29507905535
20.4 3.35720019686
20.42 3.40384805778
20.44 3.43495866329
20.46 3.45067503545
20.48 3.45134592069
20.5 3.43751465881
20.52 3.40989877288
20.54 3.36936163369
20.56 3.31687816877
20.58 3.25349698127
20.6 3.18030138987
20.62 3.09837180544
20.64 3.00875156154
20.66 2.91241787219
20.68 2.81025906978
20.7 2.70305873871
20.72 2.59148686348
20.74 2.47609768371
20.76 2.35733361875
20.78 2.23553439071
20.8 2.11095033446
20.82 1.98375881994
20.84 1.85408271308
20.86 1.72200984692
20.88 1.5876125538
20.9 1.45096640858
20.92 1.31216744793
20.94 1.17134725363
20.96 1.02868542025
20.98 0.884419062817
21.0 0.738849163332
21.02 0.592343696104
21.04 0.445337615378
21.06 0.298329920585
21.08 0.151878138703
21.1 0.00659066159178
21.12 -0.136882546331
21.14 -0.277860313259
21.16 -0.415641129914
21.18 -0.549513982697
21.2 -0.678768664552
21.22 -0.80270516211
21.24 -0.920641820355
21.26 -1.03192210149
21.28 -1.13591987181
21.3 -1.23204326511
21.32 -1.31973727431
21.34 -1.39848531217
21.36 -1.46781005257
21.38 -1.52727391445
21.4 -1.57647957921
21.42 -1.61507093868
21.44 -1.64273485194
21.46 -1.6592040458
21.48 -1.66426142213
21.5 -1.6577459361
21.52 -1.63956008209
21.54 -1.60967887042
21.56 -1.56816000461
21.58 -1.51515478265
21.6 -1.45091906315
21.62 -1.37582347269
21.64 -1.29036190977
21.66 -1.19515734283
21.68 -1.09096392812
21.7 -0.97866460089
21.72 -0.859263525852
21.74 -0.733873117661
21.76 -0.603695737434
21.78 -0.470000590743
21.8 -0.334096756066
21.82 -0.197303600446
21.84 -0.0609200587775
21.86 0.0738056693078
21.88 0.205704512633
21.9 0.333711710178
21.92 0.456887759169
21.94 0.574434438577
21.96 0.68570555067
21.98 0.790212330583
22.0 0.887623725542
22.02 0.97776193817
22.04 1.06059375986
22.06 1.13621830404
22.08 1.2048517953
22.1 1.26681009296
22.12 1.3224896348
22.14 1.37234748451
22.16 1.41688115555
22.18 1.45660886493
22.2 1.49205083835
22.22 1.52371224215
22.24 1.55206825113
22.26 1.57755167638
22.28 1.60054346812
22.3 1.62136628146
22.32 1.64028114619
22.34 1.65748712576
22.36 1.6731236908
22.38 1.68727538212
22.4 1.69997820699
22.42 1.71122711682
22.44 1.72098386079
22.46 1.72918451167
22.48 1.73574601678
22.5 1.74057124029
22.52 1.7435521226
22.54 1.74457077746
22.56 1.74349855906
22.58 1.74019334095
22.6 1.73449543715
22.62 1.72622274569
22.64 1.71516579467
22.66 1.70108341102
22.68 1.68369971464
22.7 1.66270306359
22.72 1.63774745306
22.74 1.60845670672
22.76 1.57443161209
22.78 1.53525994822
22.8 1.49052915425
22.82 1.4398411966
22.84 1.38282902961
22.86 1.31917391319
22.88 1.24862276806
22.9 1.17100471581
22.92 1.08624597743
22.94 0.994382384913
22.96 0.895568895769
22.98 0.790085673049
23.0 0.678340490659
23.02 0.560867420713
23.04 0.438321938074
23.06 0.311472717309
23.08 0.18119049178
23.1 0.0484343914358
23.12 -0.0857638085932
23.14 -0.220317101374
23.16 -0.354101893424
23.18 -0.485977435075
23.2 -0.614805546366
23.22 -0.739470094977
23.24 -0.858895629409
23.26 -0.972064546189
23.28 -1.07803218984
23.3 -1.17593936561
23.32 -1.26502188291
23.34 -1.34461693262
23.36 -1.41416630954
23.38 -1.47321669833
23.4 -1.52141742007
23.42 -1.55851616962
23.44 -1.58435334907
23.46 -1.59885561701
23.48 -1.6020292323
23.5 -1.59395368348
23.52 -1.57477597529
23.54 -1.54470580446
23.56 -1.5040117121
23.58 -1.45301816232
23.6 -1.39210337413
23.62 -1.32169763621
23.64 -1.24228176628
23.66 -1.1543853413
23.68 -1.05858432515
23.7 -0.955497753194
23.72 -0.845783197091
23.74 -0.730130822445
23.76 -0.609255959456
23.78 -0.483890225334
23.8 -0.35477135705
23.82 -0.222632025746
23.84 -0.0881880025833
23.86 0.0478738784082
23.88 0.184907463839
23.9 0.322318212988
23.92 0.459572806399
23.94 0.59620695253
23.96 0.731830969101
23.98 0.866132790909
24.0 0.998878140694
24.02 1.1299076967
24.04 1.25913118748
24.06 1.38651844538
24.08 1.51208754808
24.1 1.63589027699
24.12 1.75799521828
24.14 1.87846893397
24.16 1.99735573257
24.18 2.11465667804
24.2 2.23030858557
24.22 2.344163863
24.24 2.45597215799
24.26 2.56536485221
24.28 2.67184348846
24.3 2.77477320678
24.32 2.87338217959
24.34 2.96676785719
24.36 3.05391054891
24.38 3.13369447211
24.4 3.20493591279
24.42 3.26641758906
24.44 3.31692774124
24.46 3.35530195374
24.48 3.38046531522
24.5 3.39147231157
24.52 3.38754187343
24.54 3.36808528654
24.56 3.33272520706
24.58 3.2813047521
24.6 3.2138864753
24.62 3.13074188484
24.64 3.03233291425
24.66 2.91928732579
24.68 2.79237035524
24.7 2.6524549736
24.72 2.50049296567
24.74 2.33748865134
24.76 2.16447657364
24.78 1.9825039171
24.8 1.79261787375
24.82 1.5958576905
24.84 1.39325075508
24.86 1.18581181908
24.88 0.974544325518
24.9 0.760442786884
24.92 0.54449523754
24.94 0.327684930464
24.96 0.110990646273
24.98 -0.104614797725
25.0 -0.318168022429
25.02 -0.528720516448
25.04 -0.73534579989
25.06 -0.937147948856
25.08 -1.13327099181
25.1 -1.32290861938
25.12 -1.50531362273
25.14 -1.6798064885
25.16 -1.84578263032
25.18 -2.00271781533
25.2 -2.15017144764
25.22 -2.28778748876
25.24 -2.4152929189
25.26 -2.53249377074
25.28 -2.63926888568
25.3 -2.73556165319
25.32 -2.82137008715
25.34 -2.89673567032
25.36 -2.96173145324
25.38 -3.01644992862
25.4 -3.06099121367
25.42 -3.0954520634
25.44 -3.1199162044
25.46 -3.13444642699
25.48 -3.13907880116
25.5 -3.13381929378
25.52 -3.11864296309
25.54 -3.09349579455
25.56 -3.05829912563
25.58 -3.01295648877
25.6 -2.95736258788
25.62 -2.89141401916
25.64 -2.81502125684
25.66 -2.72812135326
25.68 -2.63069075599
25.7 -2.52275762472
25.72 -2.40441304149
25.74 -2.27582054988
25.76 -2.13722353318
25.78 -1.98895004348
25.8 -1.83141482407
25.82 -1.66511841456
25.84 -1.4906433891
25.86 -1.30864794175
25.88 -1.1198571874
25.9 -0.925052687048
25.92 -0.725060815421
25.94 -0.520740666289
25.96 -0.312972222152
25.98 -0.102645503651
26.0 0.109348648855
26.02 0.322125615393
26.04 0.534811465436
26.06 0.746544650188
26.08 0.956474931673
26.1 1.16375979775
26.12 1.36755885575
26.14 1.56702693134
26.16 1.76130680437
26.18 1.94952267714
26.2 2.13077555895
26.22 2.3041417559
26.24 2.46867554642
26.26 2.62341689395
26.28 2.76740469679
26.3 2.89969560749
26.32 3.01938790805
26.34 3.12564934563
26.36 3.21774728131
26.38 3.29507905533
26.4 3.35720019687
26.42 3.40384805779
26.44 3.43495866329
26.46 3.45067503545
26.48 3.45134592069
26.5 3.43751465882
26.52 3.40989877288
26.54 3.36936163369
26.56 3.31687816877
26.58 3.25349698127
26.6 3.18030138987
26.62 3.09837180545
26.64 3.00875156153
26.66 2.91241787221
26.68 2.81025906977
26.7 2.70305873871
26.72 2.59148686349
26.74 2.47609768372
26.76 2.35733361873
26.78 2.23553439072
26.8 2.11095033446
26.82 1.98375881996
26.84 1.85408271307
26.86 1.72200984691
26.88 1.58761255381
26.9 1.45096640859
26.92 1.31216744791
26.94 1.17134725365
26.96 1.02868542024
26.98 0.884419062818
27.0 0.738849163322
27.02 0.592343696112
27.04 0.445337615378
27.06 0.298329920588
27.08 0.151878138688
27.1 0.00659066161273
27.12 -0.136882546338
27.14 -0.277860313268
27.16 -0.415641129907
27.18 -0.549513982694
27.2 -0.678768664562
27.22 -0.802705162101
27.24 -0.920641820364
27.26 -1.03192210148
27.28 -1.13591987181
27.3 -1.23204326511
27.32 -1.31973727431
27.34 -1.39848531217
27.36 -1.46781005257
27.38 -1.52727391445
27.4 -1.57647957921
27.42 -1.61507093868
27.44 -1.64273485194
27.46 -1.6592040458
27.48 -1.66426142213
27.5 -1.6577459361
27.52 -1.63956008209
27.54 -1.60967887044
27.56 -1.5681600046
27.58 -1.51515478265
27.6 -1.45091906316
27.62 -1.37582347269
27.64 -1.29036190976
27.66 -1.19515734284
27.68 -1.09096392811
27.7 -0.978664600905
27.72 -0.859263525837
27.74 -0.733873117668
27.76 -0.603695737432
27.78 -0.47000059075
27.8 -0.334096756051
27.82 -0.197303600465
27.84 -0.0609200587687
27.86 0.0738056693116
27.88 0.205704512633
27.9 0.333711710175
27.92 0.456887759172
27.94 0.574434438567
27.96 0.685705550687
27.98 0.790212330563
28.0 0.887623725551
28.02 0.977761938179
28.04 1.06059375985
28.06 1.13621830403
28.08 1.2048517953
28.1 1.26681009295
28.12 1.32248963481
28.14 1.3723474845
28.16 1.41688115556
28.18 1.45660886493
28.2 1.49205083835
28.22 1.52371224214
28.24 1.55206825114
28.26 1.57755167637
28.28 1.60054346812
28.3 1.62136628147
28.32 1.64028114619
28.34 1.65748712575
28.36 1.67312369081
28.38 1.68727538211
28.4 1.69997820699
28.42 1.71122711681
28.44 1.72098386079
28.46 1.72918451167
28.48 1.73574601678
28.5 1.74057124029
28.52 1.7435521226
28.54 1.74457077747
28.56 1.74349855906
28.58 1.74019334095
28.6 1.73449543714
28.62 1.7262227457
28.64 1.71516579467
28.66 1.70108341103
28.68 1.68369971463
28.7 1.66270306361
28.72 1.63774745305
28.74 1.60845670672
28.76 1.57443161209
28.78 1.53525994823
28.8 1.49052915424
28.82 1.43984119661
28.84 1.3828290296
28.86 1.3191739132
28.88 1.24862276805
28.9 1.1710047158
28.92 1.08624597744
28.94 0.994382384917
28.96 0.895568895759
28.98 0.790085673057
29.0 0.678340490658
29.02 0.560867420711
29.04 0.438321938066
29.06 0.311472717319
29.08 0.181190491776
29.1 0.0484343914478
29.12 -0.0857638086101
29.14 -0.220317101364
29.16 -0.354101893425
29.18 -0.485977435076
29.2 -0.614805546372
29.22 -0.739470094967
29.24 -0.858895629416
29.26 -0.972064546183
29.28 -1.07803218985
29.3 -1.1759393656
29.32 -1.26502188291
29.34 -1.34461693263
29.36 -1.41416630953
29.38 -1.47321669833
29.4 -1.52141742008
29.42 -1.55851616961
29.44 -1.58435334907
29.46 -1.59885561701
29.48 -1.6020292323
29.5 -1.59395368348
29.52 -1.57477597529
29.54 -1.54470580446
29.56 -1.5040117121
29.58 -1.45301816233
29.6 -1.39210337413
29.62 -1.32169763621
29.64 -1.24228176628
29.66 -1.15438534131
29.68 -1.05858432515
29.7 -0.955497753195
29.72 -0.845783197089
29.74 -0.73013082245
29.76 -0.609255959452
29.78 -0.483890225331
29.8 -0.354771357055
29.82 -0.222632025754
29.84 -0.0881880025687
29.86 0.0478738784041
29.88 0.184907463836
29.9 0.322318212991
29.92 0.459572806404
29.94 0.596206952521
29.96 0.731830969103
29.98 0.866132790901
30.0 0.99887814071
30.02 1.12990769668
30.04 1.25913118749
30.06 1.38651844539
30.08 1.51208754808
30.1 1.63589027697
30.12 1.75799521831
30.14 1.87846893395
30.16 1.99735573258
30.18 2.11465667803
30.2 2.23030858557
30.22 2.344163863
30.24 2.45597215798
30.26 2.5653648522
30.28 2.67184348848
30.3 2.77477320677
30.32 2.87338217959
30.34 2.96676785719
30.36 3.05391054891
30.38 3.13369447211
30.4 3.20493591279
30.42 3.26641758906
30.44 3.31692774124
30.46 3.35530195374
30.48 3.38046531523
30.5 3.39147231157
30.52 3.38754187343
30.54 3.36808528655
30.56 3.33272520704
30.58 3.2813047521
30.6 3.21388647529
30.62 3.13074188486
30.64 3.03233291424
30.66 2.91928732578
30.68 2.79237035524
30.7 2.65245497361
30.72 2.50049296565
30.74 2.33748865137
30.76 2.16447657362
30.78 1.98250391709
30.8 1.79261787376
30.82 1.5958576905
30.84 1.39325075508
30.86 1.1858118191
30.88 0.974544325494
30.9 0.760442786907
30.92 0.54449523753
30.94 0.327684930451
30.96 0.110990646284
30.98 -0.104614797702
31.0 -0.318168022462
31.02 -0.528720516437
31.04 -0.7353457999
31.06 -0.937147948847
31.08 -1.13327099179
31.1 -1.3229086194
31.12 -1.50531362272
31.14 -1.67980648849
31.16 -1.84578263034
31.18 -2.00271781531
31.2 -2.15017144765
31.22 -2.28778748877
31.24 -2.4152929189
31.26 -2.53249377073
31.28 -2.63926888567
31.3 -2.7355616532
31.32 -2.82137008715
31.34 -2.89673567031
31.36 -2.96173145325
31.38 -3.01644992861
31.4 -3.06099121367
31.42 -3.0954520634
31.44 -3.1199162044
31.46 -3.13444642699
31.48 -3.13907880116
31.5 -3.13381929378
31.52 -3.1186429631
31.54 -3.09349579454
31.56 -3.05829912564
31.58 -3.01295648877
31.6 -2.95736258787
31.62 -2.89141401917
31.64 -2.81502125684
31.66 -2.72812135325
31.68 -2.630690756
31.7 -2.52275762472
31.72 -2.4044130415
31.74 -2.27582054988
31.76 -2.13722353317
31.78 -1.98895004349
31.8 -1.83141482409
31.82 -1.66511841453
31.84 -1.49064338911
31.86 -1.30864794176
31.88 -1.11985718739
31.9 -0.925052687051
31.92 -0.725060815411
31.94 -0.520740666298
31.96 -0.312972222168
31.98 -0.102645503624
32.0 0.10934864883
32.02 0.322125615406
32.04 0.534811465435
32.06 0.746544650188
32.08 0.956474931683
32.1 1.16375979774
32.12 1.36755885575
32.14 1.56702693134
32.16 1.76130680436
32.18 1.94952267716
32.2 2.13077555895
32.22 2.30414175591
32.24 2.46867554641
32.26 2.62341689395
32.28 2.76740469679
32.3 2.89969560748
32.32 3.01938790806
32.34 3.12564934563
32.36 3.21774728131
32.38 3.29507905534
32.4 3.35720019686
32.42 3.40384805778
32.44 3.43495866329
32.46 3.45067503545
32.48 3.45134592069
32.5 3.43751465881
32.52 3.40989877288
32.54 3.36936163369
32.56 3.31687816877
32.58 3.25349698127
32.6 3.18030138987
32.62 3.09837180544
32.64 3.00875156153
32.66 2.9124178722
32.68 2.81025906978
32.7 2.7030587387
32.72 2.5914868635
32.74 2.47609768371
32.76 2.35733361873
32.78 2.23553439072
32.8 2.11095033445
32.82 1.98375881996
32.84 1.85408271307
32.86 1.72200984691
32.88 1.58761255381
32.9 1.45096640858
32.92 1.31216744791
32.94 1.17134725364
32.96 1.02868542025
32.98 0.884419062819
33.0 0.738849163324
33.02 0.59234369611
33.04 0.445337615386
33.06 0.298329920582
33.08 0.151878138688
33.1 0.00659066160666
33.12 -0.136882546333
33.14 -0.277860313268
33.16 -0.4156411299
33.18 -0.549513982697
33.2 -0.678768664566
33.22 -0.802705162098
33.24 -0.92064182036
33.26 -1.03192210149
33.28 -1.13591987181
33.3 -1.23204326511
33.32 -1.3197372743
33.34 -1.39848531217
33.36 -1.46781005257
33.38 -1.52727391445
33.4 -1.57647957922
33.42 -1.61507093868
33.44 -1.64273485194
33.46 -1.6592040458
33.48 -1.66426142213
33.5 -1.6577459361
33.52 -1.63956008208
33.54 -1.60967887044
33.56 -1.5681600046
33.58 -1.51515478265
33.6 -1.45091906316
33.62 -1.37582347269
33.64 -1.29036190976
33.66 -1.19515734283
33.68 -1.09096392812
33.7 -0.978664600893
33.72 -0.859263525843
33.74 -0.73387311767
33.76 -0.603695737435
33.78 -0.470000590747
33.8 -0.334096756053
33.82 -0.197303600455
33.84 -0.0609200587775
33.86 0.073805669312
33.88 0.205704512629
33.9 0.333711710175
33.92 0.456887759181
33.94 0.574434438568
33.96 0.685705550677
33.98 0.79021233057
34.0 0.88762372555
34.02 0.977761938174
34.04 1.06059375985
34.06 1.13621830404
34.08 1.20485179531
34.1 1.26681009295
34.12 1.3224896348
34.14 1.37234748451
34.16 1.41688115555
34.18 1.45660886494
34.2 1.49205083834
34.22 1.52371224215
34.24 1.55206825114
34.26 1.57755167637
34.28 1.60054346812
34.3 1.62136628147
34.32 1.64028114619
34.34 1.65748712575
34.36 1.67312369081
34.38 1.68727538211
34.4 1.69997820699
34.42 1.71122711681
34.44 1.72098386079
34.46 1.72918451167
34.48 1.73574601678
34.5 1.74057124029
34.52 1.7435521226
34.54 1.74457077747
34.56 1.74349855906
34.58 1.74019334095
34.6 1.73449543714
34.62 1.72622274569
34.64 1.71516579467
34.66 1.70108341103
34.68 1.68369971463
34.7 1.66270306361
34.72 1.63774745306
34.74 1.60845670672
34.76 1.57443161209
34.78 1.53525994822
34.8 1.49052915424
34.82 1.4398411966
34.84 1.3828290296
34.86 1.3191739132
34.88 1.24862276806
34.9 1.1710047158
34.92 1.08624597744
34.94 0.994382384913
34.96 0.895568895759
34.98 0.790085673052
35.0 0.678340490662
35.02 0.560867420712
35.04 0.438321938073
35.06 0.311472717314
35.08 0.181190491775
35.1 0.0484343914428
35.12 -0.0857638086075
35.14 -0.220317101362
35.16 -0.354101893424
35.18 -0.48597743508
35.2 -0.614805546364
35.22 -0.739470094973
35.24 -0.858895629416
35.26 -0.972064546185
35.28 -1.07803218985
35.3 -1.1759393656
35.32 -1.26502188291
35.34 -1.34461693263
35.36 -1.41416630953
35.38 -1.47321669833
35.4 -1.52141742008
35.42 -1.55851616962
35.44 -1.58435334907
35.46 -1.59885561701
35.48 -1.6020292323
35.5 -1.59395368347
35.52 -1.57477597529
35.54 -1.54470580446
35.56 -1.5040117121
35.58 -1.45301816233
35.6 -1.39210337413
35.62 -1.32169763621
35.64 -1.24228176629
35.66 -1.1543853413
35.68 -1.05858432515
35.7 -0.955497753189
35.72 -0.845783197094
35.74 -0.730130822451
35.76 -0.609255959454
35.78 -0.48389022533
35.8 -0.354771357049
35.82 -0.222632025753
35.84 -0.0881880025714
35.86 0.0478738784024
35.88 0.184907463837
35.9 0.322318212991
35.92 0.459572806398
35.94 0.59620695253
35.96 0.731830969099
35.98 0.86613279091
36.0 0.9988781407
36.02 1.12990769669
36.04 1.25913118748
36.06 1.3865184454
36.08 1.51208754808
36.1 1.63589027698
36.12 1.75799521829
36.14 1.87846893397
36.16 1.99735573257
36.18 2.11465667803
36.2 2.23030858557
36.22 2.34416386301
36.24 2.45597215798
36.26 2.56536485221
36.28 2.67184348848
36.3 2.77477320677
36.32 2.87338217959
36.34 2.9667678572
36.36 3.0539105489
36.38 3.13369447212
36.4 3.20493591279
36.42 3.26641758906
36.44 3.31692774124
36.46 3.35530195374
36.48 3.38046531523
36.5 3.39147231157
36.52 3.38754187343
36.54 3.36808528654
36.56 3.33272520705
36.58 3.2813047521
36.6 3.2138864753
36.62 3.13074188485
36.64 3.03233291425
36.66 2.91928732578
36.68 2.79237035524
36.7 2.65245497361
36.72 2.50049296566
36.74 2.33748865137
36.76 2.16447657364
36.78 1.98250391708
36.8 1.79261787376
36.82 1.5958576905
36.84 1.39325075508
36.86 1.18581181908
36.88 0.974544325505
36.9 0.760442786908
36.92 0.544495237541
36.94 0.32768493044
36.96 0.110990646284
36.98 -0.104614797713
37.0 -0.318168022451
37.02 -0.528720516438
37.04 -0.735345799902
37.06 -0.937147948845
37.08 -1.13327099178
37.1 -1.32290861941
37.12 -1.50531362272
37.14 -1.6798064885
37.16 -1.84578263034
37.18 -2.00271781531
37.2 -2.15017144764
37.22 -2.28778748878
37.24 -2.41529291889
37.26 -2.53249377073
37.28 -2.63926888568
37.3 -2.73556165319
37.32 -2.82137008715
37.34 -2.89673567031
37.36 -2.96173145325
37.38 -3.01644992862
37.4 -3.06099121367
37.42 -3.09545206341
37.44 -3.1199162044
37.46 -3.13444642699
37.48 -3.13907880116
37.5 -3.13381929378
37.52 -3.11864296309
37.54 -3.09349579455
37.56 -3.05829912563
37.58 -3.01295648877
37.6 -2.95736258788
37.62 -2.89141401917
37.64 -2.81502125685
37.66 -2.72812135325
37.68 -2.630690756
37.7 -2.52275762472
37.72 -2.40441304149
37.74 -2.27582054988
37.76 -2.13722353317
37.78 -1.98895004349
37.8 -1.8314148241
37.82 -1.66511841452
37.84 -1.49064338911
37.86 -1.30864794175
37.88 -1.1198571874
37.9 -0.925052687051
37.92 -0.72506081541
37.94 -0.520740666311
37.96 -0.312972222153
37.98 -0.102645503628
38.0 0.109348648846
38.02 0.32212561539
38.04 0.534811465437
38.06 0.746544650186
38.08 0.956474931674
38.1 1.16375979775
38.12 1.36755885575
38.14 1.56702693134
38.16 1.76130680437
38.18 1.94952267715
38.2 2.13077555895
38.22 2.3041417559
38.24 2.46867554642
38.26 2.62341689395
38.28 2.7674046968
38.3 2.89969560749
38.32 3.01938790805
38.34 3.12564934563
38.36 3.21774728131
38.38 3.29507905533
38.4 3.35720019687
38.42 3.40384805779
38.44 3.43495866329
38.46 3.45067503545
38.48 3.45134592069
38.5 3.43751465881
38.52 3.40989877288
38.54 3.36936163369
38.56 3.31687816877
38.58 3.25349698127
38.6 3.18030138986
38.62 3.09837180545
38.64 3.00875156153
38.66 2.91241787221
38.68 2.81025906977
38.7 2.70305873871
38.72 2.59148686349
38.74 2.47609768371
38.76 2.35733361873
38.78 2.23553439072
38.8 2.11095033447
38.82 1.98375881993
38.84 1.85408271308
38.86 1.72200984691
38.88 1.5876125538
38.9 1.45096640859
38.92 1.31216744791
38.94 1.17134725365
38.96 1.02868542024
38.98 0.884419062817
39.0 0.738849163324
39.02 0.59234369612
39.04 0.44533761536
39.06 0.2983299206
39.08 0.151878138685
39.1 0.00659066161321
39.12 -0.136882546338
39.14 -0.277860313265
39.16 -0.41564112991
39.18 -0.549513982691
39.2 -0.678768664562
39.22 -0.802705162106
39.24 -0.92064182035
39.26 -1.03192210149
39.28 -1.13591987181
39.3 -1.23204326511
39.32 -1.31973727431
39.34 -1.39848531216
39.36 -1.46781005257
39.38 -1.52727391445
39.4 -1.57647957921
39.42 -1.61507093868
39.44 -1.64273485194
39.46 -1.6592040458
39.48 -1.66426142213
39.5 -1.6577459361
39.52 -1.63956008209
39.54 -1.60967887044
39.56 -1.5681600046
39.58 -1.51515478265
39.6 -1.45091906315
39.62 -1.37582347269
39.64 -1.29036190976
39.66 -1.19515734284
39.68 -1.09096392811
39.7 -0.978664600896
39.72 -0.859263525842
39.74 -0.733873117667
39.76 -0.603695737435
39.78 -0.470000590747
39.8 -0.334096756054
39.82 -0.197303600464
39.84 -0.0609200587677
39.86 0.0738056693095
39.88 0.205704512636
39.9 0.333711710167
39.92 0.456887759182
39.94 0.57443443857
39.96 0.685705550675
39.98 0.790212330567
