0.0 1.59088785133
0.02 1.91820846771
0.04 2.23907921969
0.06 2.55310430076
0.08 2.86002829818
0.1 3.15970347462
0.12 3.45205193298
0.14 3.73702421057
0.16 4.01455591429
0.18 4.28452405736
0.2 4.54670480057
0.22 4.80073434216
0.24 5.04607473574
0.26 5.28198642848
0.28 5.50750927928
0.3 5.72145370617
0.32 5.92240339086
0.34 6.10873060377
0.36 6.27862468628
0.38 6.43013353455
0.4 6.56121709589
0.42 6.66981096781
0.44 6.75389726459
0.46 6.81157909504
0.48 6.84115439516
0.5 6.84118458929
0.52 6.81055369445
0.54 6.74851406202
0.56 6.65471593893
0.58 6.52921933147
0.6 6.37248811942
0.62 6.18536782401
0.64 5.9690497005
0.66 5.7250247607
0.68 5.45503183866
0.7 5.16100386471
0.72 4.84501614325
0.74 4.5092397249
0.76 4.15590204062
0.78 3.78725595196
0.8 3.40555738721
0.82 3.0130508732
0.84 2.61196160228
0.86 2.20449222984
0.88 1.79282238409
0.9 1.37910887391
0.92 0.965484769756
0.94 0.55405586854
0.96 0.146893491076
0.98 -0.253976944691
1.0 -0.646591622843
1.02 -1.02906786595
1.04 -1.39962665058
1.06 -1.75661690651
1.08 -2.09854017527
1.1 -2.42407409092
1.12 -2.73209315418
1.14 -3.02168539016
1.16 -3.29216369706
1.18 -3.54307098528
1.2 -3.77417854823
1.22 -3.98547747046
1.24 -4.17716324027
1.26 -4.34961406833
1.28 -4.50336370513
1.3 -4.63906978481
1.32 -4.75747889475
1.34 -4.85938967864
1.36 -4.94561532778
1.38 -5.0169468067
1.4 -5.07411810306
1.42 -5.11777469396
1.44 -5.14844629152
1.46 -5.16652477328
1.48 -5.17224802614
1.5 -5.16569023872
1.52 -5.14675897175
1.54 -5.11519912165
1.56 -5.07060367316
1.58 -5.01243091654
1.6 -4.94002758655
1.62 -4.85265717074
1.64 -4.74953243931
1.66 -4.62985107328
1.68 -4.49283312356
1.7 -4.33775892747
1.72 -4.16400605044
1.74 -3.97108382176
1.76 -3.75866409666
1.78 -3.52660701342
1.8 -3.27498071994
1.82 -3.00407431823
1.84 -2.7144036066
1.86 -2.40670957103
1.88 -2.08194996929
1.9 -1.74128473602
1.92 -1.38605628763
1.94 -1.0177660928
1.96 -0.638049074686
1.98 -0.248647503034
2.0 0.14861399264
2.02 0.551850807095
2.04 0.959136926471
2.06 1.36851883477
2.08 1.77802436769
2.1 2.18566662723
2.12 2.58944359474
2.14 2.98733458752
2.16 3.37729515207
2.18 3.75725233587
2.2 4.12510248483
2.22 4.47871373924
2.24 4.81593521371
2.26 5.13461442976
2.28 5.4326239257
2.3 5.7078971238
2.32 5.95847255122
2.34 6.18254447487
2.36 6.37851703918
2.38 6.54505821413
2.4 6.68114939169
2.42 6.78612640661
2.44 6.85970814748
2.46 6.90200975427
2.48 6.91353858714
2.5 6.89517256531
2.52 6.84812194275
2.54 6.77387693354
2.56 6.67414467092
2.58 6.55077967142
2.6 6.40571223614
2.62 6.24087906682
2.64 6.05815987491
2.66 5.85932301565
2.68 5.64598230045
2.7 5.41956623627
2.72 5.18130009738
2.74 4.93220051162
2.76 4.67308167065
2.78 4.40457185607
2.8 4.12713869612
2.82 3.84112140559
2.84 3.54676818373
2.86 3.24427692358
2.88 2.93383739797
2.9 2.61567311926
2.92 2.2900811155
2.94 1.95746793068
2.96 1.6183802496
2.98 1.27352868735
3.0 0.923803482067
3.02 0.570281105851
3.04 0.214221167588
3.06 -0.14294657666
3.08 -0.499644778859
3.1 -0.854179737537
3.12 -1.20477987642
3.14 -1.54963949819
3.16 -1.88696541671
3.18 -2.2150237761
3.2 -2.53218424462
3.22 -2.83695884805
3.24 -3.12803298369
3.26 -3.40428661492
3.28 -3.66480425054
3.3 -3.908873013
3.32 -4.13596883691
3.34 -4.34573155826
3.36 -4.53793030549
3.38 -4.71242115204
3.4 -4.86909941491
3.42 -5.00784928271
3.44 -5.12849363656
3.46 -5.23074700531
3.48 -5.31417458839
3.5 -5.37816019762
3.52 -5.42188581466
3.54 -5.44432521875
3.56 -5.44425378422
3.58 -5.42027603853
3.6 -5.37087186526
3.62 -5.29446129819
3.64 -5.18948666391
3.66 -5.05450941904
3.68 -4.88831746282
3.7 -4.69003712942
3.72 -4.45924266006
3.74 -4.19605496377
3.76 -3.90122112663
3.78 -3.57616662543
3.8 -3.22301364139
3.82 -2.84456122622
3.84 -2.44422615334
3.86 -2.02594675969
3.88 -1.59405551188
3.9 -1.15312895263
3.92 -0.707825700803
3.94 -0.262724025595
3.96 0.177829882602
3.98 0.609853353361
4.0 1.02983118338
4.02 1.43478775359
4.04 1.82232593718
4.06 2.19063411506
4.08 2.53846479362
4.1 2.86508983997
4.12 3.1702381857
4.14 3.4540220615
4.16 3.71685753305
4.18 3.95938445769
4.2 4.18239011575
4.22 4.38673981287
4.24 4.57331679365
4.26 4.74297291473
4.28 4.89649072972
4.3 5.03455695499
4.32 5.157746711
4.34 5.26651746628
4.36 5.36121124153
4.38 5.44206335765
4.4 5.50921583465
4.42 5.56273347126
4.44 5.60262066355
4.46 5.6288371582
4.48 5.6413111786
4.5 5.63994870348
4.52 5.62463809779
4.54 5.5952497721
4.56 5.55163104647
4.58 5.4935968862
4.6 5.42091762558
4.62 5.33330517409
4.64 5.23039948443
4.66 5.11175723938
4.68 4.97684477576
4.7 4.82503720894
4.72 4.65562554976
4.74 4.46783332048
4.76 4.26084377813
4.78 4.03383834082
4.8 3.78604618338
4.82 3.51680422489
4.84 3.22562587842
4.86 2.91227599879
4.88 2.57684848891
4.9 2.21984208301
4.92 1.8422290161
4.94 1.44551073954
4.96 1.03175469435
4.98 0.603606540652
5.0 0.164273264755
5.02 -0.282525719617
5.04 -0.732640051115
5.06 -1.18160030358
5.08 -1.62475517533
5.1 -2.05742616032
5.12 -2.47506972898
5.14 -2.87343582193
5.16 -3.24871139415
5.18 -3.59763890509
5.2 -3.91760190712
5.22 -4.20667294221
5.24 -4.46362239845
5.26 -4.6878903473
5.28 -4.87952627037
5.3 -5.03910369112
5.32 -5.16761790694
5.34 -5.26637527497
5.36 -5.33688197123
5.38 -5.38073902994
5.4 -5.39954901208
5.42 -5.39483807864
5.44 -5.36799572443
5.46 -5.32023308792
5.48 -5.25255964405
5.5 -5.16577722384
5.52 -5.06048966314
5.54 -4.93712591968
5.56 -4.79597417292
5.58 -4.63722419482
5.6 -4.4610151306
5.62 -4.26748574951
5.64 -4.05682421997
5.66 -3.82931455263
5.68 -3.58537705136
5.7 -3.32560043992
5.72 -3.05076379076
5.74 -2.76184697
5.76 -2.4600289996
5.78 -2.14667448614
5.8 -1.82330901882
5.82 -1.49158513783
5.84 -1.15324105845
5.86 -0.810054756555
5.88 -0.463796245401
5.9 -0.116180887976
5.92 0.231173593361
5.94 0.576784102134
5.96 0.919331317261
5.98 1.25767972835
6.0 1.59088785134
6.02 1.91820846771
6.04 2.23907921969
6.06 2.55310430075
6.08 2.86002829819
6.1 3.15970347461
6.12 3.45205193298
6.14 3.73702421057
6.16 4.01455591429
6.18 4.28452405737
6.2 4.54670480057
6.22 4.80073434216
6.24 5.04607473574
6.26 5.28198642848
6.28 5.50750927928
6.3 5.72145370617
6.32 5.92240339086
6.34 6.10873060377
6.36 6.27862468628
6.38 6.43013353455
6.4 6.56121709589
6.42 6.66981096781
6.44 6.75389726459
6.46 6.81157909504
6.48 6.84115439516
6.5 6.84118458929
6.52 6.81055369446
6.54 6.74851406201
6.56 6.65471593893
6.58 6.52921933147
6.6 6.37248811941
6.62 6.18536782401
6.64 5.96904970051
6.66 5.72502476069
6.68 5.45503183867
6.7 5.1610038647
6.72 4.84501614326
6.74 4.50923972489
6.76 4.15590204063
6.78 3.78725595195
6.8 3.40555738722
6.82 3.0130508732
6.84 2.61196160227
6.86 2.20449222986
6.88 1.79282238408
6.9 1.37910887392
6.92 0.965484769744
6.94 0.554055868554
6.96 0.146893491063
6.98 -0.253976944681
7.0 -0.646591622847
7.02 -1.02906786595
7.04 -1.39962665057
7.06 -1.75661690652
7.08 -2.09854017526
7.1 -2.42407409092
7.12 -2.73209315418
7.14 -3.02168539017
7.16 -3.29216369705
7.18 -3.54307098529
7.2 -3.77417854823
7.22 -3.98547747045
7.24 -4.17716324029
7.26 -4.34961406832
7.28 -4.50336370514
7.3 -4.6390697848
7.32 -4.75747889475
7.34 -4.85938967864
7.36 -4.94561532779
7.38 -5.0169468067
7.4 -5.07411810306
7.42 -5.11777469397
7.44 -5.14844629151
7.46 -5.16652477329
7.48 -5.17224802614
7.5 -5.16569023871
7.52 -5.14675897175
7.54 -5.11519912164
7.56 -5.07060367316
7.58 -5.01243091654
7.6 -4.94002758655
7.62 -4.85265717074
7.64 -4.74953243932
7.66 -4.62985107327
7.68 -4.49283312356
7.7 -4.33775892747
7.72 -4.16400605044
7.74 -3.97108382176
7.76 -3.75866409666
7.78 -3.52660701343
7.8 -3.27498071994
7.82 -3.00407431822
7.84 -2.7144036066
7.86 -2.40670957103
7.88 -2.08194996929
7.9 -1.74128473602
7.92 -1.38605628763
7.94 -1.01776609279
7.96 -0.638049074688
7.98 -0.248647503034
8.0 0.14861399264
8.02 0.551850807096
8.04 0.959136926471
8.06 1.36851883477
8.08 1.77802436769
8.1 2.18566662724
8.12 2.58944359474
8.14 2.98733458752
8.16 3.37729515207
8.18 3.75725233587
8.2 4.12510248483
8.22 4.47871373924
8.24 4.8159352137
8.26 5.13461442976
8.28 5.4326239257
8.3 5.7078971238
8.32 5.95847255122
8.34 6.18254447486
8.36 6.37851703919
8.38 6.54505821413
8.4 6.68114939169
8.42 6.78612640661
8.44 6.85970814748
8.46 6.90200975427
8.48 6.91353858714
8.5 6.89517256531
8.52 6.84812194275
8.54 6.77387693355
8.56 6.67414467092
8.58 6.55077967142
8.6 6.40571223614
8.62 6.24087906682
8.64 6.0581598749
8.66 5.85932301566
8.68 5.64598230044
8.7 5.41956623628
8.72 5.18130009738
8.74 4.93220051162
8.76 4.67308167065
8.78 4.40457185607
8.8 4.12713869613
8.82 3.84112140558
8.84 3.54676818375
8.86 3.24427692357
8.88 2.93383739798
8.9 2.61567311925
8.92 2.29008111552
8.94 1.95746793067
8.96 1.61838024961
8.98 1.27352868736
9.0 0.923803482055
9.02 0.570281105862
9.04 0.214221167578
9.06 -0.14294657665
9.08 -0.499644778865
9.1 -0.854179737529
9.12 -1.20477987643
9.14 -1.54963949818
9.16 -1.88696541671
9.18 -2.21502377611
9.2 -2.53218424461
9.22 -2.83695884805
9.24 -3.12803298368
9.26 -3.40428661493
9.28 -3.66480425054
9.3 -3.908873013
9.32 -4.13596883691
9.34 -4.34573155825
9.36 -4.53793030549
9.38 -4.71242115205
9.4 -4.86909941491
9.42 -5.00784928271
9.44 -5.12849363656
9.46 -5.23074700531
9.48 -5.31417458839
9.5 -5.37816019761
9.52 -5.42188581466
9.54 -5.44432521875
9.56 -5.44425378422
9.58 -5.42027603854
9.6 -5.37087186526
9.62 -5.29446129819
9.64 -5.18948666392
9.66 -5.05450941903
9.68 -4.88831746282
9.7 -4.6900371294
9.72 -4.45924266008
9.74 -4.19605496376
9.76 -3.90122112665
9.78 -3.57616662543
9.8 -3.22301364138
9.82 -2.84456122623
9.84 -2.44422615334
9.86 -2.0259467597
9.88 -1.59405551187
9.9 -1.15312895265
9.92 -0.707825700793
9.94 -0.262724025601
9.96 0.177829882609
9.98 0.609853353353
10.0 1.02983118338
10.02 1.4347877536
10.04 1.82232593716
10.06 2.19063411507
10.08 2.53846479361
10.1 2.86508983999
10.12 3.17023818569
10.14 3.4540220615
10.16 3.71685753303
10.18 3.9593844577
10.2 4.18239011574
10.22 4.38673981287
10.24 4.57331679364
10.26 4.74297291473
10.28 4.89649072972
10.3 5.03455695499
10.32 5.157746711
10.34 5.26651746628
10.36 5.36121124154
10.38 5.44206335764
10.4 5.50921583466
10.42 5.56273347126
10.44 5.60262066355
10.46 5.6288371582
10.48 5.6413111786
10.5 5.63994870347
10.52 5.62463809779
10.54 5.5952497721
10.56 5.55163104646
10.58 5.4935968862
10.6 5.42091762559
10.62 5.33330517408
10.64 5.23039948444
10.66 5.11175723938
10.68 4.97684477575
10.7 4.82503720895
10.72 4.65562554975
10.74 4.46783332049
10.76 4.26084377813
10.78 4.03383834083
10.8 3.78604618338
10.82 3.5168042249
10.84 3.22562587842
10.86 2.91227599878
10.88 2.57684848892
10.9 2.219842083
10.92 1.84222901612
10.94 1.44551073953
10.96 1.03175469436
10.98 0.603606540638
11.0 0.164273264773
11.02 -0.282525719634
11.04 -0.732640051101
11.06 -1.18160030358
11.08 -1.62475517534
11.1 -2.05742616031
11.12 -2.47506972899
11.14 -2.87343582192
11.16 -3.24871139416
11.18 -3.59763890509
11.2 -3.91760190713
11.22 -4.2066729422
11.24 -4.46362239846
11.26 -4.68789034729
11.28 -4.87952627037
11.3 -5.03910369112
11.32 -5.16761790694
11.34 -5.26637527497
11.36 -5.33688197122
11.38 -5.38073902994
11.4 -5.39954901208
11.42 -5.39483807864
11.44 -5.36799572442
11.46 -5.32023308793
11.48 -5.25255964405
11.5 -5.16577722384
11.52 -5.06048966313
11.54 -4.93712591968
11.56 -4.79597417292
11.58 -4.63722419481
11.6 -4.4610151306
11.62 -4.2674857495
11.64 -4.05682421996
11.66 -3.82931455264
11.68 -3.58537705135
11.7 -3.32560043992
11.72 -3.05076379075
11.74 -2.76184696999
11.76 -2.46002899961
11.78 -2.14667448613
11.8 -1.82330901882
11.82 -1.49158513782
11.84 -1.15324105845
11.86 -0.810054756552
11.88 -0.463796245403
11.9 -0.11618088797
11.92 0.231173593352
11.94 0.576784102135
11.96 0.919331317266
11.98 1.25767972834
12.0 1.59088785134
12.02 1.9182084677
12.04 2.2390792197
12.06 2.55310430075
12.08 2.8600282982
12.1 3.15970347461
12.12 3.45205193299
12.14 3.73702421056
12.16 4.01455591429
12.18 4.28452405738
12.2 4.54670480056
12.22 4.80073434217
12.24 5.04607473573
12.26 5.28198642849
12.28 5.50750927927
12.3 5.72145370618
12.32 5.92240339085
12.34 6.10873060377
12.36 6.27862468629
12.38 6.43013353454
12.4 6.56121709589
12.42 6.66981096781
12.44 6.75389726459
12.46 6.81157909504
12.48 6.84115439516
12.5 6.84118458929
12.52 6.81055369446
12.54 6.74851406201
12.56 6.65471593893
12.58 6.52921933147
12.6 6.37248811942
12.62 6.185367824
12.64 5.96904970051
12.66 5.72502476069
12.68 5.45503183867
12.7 5.1610038647
12.72 4.84501614326
12.74 4.50923972489
12.76 4.15590204063
12.78 3.78725595196
12.8 3.4055573872
12.82 3.01305087321
12.84 2.61196160227
12.86 2.20449222985
12.88 1.79282238408
12.9 1.37910887392
12.92 0.965484769745
12.94 0.554055868555
12.96 0.146893491065
12.98 -0.253976944684
13.0 -0.64659162285
13.02 -1.02906786594
13.04 -1.3996266506
13.06 -1.75661690651
13.08 -2.09854017527
13.1 -2.42407409089
13.12 -2.73209315421
13.14 -3.02168539016
13.16 -3.29216369706
13.18 -3.54307098528
13.2 -3.77417854824
13.22 -3.98547747045
13.24 -4.17716324027
13.26 -4.34961406834
13.28 -4.50336370513
13.3 -4.63906978481
13.32 -4.75747889474
13.34 -4.85938967865
13.36 -4.94561532778
13.38 -5.0169468067
13.4 -5.07411810306
13.42 -5.11777469397
13.44 -5.14844629151
13.46 -5.16652477328
13.48 -5.17224802614
13.5 -5.16569023871
13.52 -5.14675897175
13.54 -5.11519912165
13.56 -5.07060367315
13.58 -5.01243091654
13.6 -4.94002758655
13.62 -4.85265717074
13.64 -4.74953243931
13.66 -4.62985107328
13.68 -4.49283312358
13.7 -4.33775892745
13.72 -4.16400605044
13.74 -3.97108382176
13.76 -3.75866409667
13.78 -3.52660701341
13.8 -3.27498071993
13.82 -3.00407431824
13.84 -2.7144036066
13.86 -2.40670957102
13.88 -2.08194996929
13.9 -1.74128473604
13.92 -1.38605628761
13.94 -1.01776609279
13.96 -0.638049074683
13.98 -0.248647503057
14.0 0.148613992661
14.02 0.551850807096
14.04 0.959136926459
14.06 1.36851883477
14.08 1.77802436771
14.1 2.18566662723
14.12 2.58944359473
14.14 2.98733458754
14.16 3.37729515207
14.18 3.75725233587
14.2 4.12510248483
14.22 4.47871373925
14.24 4.8159352137
14.26 5.13461442975
14.28 5.43262392571
14.3 5.7078971238
14.32 5.95847255122
14.34 6.18254447486
14.36 6.37851703919
14.38 6.54505821413
14.4 6.68114939169
14.42 6.78612640661
14.44 6.85970814749
14.46 6.90200975427
14.48 6.91353858714
14.5 6.89517256531
14.52 6.84812194275
14.54 6.77387693355
14.56 6.67414467092
14.58 6.55077967142
14.6 6.40571223614
14.62 6.24087906682
14.64 6.05815987491
14.66 5.85932301564
14.68 5.64598230045
14.7 5.41956623629
14.72 5.18130009736
14.74 4.93220051162
14.76 4.67308167066
14.78 4.40457185607
14.8 4.12713869611
14.82 3.84112140559
14.84 3.54676818374
14.86 3.24427692358
14.88 2.93383739796
14.9 2.61567311927
14.92 2.2900811155
14.94 1.95746793067
14.96 1.6183802496
14.98 1.27352868737
15.0 0.923803482068
15.02 0.570281105834
15.04 0.214221167593
15.06 -0.14294657665
15.08 -0.499644778858
15.1 -0.854179737545
15.12 -1.20477987642
15.14 -1.54963949819
15.16 -1.88696541672
15.18 -2.2150237761
15.2 -2.53218424461
15.22 -2.83695884805
15.24 -3.1280329837
15.26 -3.40428661491
15.28 -3.66480425055
15.3 -3.908873013
15.32 -4.13596883692
15.34 -4.34573155824
15.36 -4.5379303055
15.38 -4.71242115204
15.4 -4.86909941491
15.42 -5.00784928271
15.44 -5.12849363655
15.46 -5.23074700532
15.48 -5.31417458839
15.5 -5.37816019762
15.52 -5.42188581466
15.54 -5.44432521874
15.56 -5.44425378423
15.58 -5.42027603853
15.6 -5.37087186527
15.62 -5.29446129818
15.64 -5.18948666391
15.66 -5.05450941904
15.68 -4.88831746281
15.7 -4.69003712942
15.72 -4.45924266006
15.74 -4.19605496377
15.76 -3.90122112663
15.78 -3.57616662544
15.8 -3.22301364138
15.82 -2.84456122622
15.84 -2.44422615335
15.86 -2.02594675968
15.88 -1.59405551189
15.9 -1.15312895263
15.92 -0.707825700808
15.94 -0.262724025591
15.96 0.177829882595
15.98 0.609853353362
16.0 1.02983118339
16.02 1.43478775358
16.04 1.82232593718
16.06 2.19063411505
16.08 2.53846479363
16.1 2.86508983997
16.12 3.17023818571
16.14 3.45402206149
16.16 3.71685753306
16.18 3.95938445768
16.2 4.18239011575
16.22 4.38673981287
16.24 4.57331679365
16.26 4.74297291474
16.28 4.89649072972
16.3 5.034556955
16.32 5.15774671099
16.34 5.26651746629
16.36 5.36121124153
16.38 5.44206335765
16.4 5.50921583465
16.42 5.56273347126
16.44 5.60262066355
16.46 5.6288371582
16.48 5.6413111786
16.5 5.63994870348
16.52 5.62463809779
16.54 5.5952497721
16.56 5.55163104646
16.58 5.49359688619
16.6 5.42091762559
16.62 5.33330517408
16.64 5.23039948444
16.66 5.11175723938
16.68 4.97684477577
16.7 4.82503720894
16.72 4.65562554975
16.74 4.46783332048
16.76 4.26084377814
16.78 4.03383834082
16.8 3.78604618338
16.82 3.5168042249
16.84 3.22562587841
16.86 2.9122759988
16.88 2.5768484889
16.9 2.21984208302
16.92 1.8422290161
16.94 1.44551073953
16.96 1.03175469435
16.98 0.603606540658
17.0 0.16427326476
17.02 -0.282525719628
17.04 -0.732640051104
17.06 -1.18160030358
17.08 -1.62475517534
17.1 -2.05742616032
17.12 -2.47506972898
17.14 -2.87343582192
17.16 -3.24871139416
17.18 -3.59763890509
17.2 -3.91760190712
17.22 -4.20667294222
17.24 -4.46362239845
17.26 -4.68789034729
17.28 -4.87952627037
17.3 -5.03910369112
17.32 -5.16761790694
17.34 -5.26637527496
17.36 -5.33688197124
17.38 -5.38073902993
17.4 -5.39954901209
17.42 -5.39483807864
17.44 -5.36799572443
17.46 -5.32023308792
17.48 -5.25255964405
17.5 -5.16577722385
17.52 -5.06048966313
17.54 -4.93712591968
17.56 -4.79597417293
17.58 -4.63722419481
17.6 -4.4610151306
17.62 -4.2674857495
17.64 -4.05682421998
17.66 -3.82931455262
17.68 -3.58537705136
17.7 -3.32560043992
17.72 -3.05076379076
17.74 -2.76184696999
17.76 -2.4600289996
17.78 -2.14667448616
17.8 -1.8233090188
17.82 -1.49158513783
17.84 -1.15324105844
17.86 -0.810054756582
17.88 -0.463796245377
17.9 -0.11618088798
17.92 0.231173593354
17.94 0.576784102132
17.96 0.919331317273
17.98 1.25767972835
18.0 1.59088785131
18.02 1.91820846773
18.04 2.23907921969
18.06 2.55310430076
18.08 2.86002829817
18.1 3.15970347464
18.12 3.45205193298
18.14 3.73702421056
18.16 4.01455591431
18.18 4.28452405737
18.2 4.54670480057
18.22 4.80073434214
18.24 5.04607473575
18.26 5.28198642848
18.28 5.50750927928
18.3 5.72145370616
18.32 5.92240339087
18.34 6.10873060376
18.36 6.27862468627
18.38 6.43013353456
18.4 6.56121709589
18.42 6.66981096781
18.44 6.75389726459
18.46 6.81157909504
18.48 6.84115439516
18.5 6.84118458929
18.52 6.81055369446
18.54 6.74851406201
18.56 6.65471593893
18.58 6.52921933148
18.6 6.37248811941
18.62 6.18536782401
18.64 5.9690497005
18.66 5.72502476071
18.68 5.45503183865
18.7 5.16100386471
18.72 4.84501614325
18.74 4.50923972492
18.76 4.15590204061
18.78 3.78725595195
18.8 3.40555738723
18.82 3.01305087318
18.84 2.61196160228
18.86 2.20449222984
18.88 1.79282238411
18.9 1.37910887389
18.92 0.965484769756
18.94 0.554055868539
18.96 0.1468934911
18.98 -0.253976944715
19.0 -0.646591622844
19.02 -1.02906786593
19.04 -1.3996266506
19.06 -1.75661690651
19.08 -2.09854017526
19.1 -2.4240740909
19.12 -2.7320931542
19.14 -3.02168539016
19.16 -3.29216369706
19.18 -3.54307098527
19.2 -3.77417854824
19.22 -3.98547747046
19.24 -4.17716324026
19.26 -4.34961406834
19.28 -4.50336370513
19.3 -4.63906978481
19.32 -4.75747889474
19.34 -4.85938967866
19.36 -4.94561532778
19.38 -5.0169468067
19.4 -5.07411810306
19.42 -5.11777469396
19.44 -5.14844629151
19.46 -5.16652477328
19.48 -5.17224802614
19.5 -5.16569023871
19.52 -5.14675897175
19.54 -5.11519912165
19.56 -5.07060367315
19.58 -5.01243091655
19.6 -4.94002758655
19.62 -4.85265717073
19.64 -4.74953243932
19.66 -4.62985107327
19.68 -4.49283312358
19.7 -4.33775892745
19.72 -4.16400605044
19.74 -3.97108382176
19.76 -3.75866409667
19.78 -3.52660701341
19.8 -3.27498071994
19.82 -3.00407431825
19.84 -2.71440360658
19.86 -2.40670957103
19.88 -2.08194996929
19.9 -1.74128473605
19.92 -1.38605628761
19.94 -1.01776609279
19.96 -0.638049074687
19.98 -0.248647503055
20.0 0.148613992662
20.02 0.551850807092
20.04 0.959136926457
20.06 1.36851883479
20.08 1.7780243677
20.1 2.18566662723
20.12 2.58944359472
20.14 2.98733458754
20.16 3.37729515207
20.18 3.75725233587
20.2 4.12510248481
20.22 4.47871373926
20.24 4.8159352137
20.26 5.13461442975
20.28 5.43262392571
20.3 5.7078971238
20.32 5.95847255122
20.34 6.18254447486
20.36 6.37851703919
20.38 6.54505821413
20.4 6.68114939169
20.42 6.78612640661
20.44 6.85970814748
20.46 6.90200975427
20.48 6.91353858714
20.5 6.89517256531
20.52 6.84812194274
20.54 6.77387693354
20.56 6.67414467092
20.58 6.55077967142
20.6 6.40571223614
20.62 6.24087906681
20.64 6.05815987493
20.66 5.85932301563
20.68 5.64598230046
20.7 5.41956623627
20.72 5.18130009738
20.74 4.9322005116
20.76 4.67308167066
20.78 4.40457185607
20.8 4.12713869612
20.82 3.84112140557
20.84 3.54676818375
20.86 3.24427692358
20.88 2.93383739797
20.9 2.61567311923
20.92 2.29008111553
20.94 1.95746793068
20.96 1.6183802496
20.98 1.27352868733
21.0 0.923803482111
21.02 0.570281105802
21.04 0.214221167616
21.06 -0.142946576681
21.08 -0.499644778819
21.1 -0.854179737574
21.12 -1.2047798764
21.14 -1.54963949819
21.16 -1.88696541671
21.18 -2.21502377612
21.2 -2.5321842446
21.22 -2.83695884805
21.24 -3.12803298369
21.26 -3.40428661493
21.28 -3.66480425053
21.3 -3.908873013
21.32 -4.1359688369
21.34 -4.34573155827
21.36 -4.53793030547
21.38 -4.71242115205
21.4 -4.86909941491
21.42 -5.00784928271
21.44 -5.12849363655
21.46 -5.23074700533
21.48 -5.31417458838
21.5 -5.37816019762
21.52 -5.42188581466
21.54 -5.44432521874
21.56 -5.44425378423
21.58 -5.42027603854
21.6 -5.37087186526
21.62 -5.29446129818
21.64 -5.18948666393
21.66 -5.05450941903
21.68 -4.88831746283
21.7 -4.69003712939
21.72 -4.4592426601
21.74 -4.19605496374
21.76 -3.90122112665
21.78 -3.57616662542
21.8 -3.22301364141
21.82 -2.8445612262
21.84 -2.44422615336
21.86 -2.02594675967
21.88 -1.59405551191
21.9 -1.1531289526
21.92 -0.70782570082
21.94 -0.262724025594
21.96 0.177829882602
21.98 0.609853353379
22.0 1.02983118337
22.02 1.43478775359
22.04 1.82232593718
22.06 2.19063411507
22.08 2.53846479361
22.1 2.86508983997
22.12 3.1702381857
22.14 3.45402206152
22.16 3.71685753301
22.18 3.95938445771
22.2 4.18239011574
22.22 4.38673981287
22.24 4.57331679363
22.26 4.74297291475
22.28 4.89649072971
22.3 5.034556955
22.32 5.15774671098
22.34 5.2665174663
22.36 5.36121124152
22.38 5.44206335765
22.4 5.50921583465
22.42 5.56273347126
22.44 5.60262066355
22.46 5.6288371582
22.48 5.6413111786
22.5 5.63994870347
22.52 5.62463809779
22.54 5.5952497721
22.56 5.55163104647
22.58 5.49359688619
22.6 5.4209176256
22.62 5.33330517407
22.64 5.23039948444
22.66 5.11175723937
22.68 4.97684477579
22.7 4.82503720892
22.72 4.65562554977
22.74 4.46783332046
22.76 4.26084377817
22.78 4.03383834079
22.8 3.7860461834
22.82 3.51680422489
22.84 3.22562587842
22.86 2.91227599877
22.88 2.57684848892
22.9 2.21984208301
22.92 1.8422290161
22.94 1.44551073952
22.96 1.03175469437
22.98 0.60360654065
23.0 0.164273264756
23.02 -0.282525719637
23.04 -0.73264005107
23.06 -1.18160030363
23.08 -1.62475517531
23.1 -2.05742616034
23.12 -2.47506972895
23.14 -2.87343582196
23.16 -3.24871139414
23.18 -3.5976389051
23.2 -3.9176019071
23.22 -4.20667294224
23.24 -4.46362239844
23.26 -4.68789034729
23.28 -4.87952627037
23.3 -5.03910369112
23.32 -5.16761790694
23.34 -5.26637527496
23.36 -5.33688197125
23.38 -5.38073902993
23.4 -5.39954901208
23.42 -5.39483807865
23.44 -5.36799572443
23.46 -5.32023308792
23.48 -5.25255964406
23.5 -5.16577722383
23.52 -5.06048966314
23.54 -4.93712591967
23.56 -4.79597417294
23.58 -4.63722419479
23.6 -4.46101513062
23.62 -4.2674857495
23.64 -4.05682421997
23.66 -3.82931455261
23.68 -3.58537705137
23.7 -3.32560043992
23.72 -3.05076379075
23.74 -2.76184696998
23.76 -2.46002899962
23.78 -2.14667448614
23.8 -1.82330901881
23.82 -1.49158513782
23.84 -1.15324105846
23.86 -0.810054756567
23.88 -0.463796245391
23.9 -0.116180887962
23.92 0.231173593321
23.94 0.576784102179
23.96 0.919331317234
23.98 1.25767972835
24.0 1.59088785134
24.02 1.91820846773
24.04 2.23907921967
24.06 2.55310430076
24.08 2.86002829818
24.1 3.15970347464
24.12 3.45205193296
24.14 3.73702421057
24.16 4.01455591429
24.18 4.28452405738
24.2 4.54670480055
24.22 4.80073434216
24.24 5.04607473574
24.26 5.2819864285
24.28 5.50750927926
24.3 5.72145370617
24.32 5.92240339086
24.34 6.10873060377
24.36 6.27862468628
24.38 6.43013353455
24.4 6.56121709588
24.42 6.66981096781
24.44 6.75389726459
24.46 6.81157909504
24.48 6.84115439516
24.5 6.84118458929
24.52 6.81055369446
24.54 6.74851406201
24.56 6.65471593893
24.58 6.52921933148
24.6 6.37248811941
24.62 6.185367824
24.64 5.96904970052
24.66 5.72502476069
24.68 5.45503183866
24.7 5.16100386471
24.72 4.84501614325
24.74 4.50923972488
24.76 4.15590204064
24.78 3.78725595196
24.8 3.40555738721
24.82 3.01305087318
24.84 2.61196160231
24.86 2.20449222984
24.88 1.79282238409
24.9 1.37910887389
24.92 0.965484769776
24.94 0.55405586854
24.96 0.146893491079
24.98 -0.253976944715
25.0 -0.646591622822
25.02 -1.02906786595
25.04 -1.39962665058
25.06 -1.75661690651
25.08 -2.09854017529
25.1 -2.4240740909
25.12 -2.73209315418
25.14 -3.02168539017
25.16 -3.29216369706
25.18 -3.5430709853
25.2 -3.77417854821
25.22 -3.98547747045
25.24 -4.17716324028
25.26 -4.34961406834
25.28 -4.50336370512
25.3 -4.63906978481
25.32 -4.75747889475
25.34 -4.85938967865
25.36 -4.94561532777
25.38 -5.01694680671
25.4 -5.07411810306
25.42 -5.11777469396
25.44 -5.14844629152
25.46 -5.16652477328
25.48 -5.17224802614
25.5 -5.16569023872
25.52 -5.14675897174
25.54 -5.11519912165
25.56 -5.07060367316
25.58 -5.01243091655
25.6 -4.94002758655
25.62 -4.85265717073
25.64 -4.74953243933
25.66 -4.62985107327
25.68 -4.49283312357
25.7 -4.33775892745
25.72 -4.16400605046
25.74 -3.97108382176
25.76 -3.75866409666
25.78 -3.52660701343
25.8 -3.27498071992
25.82 -3.00407431824
25.84 -2.7144036066
25.86 -2.40670957103
25.88 -2.08194996927
25.9 -1.74128473605
25.92 -1.38605628763
25.94 -1.0177660928
25.96 -0.638049074661
25.98 -0.248647503057
26.0 0.148613992638
26.02 0.551850807097
26.04 0.959136926493
26.06 1.36851883475
26.08 1.77802436767
26.1 2.18566662727
26.12 2.58944359472
26.14 2.98733458754
26.16 3.37729515205
26.18 3.75725233587
26.2 4.12510248484
26.22 4.47871373921
26.24 4.81593521372
26.26 5.13461442978
26.28 5.43262392569
26.3 5.7078971238
26.32 5.95847255123
26.34 6.18254447486
26.36 6.37851703919
26.38 6.54505821411
26.4 6.6811493917
26.42 6.78612640662
26.44 6.85970814748
26.46 6.90200975427
26.48 6.91353858713
26.5 6.89517256532
26.52 6.84812194274
26.54 6.77387693354
26.56 6.67414467093
26.58 6.55077967141
26.6 6.40571223615
26.62 6.24087906682
26.64 6.0581598749
26.66 5.85932301568
26.68 5.64598230044
26.7 5.41956623625
26.72 5.18130009739
26.74 4.93220051162
26.76 4.67308167063
26.78 4.40457185608
26.8 4.1271386961
26.82 3.84112140563
26.84 3.54676818371
26.86 3.24427692356
26.88 2.93383739799
26.9 2.61567311925
26.92 2.29008111549
26.94 1.95746793072
26.96 1.61838024959
26.98 1.27352868733
27.0 0.923803482087
27.02 0.570281105826
27.04 0.214221167615
27.06 -0.142946576662
27.08 -0.499644778879
27.1 -0.854179737497
27.12 -1.20477987644
27.14 -1.54963949821
27.16 -1.88696541669
27.18 -2.21502377611
27.2 -2.53218424463
27.22 -2.83695884802
27.24 -3.12803298373
27.26 -3.40428661488
27.28 -3.66480425055
27.3 -3.90887301301
27.32 -4.1359688369
27.34 -4.34573155826
27.36 -4.5379303055
27.38 -4.71242115203
27.4 -4.86909941491
27.42 -5.00784928272
27.44 -5.12849363655
27.46 -5.23074700531
27.48 -5.31417458839
27.5 -5.37816019762
27.52 -5.42188581466
27.54 -5.44432521875
27.56 -5.44425378422
27.58 -5.42027603853
27.6 -5.37087186527
27.62 -5.29446129818
27.64 -5.18948666391
27.66 -5.05450941905
27.68 -4.8883174628
27.7 -4.69003712942
27.72 -4.45924266007
27.74 -4.19605496375
27.76 -3.90122112665
27.78 -3.57616662543
27.8 -3.22301364137
27.82 -2.84456122626
27.84 -2.44422615333
27.86 -2.02594675967
27.88 -1.5940555119
27.9 -1.15312895262
27.92 -0.707825700815
27.94 -0.26272402562
27.96 0.177829882661
27.98 0.609853353304
28.0 1.0298311834
28.02 1.43478775362
28.04 1.82232593715
28.06 2.19063411506
28.08 2.53846479364
28.1 2.86508983994
28.12 3.17023818574
28.14 3.45402206148
28.16 3.71685753304
28.18 3.9593844577
28.2 4.18239011574
28.22 4.38673981286
28.24 4.57331679367
28.26 4.7429729147
28.28 4.89649072974
28.3 5.034556955
28.32 5.15774671099
28.34 5.26651746628
28.36 5.36121124154
28.38 5.44206335764
28.4 5.50921583467
28.42 5.56273347125
28.44 5.60262066355
28.46 5.6288371582
28.48 5.6413111786
28.5 5.63994870348
28.52 5.62463809778
28.54 5.5952497721
28.56 5.55163104646
28.58 5.49359688619
28.6 5.42091762559
28.62 5.33330517408
28.64 5.23039948444
28.66 5.1117572394
28.68 4.97684477572
28.7 4.82503720898
28.72 4.65562554975
28.74 4.46783332047
28.76 4.26084377815
28.78 4.03383834082
28.8 3.78604618337
28.82 3.51680422493
28.84 3.22562587838
28.86 2.91227599881
28.88 2.57684848891
28.9 2.21984208299
28.92 1.84222901613
28.94 1.44551073954
28.96 1.03175469433
28.98 0.603606540686
29.0 0.164273264745
29.02 -0.282525719644
29.04 -0.732640051092
29.06 -1.1816003036
29.08 -1.62475517531
29.1 -2.0574261603
29.12 -2.47506972901
29.14 -2.87343582192
29.16 -3.24871139415
29.18 -3.5976389051
29.2 -3.91760190712
29.22 -4.20667294221
29.24 -4.46362239846
29.26 -4.68789034728
29.28 -4.87952627039
29.3 -5.03910369111
29.32 -5.16761790694
29.34 -5.26637527497
29.36 -5.33688197123
29.38 -5.38073902993
29.4 -5.3995490121
29.42 -5.39483807863
29.44 -5.36799572443
29.46 -5.32023308792
29.48 -5.25255964405
29.5 -5.16577722384
29.52 -5.06048966313
29.54 -4.93712591968
29.56 -4.79597417292
29.58 -4.63722419481
29.6 -4.46101513061
29.62 -4.26748574948
29.64 -4.05682421998
29.66 -3.82931455263
29.68 -3.58537705135
29.7 -3.32560043994
29.72 -3.05076379073
29.74 -2.76184697001
29.76 -2.4600289996
29.78 -2.14667448612
29.8 -1.82330901884
29.82 -1.49158513784
29.84 -1.15324105841
29.86 -0.810054756581
29.88 -0.463796245396
29.9 -0.116180887959
29.92 0.231173593344
29.94 0.576784102152
29.96 0.919331317241
29.98 1.25767972832
30.0 1.59088785138
30.02 1.91820846769
30.04 2.23907921969
30.06 2.55310430078
30.08 2.86002829817
30.1 3.15970347459
30.12 3.45205193304
30.14 3.73702421051
30.16 4.01455591433
30.18 4.28452405735
30.2 4.54670480057
30.22 4.80073434218
30.24 5.04607473572
30.26 5.28198642847
30.28 5.50750927931
30.3 5.72145370616
30.32 5.92240339086
30.34 6.10873060377
30.36 6.27862468628
30.38 6.43013353455
30.4 6.56121709588
30.42 6.66981096781
30.44 6.7538972646
30.46 6.81157909504
30.48 6.84115439516
30.5 6.84118458929
30.52 6.81055369446
30.54 6.74851406202
30.56 6.65471593892
30.58 6.52921933148
30.6 6.3724881194
30.62 6.18536782402
30.64 5.9690497005
30.66 5.72502476068
30.68 5.45503183867
30.7 5.16100386473
30.72 4.84501614321
30.74 4.50923972492
30.76 4.15590204062
30.78 3.78725595194
30.8 3.40555738723
30.82 3.01305087318
30.84 2.6119616023
30.86 2.20449222987
30.88 1.79282238405
30.9 1.37910887393
30.92 0.965484769758
30.94 0.554055868516
30.96 0.146893491101
30.98 -0.253976944675
31.0 -0.646591622884
31.02 -1.02906786593
31.04 -1.3996266506
31.06 -1.75661690649
31.08 -2.09854017527
31.1 -2.42407409094
31.12 -2.73209315416
31.14 -3.02168539014
31.16 -3.29216369709
31.18 -3.54307098527
31.2 -3.77417854823
31.22 -3.98547747047
31.24 -4.17716324027
31.26 -4.34961406834
31.28 -4.50336370511
31.3 -4.63906978482
31.32 -4.75747889476
31.34 -4.85938967864
31.36 -4.94561532778
31.38 -5.0169468067
31.4 -5.07411810305
31.42 -5.11777469396
31.44 -5.14844629153
31.46 -5.16652477328
31.48 -5.17224802614
31.5 -5.16569023871
31.52 -5.14675897175
31.54 -5.11519912164
31.56 -5.07060367317
31.58 -5.01243091655
31.6 -4.94002758653
31.62 -4.85265717074
31.64 -4.74953243933
31.66 -4.62985107326
31.68 -4.49283312358
31.7 -4.33775892745
31.72 -4.16400605047
31.74 -3.97108382175
31.76 -3.75866409664
31.78 -3.52660701344
31.8 -3.27498071994
31.82 -3.00407431821
31.84 -2.71440360662
31.86 -2.40670957105
31.88 -2.08194996924
31.9 -1.74128473605
31.92 -1.38605628761
31.94 -1.01776609281
31.96 -0.638049074687
31.98 -0.24864750301
32.0 0.148613992595
32.02 0.551850807118
32.04 0.959136926493
32.06 1.36851883475
32.08 1.77802436769
32.1 2.18566662725
32.12 2.58944359472
32.14 2.98733458753
32.16 3.37729515204
32.18 3.75725233589
32.2 4.12510248484
32.22 4.47871373923
32.24 4.8159352137
32.26 5.13461442978
32.28 5.43262392568
32.3 5.7078971238
32.32 5.95847255124
32.34 6.18254447486
32.36 6.37851703919
32.38 6.54505821412
32.4 6.6811493917
32.42 6.78612640661
32.44 6.85970814748
32.46 6.90200975427
32.48 6.91353858714
32.5 6.89517256531
32.52 6.84812194275
32.54 6.77387693354
32.56 6.67414467093
32.58 6.55077967141
32.6 6.40571223616
32.62 6.24087906681
32.64 6.05815987489
32.66 5.85932301567
32.68 5.64598230045
32.7 5.41956623625
32.72 5.18130009742
32.74 4.9322005116
32.76 4.67308167063
32.78 4.40457185608
32.8 4.1271386961
32.82 3.84112140561
32.84 3.54676818373
32.86 3.24427692356
32.88 2.93383739801
32.9 2.61567311924
32.92 2.29008111548
32.94 1.9574679307
32.96 1.61838024961
32.98 1.27352868733
33.0 0.923803482097
33.02 0.570281105816
33.04 0.21422116764
33.06 -0.14294657668
33.08 -0.499644778884
33.1 -0.854179737512
33.12 -1.20477987643
33.14 -1.54963949821
33.16 -1.88696541667
33.18 -2.21502377612
33.2 -2.53218424464
33.22 -2.83695884802
33.24 -3.1280329837
33.26 -3.40428661493
33.28 -3.66480425053
33.3 -3.90887301301
33.32 -4.13596883689
33.34 -4.34573155827
33.36 -4.5379303055
33.38 -4.71242115203
33.4 -4.86909941491
33.42 -5.00784928272
33.44 -5.12849363654
33.46 -5.23074700532
33.48 -5.3141745884
33.5 -5.37816019761
33.52 -5.42188581466
33.54 -5.44432521875
33.56 -5.44425378422
33.58 -5.42027603853
33.6 -5.37087186528
33.62 -5.29446129817
33.64 -5.18948666391
33.66 -5.05450941904
33.68 -4.88831746282
33.7 -4.69003712939
33.72 -4.45924266008
33.74 -4.19605496375
33.76 -3.90122112666
33.78 -3.57616662542
33.8 -3.22301364137
33.82 -2.84456122624
33.84 -2.44422615335
33.86 -2.02594675967
33.88 -1.59405551191
33.9 -1.15312895262
33.92 -0.707825700783
33.94 -0.262724025615
33.96 0.177829882621
33.98 0.609853353341
34.0 1.02983118339
34.02 1.43478775361
34.04 1.82232593713
34.06 2.19063411508
34.08 2.53846479364
34.1 2.86508983995
34.12 3.1702381857
34.14 3.45402206151
34.16 3.71685753302
34.18 3.95938445773
34.2 4.1823901157
34.22 4.38673981288
34.24 4.57331679367
34.26 4.74297291471
34.28 4.89649072973
34.3 5.034556955
34.32 5.15774671098
34.34 5.2665174663
34.36 5.36121124154
34.38 5.44206335764
34.4 5.50921583466
34.42 5.56273347125
34.44 5.60262066355
34.46 5.6288371582
34.48 5.6413111786
34.5 5.63994870348
34.52 5.62463809778
34.54 5.5952497721
34.56 5.55163104646
34.58 5.49359688619
34.6 5.4209176256
34.62 5.33330517407
34.64 5.23039948444
34.66 5.11175723938
34.68 4.97684477575
34.7 4.82503720896
34.72 4.65562554976
34.74 4.46783332046
34.76 4.26084377817
34.78 4.0338383408
34.8 3.78604618337
34.82 3.51680422491
34.84 3.2256258784
34.86 2.91227599881
34.88 2.57684848893
34.9 2.21984208295
34.92 1.84222901616
34.94 1.44551073952
34.96 1.03175469433
34.98 0.603606540668
35.0 0.16427326476
35.02 -0.28252571964
35.04 -0.732640051071
35.06 -1.18160030362
35.08 -1.62475517531
35.1 -2.05742616032
35.12 -2.475069729
35.14 -2.87343582191
35.16 -3.24871139415
35.18 -3.59763890511
35.2 -3.9176019071
35.22 -4.20667294223
35.24 -4.46362239845
35.26 -4.68789034729
35.28 -4.87952627038
35.3 -5.03910369111
35.32 -5.16761790694
35.34 -5.26637527498
35.36 -5.33688197123
35.38 -5.38073902993
35.4 -5.3995490121
35.42 -5.39483807863
35.44 -5.36799572443
35.46 -5.32023308792
35.48 -5.25255964406
35.5 -5.16577722383
35.52 -5.06048966313
35.54 -4.93712591968
35.56 -4.79597417292
35.58 -4.63722419481
35.6 -4.46101513062
35.62 -4.26748574947
35.64 -4.05682422
35.66 -3.82931455262
35.68 -3.58537705135
35.7 -3.32560043993
35.72 -3.05076379074
35.74 -2.76184697002
35.76 -2.46002899961
35.78 -2.14667448611
35.8 -1.82330901884
35.82 -1.49158513783
35.84 -1.15324105843
35.86 -0.81005475658
35.88 -0.463796245397
35.9 -0.116180887959
35.92 0.231173593321
35.94 0.576784102179
35.96 0.919331317235
35.98 1.25767972835
36.0 1.59088785135
36.02 1.9182084677
36.04 2.23907921966
36.06 2.5531043008
36.08 2.86002829817
36.1 3.15970347461
36.12 3.452051933
36.14 3.73702421055
36.16 4.01455591431
36.18 4.28452405735
36.2 4.54670480055
36.22 4.8007343422
36.24 5.04607473572
36.26 5.28198642848
36.28 5.50750927929
36.3 5.72145370616
36.32 5.92240339085
36.34 6.1087306038
36.36 6.27862468625
36.38 6.43013353456
36.4 6.56121709588
36.42 6.66981096782
36.44 6.75389726459
36.46 6.81157909504
36.48 6.84115439516
36.5 6.84118458929
36.52 6.81055369446
36.54 6.74851406201
36.56 6.65471593893
36.58 6.52921933148
36.6 6.37248811941
36.62 6.18536782401
36.64 5.96904970052
36.66 5.72502476068
36.68 5.45503183867
36.7 5.16100386472
36.72 4.84501614323
36.74 4.50923972492
36.76 4.15590204064
36.78 3.78725595192
36.8 3.40555738723
36.82 3.01305087318
36.84 2.61196160231
36.86 2.20449222984
36.88 1.79282238407
36.9 1.37910887393
36.92 0.965484769774
36.94 0.554055868498
36.96 0.1468934911
36.98 -0.253976944696
37.0 -0.646591622858
37.02 -1.02906786593
37.04 -1.3996266506
37.06 -1.75661690649
37.08 -2.09854017524
37.1 -2.42407409095
37.12 -2.73209315417
37.14 -3.02168539016
37.16 -3.29216369708
37.18 -3.54307098527
37.2 -3.77417854821
37.22 -3.98547747049
37.24 -4.17716324026
37.26 -4.34961406834
37.28 -4.50336370512
37.3 -4.63906978481
37.32 -4.75747889476
37.34 -4.85938967864
37.36 -4.94561532777
37.38 -5.01694680671
37.4 -5.07411810305
37.42 -5.11777469396
37.44 -5.14844629152
37.46 -5.16652477328
37.48 -5.17224802614
37.5 -5.16569023872
37.52 -5.14675897175
37.54 -5.11519912164
37.56 -5.07060367316
37.58 -5.01243091655
37.6 -4.94002758654
37.62 -4.85265717074
37.64 -4.74953243934
37.66 -4.62985107325
37.68 -4.49283312357
37.7 -4.33775892745
37.72 -4.16400605046
37.74 -3.97108382176
37.76 -3.75866409664
37.78 -3.52660701344
37.8 -3.27498071996
37.82 -3.00407431819
37.84 -2.71440360661
37.86 -2.40670957103
37.88 -2.08194996927
37.9 -1.74128473605
37.92 -1.38605628761
37.94 -1.01776609283
37.96 -0.638049074661
37.98 -0.248647503021
38.0 0.148613992625
38.02 0.551850807091
38.04 0.959136926496
38.06 1.36851883475
38.08 1.77802436768
38.1 2.18566662728
38.12 2.58944359472
38.14 2.98733458754
38.16 3.37729515205
38.18 3.75725233587
38.2 4.12510248485
38.22 4.47871373921
38.24 4.81593521372
38.26 5.13461442978
38.28 5.43262392569
38.3 5.70789712381
38.32 5.95847255123
38.34 6.18254447486
38.36 6.37851703919
38.38 6.54505821411
38.4 6.6811493917
38.42 6.78612640661
38.44 6.85970814748
38.46 6.90200975427
38.48 6.91353858714
38.5 6.89517256531
38.52 6.84812194275
38.54 6.77387693354
38.56 6.67414467093
38.58 6.55077967142
38.6 6.40571223613
38.62 6.24087906683
38.64 6.0581598749
38.66 5.85932301568
38.68 5.64598230044
38.7 5.41956623625
38.72 5.1813000974
38.74 4.93220051162
38.76 4.67308167063
38.78 4.40457185609
38.8 4.12713869614
38.82 3.84112140555
38.84 3.54676818375
38.86 3.24427692356
38.88 2.933837398
38.9 2.61567311925
38.92 2.29008111549
38.94 1.95746793072
38.96 1.61838024958
38.98 1.27352868733
39.0 0.923803482087
39.02 0.570281105851
39.04 0.214221167565
39.06 -0.142946576635
39.08 -0.499644778878
39.1 -0.854179737501
39.12 -1.20477987644
39.14 -1.5496394982
39.16 -1.8869654167
39.18 -2.2150237761
39.2 -2.53218424464
39.22 -2.83695884803
39.24 -3.12803298367
39.26 -3.40428661495
39.28 -3.66480425052
39.3 -3.90887301301
39.32 -4.13596883689
39.34 -4.34573155826
39.36 -4.53793030549
39.38 -4.71242115204
39.4 -4.86909941492
39.42 -5.00784928271
39.44 -5.12849363655
39.46 -5.23074700531
39.48 -5.31417458839
39.5 -5.37816019762
39.52 -5.42188581466
39.54 -5.44432521875
39.56 -5.44425378422
39.58 -5.42027603853
39.6 -5.37087186528
39.62 -5.29446129818
39.64 -5.18948666391
39.66 -5.05450941905
39.68 -4.8883174628
39.7 -4.69003712941
39.72 -4.45924266007
39.74 -4.19605496376
39.76 -3.90122112665
39.78 -3.57616662543
39.8 -3.22301364137
39.82 -2.84456122626
39.84 -2.44422615333
39.86 -2.02594675967
39.88 -1.5940555119
39.9 -1.15312895264
39.92 -0.707825700779
39.94 -0.262724025613
39.96 0.177829882619
39.98 0.609853353322
