0.0 1.55038130237
0.02 1.87283818966
0.04 2.18900324643
0.06 2.49848995705
0.08 2.80104927562
0.1 3.09653734795
0.12 3.38487819273
0.14 3.66602286035
0.16 3.93990665367
0.18 4.2064060461
0.2 4.46529697634
0.22 4.71621624287
0.24 4.95862775778
0.26 5.19179543526
0.28 5.4147644586
0.3 5.62635256242
0.32 5.82515274796
0.34 6.00954848914
0.36 6.17774196565
0.38 6.32779517312
0.4 6.45768293483
0.42 6.56535592586
0.44 6.64881090334
0.46 6.70616452158
0.48 6.73572651492
0.5 6.73606776277
0.52 6.70607888929
0.54 6.64501562394
0.56 6.55252812722
0.58 6.4286727745
0.6 6.27390634259
0.62 6.08906398639
0.64 5.87532364958
0.66 5.63416048039
0.68 5.36729532801
0.7 5.07664144752
0.72 4.7642531768
0.74 4.43227965041
0.76 4.08292570298
0.78 3.71842111035
0.8 3.34099834215
0.82 2.95287814779
0.84 2.55626163358
0.86 2.15332704864
0.88 1.74622928492
0.9 1.33710009981
0.92 0.928047256195
0.94 0.521151105852
0.96 0.118457573944
0.98 -0.278033009787
1.0 -0.666381285768
1.02 -1.04472802131
1.04 -1.41131620785
1.06 -1.76451492482
1.08 -2.10284356977
1.1 -2.42499494336
1.12 -2.72985568419
1.14 -3.01652266611
1.16 -3.28431418263
1.18 -3.53277503055
1.2 -3.76167494008
1.22 -3.97100015776
1.24 -4.16093834301
1.26 -4.33185726921
1.28 -4.48427810651
1.3 -4.61884429539
1.32 -4.73628718979
1.34 -4.83738975602
1.36 -4.92294966098
1.38 -4.99374307543
1.4 -5.05049046385
1.42 -5.09382553617
1.44 -5.12426841059
1.46 -5.14220388119
1.48 -5.14786551008
1.5 -5.1413260728
1.52 -5.12249468245
1.54 -5.0911207065
1.56 -5.04680437322
1.58 -4.98901374685
1.6 -4.91710753476
1.62 -4.83036298306
1.64 -4.72800792381
1.66 -4.60925586472
1.68 -4.47334286996
1.7 -4.3195648769
1.72 -4.14731403691
1.74 -3.95611266983
1.76 -3.74564348627
1.78 -3.51577486687
1.8 -3.26658019202
1.82 -2.99835048642
1.84 -2.71159996973
1.86 -2.40706447169
1.88 -2.08569305574
1.9 -1.74863357402
1.92 -1.39721322124
1.94 -1.03291543619
1.96 -0.657354695912
1.98 -0.272250836717
2.0 0.120595491845
2.02 0.519324782758
2.04 0.922036844513
2.06 1.32680436502
2.08 1.73168148625
2.1 2.13470750837
2.12 2.53390635954
2.14 2.92728296818
2.16 3.31281811667
2.18 3.68846369937
2.2 4.05214050998
2.22 4.40174070818
2.24 4.7351369291
2.26 5.0501995867
2.28 5.3448232837
2.3 5.61696240452
2.32 5.86467499365
2.34 6.08617299503
2.36 6.27987596671
2.38 6.44446461004
2.4 6.57892998856
2.42 6.68261424924
2.44 6.75523904616
2.46 6.79691868827
2.48 6.80815621156
2.5 6.78982197665
2.52 6.74311584771
2.54 6.66951534286
2.56 6.57071320754
2.58 6.44854854404
2.6 6.30493588847
2.62 6.14179647364
2.64 5.96099542132
2.66 5.76428786754
2.68 5.55327615353
2.7 5.3293793184
2.72 5.09381529314
2.74 4.84759547905
2.76 4.59153082578
2.78 4.32624811072
2.8 4.05221484708
2.82 3.76977108831
2.84 3.47916632068
2.86 3.18059961584
2.88 2.87426122969
2.9 2.56037386698
2.92 2.2392318792
2.94 1.91123673001
2.96 1.57692715672
2.98 1.23700259586
3.0 0.892338638742
3.02 0.543993555521
3.04 0.193205280237
3.06 -0.158621316745
3.08 -0.509936541042
3.1 -0.859076499561
3.12 -1.20430081851
3.14 -1.54383552422
3.16 -1.87591873617
3.18 -2.19884653459
3.2 -2.5110162496
3.22 -2.81096449543
3.24 -3.09739754551
3.26 -3.36921209468
3.28 -3.62550504627
3.3 -3.86557164745
3.32 -4.08889201745
3.34 -4.29510681659
3.36 -4.48398344046
3.38 -4.65537465983
3.4 -4.80917204226
3.42 -4.94525678333
3.44 -5.0634507509
3.46 -5.16347062129
3.48 -5.244887977
3.5 -5.30709815363
3.52 -5.34930046984
3.54 -5.37049223422
3.56 -5.36947857241
3.58 -5.34489961571
3.6 -5.29527589867
3.62 -5.21907189175
3.64 -5.11477643153
3.66 -4.9809974305
3.68 -4.81656672095
3.7 -4.62064935093
3.72 -4.3928502863
3.74 -4.13331051352
3.76 -3.84278420954
3.78 -3.52268914125
3.8 -3.17512387587
3.82 -2.8028476932
3.84 -2.40922210557
3.86 -1.99811628244
3.88 -1.57378202022
3.9 -1.14070674249
3.92 -0.703454974219
3.94 -0.266509547789
3.96 0.165876602482
3.98 0.589808705298
4.0 1.00185146111
4.02 1.3990991843
4.04 1.77921345628
4.06 2.14042959666
4.08 2.48153538374
4.1 2.80182693607
4.12 3.10104747993
4.14 3.37931493168
4.16 3.63704393705
4.18 3.87486737368
4.2 4.09356147754
4.22 4.29397781906
4.24 4.47698442112
4.26 4.64341743915
4.28 4.79404404551
4.3 4.92953649058
4.32 5.05045675014
4.34 5.15725070799
4.36 5.25025045897
4.38 5.32968304638
4.4 5.39568377212
4.42 5.44831214012
4.44 5.48756852018
4.46 5.51340975318
4.48 5.5257621571
4.5 5.52453072926
4.52 5.50960375444
4.54 5.48085249848
4.56 5.4381261603
4.58 5.38124274014
4.6 5.30997692471
4.62 5.2240464629
4.64 5.12309878633
4.66 5.00669980335
4.68 4.87432685414
4.7 4.72536775926
4.72 4.55912772288
4.74 4.37484556968
4.76 4.17172040049
4.78 3.94894924646
4.8 3.70577568255
4.82 3.44154863061
4.84 3.15578974724
4.86 2.84826687699
4.88 2.51907009849
4.9 2.16868597211
4.92 1.79806480946
4.94 1.40867525237
4.96 1.002540308
4.98 0.582249368576
5.0 0.150941747012
5.02 -0.287741082301
5.04 -0.72973509356
5.06 -1.17066303842
5.08 -1.60596851387
5.1 -2.03106712829
5.12 -2.44150503053
5.14 -2.83311387278
5.16 -3.20215121362
5.18 -3.54541649628
5.2 -3.86033493642
5.22 -4.14500463416
5.24 -4.39820558044
5.26 -4.61937251344
5.28 -4.80853639906
5.3 -4.96624136642
5.32 -5.09344508538
5.34 -5.19141082966
5.36 -5.2615989541
5.38 -5.30556443464
5.4 -5.32486570169
5.42 -5.32098846532
5.44 -5.2952867489
5.46 -5.2489420407
5.48 -5.18294038837
5.5 -5.09806641747
5.52 -4.99491262491
5.54 -4.87390184277
5.56 -4.73532044762
5.58 -4.57935966588
5.6 -4.4061621775
5.62 -4.21587114135
5.64 -4.00867875879
5.66 -3.78487157855
5.68 -3.54486993864
5.7 -3.28925926195
5.72 -3.01881137204
5.74 -2.73449457136
5.76 -2.43747189747
5.78 -2.12908770553
5.8 -1.81084346327
5.82 -1.48436432798
5.84 -1.15135864713
5.86 -0.813572935132
5.88 -0.47274509795
5.9 -0.130558691442
5.92 0.211399179862
5.94 0.551674062831
5.96 0.888972661026
5.98 1.22218239178
6.0 1.55038130238
6.02 1.87283818965
6.04 2.18900324644
6.06 2.49848995704
6.08 2.80104927563
6.1 3.09653734795
6.12 3.38487819273
6.14 3.66602286035
6.16 3.93990665367
6.18 4.2064060461
6.2 4.46529697634
6.22 4.71621624287
6.24 4.95862775778
6.26 5.19179543526
6.28 5.4147644586
6.3 5.62635256242
6.32 5.82515274796
6.34 6.00954848914
6.36 6.17774196565
6.38 6.32779517312
6.4 6.45768293483
6.42 6.56535592586
6.44 6.64881090334
6.46 6.70616452158
6.48 6.73572651492
6.5 6.73606776277
6.52 6.70607888929
6.54 6.64501562394
6.56 6.55252812723
6.58 6.42867277451
6.6 6.27390634259
6.62 6.08906398639
6.64 5.87532364958
6.66 5.63416048039
6.68 5.36729532801
6.7 5.07664144752
6.72 4.7642531768
6.74 4.4322796504
6.76 4.08292570299
6.78 3.71842111034
6.8 3.34099834216
6.82 2.95287814779
6.84 2.55626163356
6.86 2.15332704865
6.88 1.74622928491
6.9 1.33710009982
6.92 0.928047256184
6.94 0.521151105866
6.96 0.118457573931
6.98 -0.278033009776
7.0 -0.666381285772
7.02 -1.04472802131
7.04 -1.41131620785
7.06 -1.76451492483
7.08 -2.10284356976
7.1 -2.42499494336
7.12 -2.72985568418
7.14 -3.01652266611
7.16 -3.28431418263
7.18 -3.53277503055
7.2 -3.76167494008
7.22 -3.97100015775
7.24 -4.16093834302
7.26 -4.3318572692
7.28 -4.48427810652
7.3 -4.61884429538
7.32 -4.73628718979
7.34 -4.83738975602
7.36 -4.92294966098
7.38 -4.99374307543
7.4 -5.05049046385
7.42 -5.09382553617
7.44 -5.12426841058
7.46 -5.1422038812
7.48 -5.14786551008
7.5 -5.1413260728
7.52 -5.12249468246
7.54 -5.0911207065
7.56 -5.04680437322
7.58 -4.98901374685
7.6 -4.91710753476
7.62 -4.83036298306
7.64 -4.72800792382
7.66 -4.60925586472
7.68 -4.47334286996
7.7 -4.3195648769
7.72 -4.1473140369
7.74 -3.95611266983
7.76 -3.74564348627
7.78 -3.51577486687
7.8 -3.26658019202
7.82 -2.99835048641
7.84 -2.71159996973
7.86 -2.4070644717
7.88 -2.08569305574
7.9 -1.74863357402
7.92 -1.39721322124
7.94 -1.03291543619
7.96 -0.657354695914
7.98 -0.272250836716
8.0 0.120595491845
8.02 0.519324782759
8.04 0.922036844513
8.06 1.32680436502
8.08 1.73168148625
8.1 2.13470750838
8.12 2.53390635954
8.14 2.92728296818
8.16 3.31281811667
8.18 3.68846369937
8.2 4.05214050998
8.22 4.40174070818
8.24 4.7351369291
8.26 5.0501995867
8.28 5.3448232837
8.3 5.61696240452
8.32 5.86467499365
8.34 6.08617299503
8.36 6.27987596671
8.38 6.44446461004
8.4 6.57892998856
8.42 6.68261424924
8.44 6.75523904616
8.46 6.79691868827
8.48 6.80815621156
8.5 6.78982197665
8.52 6.74311584771
8.54 6.66951534286
8.56 6.57071320753
8.58 6.44854854404
8.6 6.30493588847
8.62 6.14179647364
8.64 5.96099542131
8.66 5.76428786755
8.68 5.55327615353
8.7 5.32937931841
8.72 5.09381529314
8.74 4.84759547905
8.76 4.59153082578
8.78 4.32624811072
8.8 4.05221484708
8.82 3.7697710883
8.84 3.4791663207
8.86 3.18059961583
8.88 2.87426122971
8.9 2.56037386697
8.92 2.23923187922
8.94 1.91123673
8.96 1.57692715672
8.98 1.23700259587
9.0 0.892338638731
9.02 0.543993555533
9.04 0.193205280227
9.06 -0.158621316736
9.08 -0.509936541048
9.1 -0.859076499554
9.12 -1.20430081852
9.14 -1.54383552421
9.16 -1.87591873617
9.18 -2.1988465346
9.2 -2.5110162496
9.22 -2.81096449544
9.24 -3.0973975455
9.26 -3.36921209469
9.28 -3.62550504627
9.3 -3.86557164745
9.32 -4.08889201745
9.34 -4.29510681659
9.36 -4.48398344046
9.38 -4.65537465984
9.4 -4.80917204225
9.42 -4.94525678333
9.44 -5.0634507509
9.46 -5.16347062129
9.48 -5.244887977
9.5 -5.30709815363
9.52 -5.34930046984
9.54 -5.37049223422
9.56 -5.36947857241
9.58 -5.34489961571
9.6 -5.29527589867
9.62 -5.21907189175
9.64 -5.11477643154
9.66 -4.9809974305
9.68 -4.81656672095
9.7 -4.62064935091
9.72 -4.39285028632
9.74 -4.13331051352
9.76 -3.84278420955
9.78 -3.52268914125
9.8 -3.17512387586
9.82 -2.80284769321
9.84 -2.40922210556
9.86 -1.99811628245
9.88 -1.57378202021
9.9 -1.1407067425
9.92 -0.703454974209
9.94 -0.266509547795
9.96 0.165876602488
9.98 0.589808705291
10.0 1.00185146111
10.02 1.39909918432
10.04 1.77921345626
10.06 2.14042959667
10.08 2.48153538373
10.1 2.80182693608
10.12 3.10104747992
10.14 3.37931493168
10.16 3.63704393704
10.18 3.87486737369
10.2 4.09356147753
10.22 4.29397781906
10.24 4.47698442111
10.26 4.64341743916
10.28 4.79404404551
10.3 4.92953649058
10.32 5.05045675014
10.34 5.15725070799
10.36 5.25025045898
10.38 5.32968304638
10.4 5.39568377213
10.42 5.44831214012
10.44 5.48756852018
10.46 5.51340975318
10.48 5.5257621571
10.5 5.52453072926
10.52 5.50960375445
10.54 5.48085249848
10.56 5.4381261603
10.58 5.38124274014
10.6 5.30997692472
10.62 5.22404646289
10.64 5.12309878633
10.66 5.00669980335
10.68 4.87432685414
10.7 4.72536775927
10.72 4.55912772287
10.74 4.37484556969
10.76 4.17172040048
10.78 3.94894924646
10.8 3.70577568254
10.82 3.44154863062
10.84 3.15578974724
10.86 2.84826687698
10.88 2.5190700985
10.9 2.1686859721
10.92 1.79806480947
10.94 1.40867525235
10.96 1.00254030801
10.98 0.582249368562
11.0 0.150941747029
11.02 -0.287741082317
11.04 -0.729735093546
11.06 -1.17066303842
11.08 -1.60596851388
11.1 -2.03106712828
11.12 -2.44150503054
11.14 -2.83311387277
11.16 -3.20215121363
11.18 -3.54541649628
11.2 -3.86033493643
11.22 -4.14500463416
11.24 -4.39820558044
11.26 -4.61937251343
11.28 -4.80853639906
11.3 -4.96624136642
11.32 -5.09344508538
11.34 -5.19141082967
11.36 -5.2615989541
11.38 -5.30556443464
11.4 -5.3248657017
11.42 -5.32098846532
11.44 -5.2952867489
11.46 -5.24894204071
11.48 -5.18294038836
11.5 -5.09806641747
11.52 -4.9949126249
11.54 -4.87390184277
11.56 -4.73532044762
11.58 -4.57935966588
11.6 -4.40616217751
11.62 -4.21587114135
11.64 -4.00867875878
11.66 -3.78487157856
11.68 -3.54486993863
11.7 -3.28925926196
11.72 -3.01881137204
11.74 -2.73449457136
11.76 -2.43747189748
11.78 -2.12908770553
11.8 -1.81084346327
11.82 -1.48436432797
11.84 -1.15135864714
11.86 -0.813572935128
11.88 -0.472745097953
11.9 -0.130558691436
11.92 0.211399179852
11.94 0.551674062831
11.96 0.888972661031
11.98 1.22218239178
12.0 1.55038130238
12.02 1.87283818964
12.04 2.18900324644
12.06 2.49848995703
12.08 2.80104927564
12.1 3.09653734794
12.12 3.38487819274
12.14 3.66602286034
12.16 3.93990665367
12.18 4.20640604611
12.2 4.46529697633
12.22 4.71621624288
12.24 4.95862775777
12.26 5.19179543527
12.28 5.41476445859
12.3 5.62635256243
12.32 5.82515274795
12.34 6.00954848914
12.36 6.17774196565
12.38 6.32779517312
12.4 6.45768293483
12.42 6.56535592586
12.44 6.64881090334
12.46 6.70616452157
12.48 6.73572651492
12.5 6.73606776277
12.52 6.70607888929
12.54 6.64501562394
12.56 6.55252812723
12.58 6.4286727745
12.6 6.27390634259
12.62 6.08906398638
12.64 5.87532364959
12.66 5.63416048039
12.68 5.36729532801
12.7 5.07664144752
12.72 4.76425317681
12.74 4.4322796504
12.76 4.08292570299
12.78 3.71842111035
12.8 3.34099834214
12.82 2.9528781478
12.84 2.55626163357
12.86 2.15332704865
12.88 1.74622928491
12.9 1.33710009982
12.92 0.928047256184
12.94 0.521151105867
12.96 0.118457573933
12.98 -0.278033009779
13.0 -0.666381285774
13.02 -1.04472802129
13.04 -1.41131620787
13.06 -1.76451492481
13.08 -2.10284356978
13.1 -2.42499494333
13.12 -2.72985568421
13.14 -3.0165226661
13.16 -3.28431418263
13.18 -3.53277503054
13.2 -3.76167494009
13.22 -3.97100015775
13.24 -4.160938343
13.26 -4.33185726922
13.28 -4.48427810651
13.3 -4.61884429539
13.32 -4.73628718978
13.34 -4.83738975603
13.36 -4.92294966097
13.38 -4.99374307544
13.4 -5.05049046385
13.42 -5.09382553617
13.44 -5.12426841059
13.46 -5.14220388119
13.48 -5.14786551008
13.5 -5.1413260728
13.52 -5.12249468245
13.54 -5.0911207065
13.56 -5.04680437322
13.58 -4.98901374685
13.6 -4.91710753476
13.62 -4.83036298306
13.64 -4.72800792381
13.66 -4.60925586472
13.68 -4.47334286997
13.7 -4.31956487688
13.72 -4.14731403691
13.74 -3.95611266983
13.76 -3.74564348628
13.78 -3.51577486685
13.8 -3.26658019201
13.82 -2.99835048643
13.84 -2.71159996973
13.86 -2.40706447168
13.88 -2.08569305574
13.9 -1.74863357404
13.92 -1.39721322122
13.94 -1.03291543619
13.96 -0.657354695909
13.98 -0.272250836739
14.0 0.120595491866
14.02 0.519324782759
14.04 0.922036844501
14.06 1.32680436502
14.08 1.73168148626
14.1 2.13470750837
14.12 2.53390635953
14.14 2.9272829682
14.16 3.31281811667
14.18 3.68846369936
14.2 4.05214050999
14.22 4.40174070819
14.24 4.7351369291
14.26 5.05019958669
14.28 5.3448232837
14.3 5.61696240452
14.32 5.86467499365
14.34 6.08617299502
14.36 6.27987596672
14.38 6.44446461005
14.4 6.57892998855
14.42 6.68261424924
14.44 6.75523904616
14.46 6.79691868826
14.48 6.80815621156
14.5 6.78982197665
14.52 6.74311584771
14.54 6.66951534286
14.56 6.57071320753
14.58 6.44854854404
14.6 6.30493588847
14.62 6.14179647364
14.64 5.96099542133
14.66 5.76428786753
14.68 5.55327615353
14.7 5.32937931842
14.72 5.09381529312
14.74 4.84759547905
14.76 4.59153082579
14.78 4.32624811072
14.8 4.05221484706
14.82 3.76977108831
14.84 3.47916632069
14.86 3.18059961584
14.88 2.87426122968
14.9 2.56037386699
14.92 2.2392318792
14.94 1.91123673
14.96 1.57692715672
14.98 1.23700259588
15.0 0.892338638744
15.02 0.543993555505
15.04 0.193205280242
15.06 -0.158621316736
15.08 -0.509936541042
15.1 -0.859076499569
15.12 -1.2043008185
15.14 -1.54383552422
15.16 -1.87591873618
15.18 -2.19884653459
15.2 -2.5110162496
15.22 -2.81096449543
15.24 -3.09739754552
15.26 -3.36921209467
15.28 -3.62550504628
15.3 -3.86557164745
15.32 -4.08889201746
15.34 -4.29510681657
15.36 -4.48398344047
15.38 -4.65537465983
15.4 -4.80917204226
15.42 -4.94525678333
15.44 -5.0634507509
15.46 -5.1634706213
15.48 -5.244887977
15.5 -5.30709815364
15.52 -5.34930046984
15.54 -5.37049223422
15.56 -5.36947857242
15.58 -5.3448996157
15.6 -5.29527589868
15.62 -5.21907189175
15.64 -5.11477643153
15.66 -4.9809974305
15.68 -4.81656672094
15.7 -4.62064935093
15.72 -4.3928502863
15.74 -4.13331051353
15.76 -3.84278420953
15.78 -3.52268914126
15.8 -3.17512387586
15.82 -2.80284769319
15.84 -2.40922210557
15.86 -1.99811628244
15.88 -1.57378202023
15.9 -1.14070674248
15.92 -0.703454974224
15.94 -0.266509547785
15.96 0.165876602475
15.98 0.589808705299
16.0 1.00185146112
16.02 1.3990991843
16.04 1.77921345628
16.06 2.14042959665
16.08 2.48153538375
16.1 2.80182693606
16.12 3.10104747994
16.14 3.37931493166
16.16 3.63704393706
16.18 3.87486737367
16.2 4.09356147754
16.22 4.29397781906
16.24 4.47698442111
16.26 4.64341743916
16.28 4.7940440455
16.3 4.92953649059
16.32 5.05045675013
16.34 5.15725070799
16.36 5.25025045898
16.38 5.32968304638
16.4 5.39568377212
16.42 5.44831214012
16.44 5.48756852018
16.46 5.51340975318
16.48 5.5257621571
16.5 5.52453072926
16.52 5.50960375444
16.54 5.48085249849
16.56 5.4381261603
16.58 5.38124274014
16.6 5.30997692472
16.62 5.22404646288
16.64 5.12309878633
16.66 5.00669980334
16.68 4.87432685415
16.7 4.72536775926
16.72 4.55912772287
16.74 4.37484556968
16.76 4.1717204005
16.78 3.94894924646
16.8 3.70577568255
16.82 3.44154863062
16.84 3.15578974724
16.86 2.84826687699
16.88 2.51907009848
16.9 2.16868597212
16.92 1.79806480946
16.94 1.40867525235
16.96 1.002540308
16.98 0.582249368582
17.0 0.150941747016
17.02 -0.287741082311
17.04 -0.72973509355
17.06 -1.17066303842
17.08 -1.60596851388
17.1 -2.03106712829
17.12 -2.44150503053
17.14 -2.83311387277
17.16 -3.20215121363
17.18 -3.54541649628
17.2 -3.86033493642
17.22 -4.14500463417
17.24 -4.39820558043
17.26 -4.61937251343
17.28 -4.80853639907
17.3 -4.96624136642
17.32 -5.09344508538
17.34 -5.19141082966
17.36 -5.26159895411
17.38 -5.30556443463
17.4 -5.3248657017
17.42 -5.32098846532
17.44 -5.29528674891
17.46 -5.2489420407
17.48 -5.18294038837
17.5 -5.09806641748
17.52 -4.9949126249
17.54 -4.87390184276
17.56 -4.73532044763
17.58 -4.57935966587
17.6 -4.4061621775
17.62 -4.21587114134
17.64 -4.0086787588
17.66 -3.78487157854
17.68 -3.54486993864
17.7 -3.28925926196
17.72 -3.01881137204
17.74 -2.73449457136
17.76 -2.43747189747
17.78 -2.12908770555
17.8 -1.81084346325
17.82 -1.48436432798
17.84 -1.15135864713
17.86 -0.813572935158
17.88 -0.472745097927
17.9 -0.130558691446
17.92 0.211399179855
17.94 0.551674062829
17.96 0.888972661037
17.98 1.22218239178
18.0 1.55038130235
18.02 1.87283818968
18.04 2.18900324643
18.06 2.49848995704
18.08 2.80104927561
18.1 3.09653734797
18.12 3.38487819273
18.14 3.66602286033
18.16 3.93990665369
18.18 4.2064060461
18.2 4.46529697635
18.22 4.71621624285
18.24 4.9586277578
18.26 5.19179543526
18.28 5.4147644586
18.3 5.62635256241
18.32 5.82515274797
18.34 6.00954848914
18.36 6.17774196564
18.38 6.32779517313
18.4 6.45768293483
18.42 6.56535592586
18.44 6.64881090334
18.46 6.70616452158
18.48 6.73572651492
18.5 6.73606776277
18.52 6.70607888929
18.54 6.64501562393
18.56 6.55252812723
18.58 6.42867277451
18.6 6.27390634258
18.62 6.08906398639
18.64 5.87532364958
18.66 5.6341604804
18.68 5.36729532799
18.7 5.07664144752
18.72 4.7642531768
18.74 4.43227965042
18.76 4.08292570297
18.78 3.71842111034
18.8 3.34099834217
18.82 2.95287814777
18.84 2.55626163358
18.86 2.15332704864
18.88 1.74622928494
18.9 1.33710009979
18.92 0.928047256195
18.94 0.521151105851
18.96 0.118457573968
18.98 -0.27803300981
19.0 -0.666381285769
19.02 -1.04472802129
19.04 -1.41131620788
19.06 -1.76451492482
19.08 -2.10284356977
19.1 -2.42499494334
19.12 -2.72985568421
19.14 -3.0165226661
19.16 -3.28431418263
19.18 -3.53277503054
19.2 -3.76167494009
19.22 -3.97100015775
19.24 -4.160938343
19.26 -4.33185726922
19.28 -4.48427810651
19.3 -4.61884429539
19.32 -4.73628718978
19.34 -4.83738975603
19.36 -4.92294966097
19.38 -4.99374307544
19.4 -5.05049046385
19.42 -5.09382553617
19.44 -5.12426841059
19.46 -5.14220388119
19.48 -5.14786551008
19.5 -5.1413260728
19.52 -5.12249468245
19.54 -5.0911207065
19.56 -5.04680437322
19.58 -4.98901374685
19.6 -4.91710753477
19.62 -4.83036298305
19.64 -4.72800792381
19.66 -4.60925586472
19.68 -4.47334286998
19.7 -4.31956487688
19.72 -4.14731403691
19.74 -3.95611266983
19.76 -3.74564348628
19.78 -3.51577486685
19.8 -3.26658019202
19.82 -2.99835048643
19.84 -2.71159996971
19.86 -2.4070644717
19.88 -2.08569305573
19.9 -1.74863357404
19.92 -1.39721322122
19.94 -1.03291543619
19.96 -0.657354695913
19.98 -0.272250836737
20.0 0.120595491866
20.02 0.519324782755
20.04 0.922036844499
20.06 1.32680436504
20.08 1.73168148625
20.1 2.13470750837
20.12 2.53390635953
20.14 2.9272829682
20.16 3.31281811667
20.18 3.68846369937
20.2 4.05214050997
20.22 4.4017407082
20.24 4.73513692909
20.26 5.05019958669
20.28 5.3448232837
20.3 5.61696240452
20.32 5.86467499365
20.34 6.08617299502
20.36 6.27987596671
20.38 6.44446461005
20.4 6.57892998855
20.42 6.68261424924
20.44 6.75523904616
20.46 6.79691868826
20.48 6.80815621156
20.5 6.78982197665
20.52 6.74311584771
20.54 6.66951534286
20.56 6.57071320754
20.58 6.44854854404
20.6 6.30493588847
20.62 6.14179647362
20.64 5.96099542135
20.66 5.76428786751
20.68 5.55327615354
20.7 5.3293793184
20.72 5.09381529314
20.74 4.84759547903
20.76 4.5915308258
20.78 4.32624811072
20.8 4.05221484708
20.82 3.76977108829
20.84 3.4791663207
20.86 3.18059961585
20.88 2.8742612297
20.9 2.56037386695
20.92 2.23923187923
20.94 1.91123673001
20.96 1.57692715672
20.98 1.23700259584
21.0 0.892338638786
21.02 0.543993555473
21.04 0.193205280264
21.06 -0.158621316767
21.08 -0.509936541003
21.1 -0.859076499598
21.12 -1.20430081849
21.14 -1.54383552422
21.16 -1.87591873617
21.18 -2.1988465346
21.2 -2.51101624959
21.22 -2.81096449543
21.24 -3.09739754551
21.26 -3.3692120947
21.28 -3.62550504627
21.3 -3.86557164745
21.32 -4.08889201744
21.34 -4.29510681661
21.36 -4.48398344044
21.38 -4.65537465984
21.4 -4.80917204226
21.42 -4.94525678333
21.44 -5.06345075089
21.46 -5.1634706213
21.48 -5.24488797699
21.5 -5.30709815364
21.52 -5.34930046984
21.54 -5.37049223422
21.56 -5.36947857241
21.58 -5.34489961571
21.6 -5.29527589867
21.62 -5.21907189174
21.64 -5.11477643155
21.66 -4.9809974305
21.68 -4.81656672095
21.7 -4.6206493509
21.72 -4.39285028634
21.74 -4.1333105135
21.76 -3.84278420955
21.78 -3.52268914124
21.8 -3.17512387589
21.82 -2.80284769317
21.84 -2.40922210558
21.86 -1.99811628243
21.88 -1.57378202026
21.9 -1.14070674246
21.92 -0.703454974236
21.94 -0.266509547788
21.96 0.165876602482
21.98 0.589808705317
22.0 1.0018514611
22.02 1.39909918431
22.04 1.77921345628
22.06 2.14042959667
22.08 2.48153538373
22.1 2.80182693607
22.12 3.10104747993
22.14 3.37931493169
22.16 3.63704393702
22.18 3.87486737371
22.2 4.09356147753
22.22 4.29397781906
22.24 4.47698442109
22.26 4.64341743918
22.28 4.7940440455
22.3 4.92953649059
22.32 5.05045675012
22.34 5.15725070801
22.36 5.25025045896
22.38 5.32968304639
22.4 5.39568377212
22.42 5.44831214012
22.44 5.48756852018
22.46 5.51340975318
22.48 5.5257621571
22.5 5.52453072926
22.52 5.50960375445
22.54 5.48085249848
22.56 5.4381261603
22.58 5.38124274013
22.6 5.30997692473
22.62 5.22404646288
22.64 5.12309878634
22.66 5.00669980333
22.68 4.87432685417
22.7 4.72536775923
22.72 4.5591277229
22.74 4.37484556967
22.76 4.17172040052
22.78 3.94894924642
22.8 3.70577568257
22.82 3.44154863061
22.84 3.15578974724
22.86 2.84826687697
22.88 2.51907009851
22.9 2.16868597212
22.92 1.79806480946
22.94 1.40867525234
22.96 1.00254030802
22.98 0.582249368574
23.0 0.150941747013
23.02 -0.28774108232
23.04 -0.729735093515
23.06 -1.17066303847
23.08 -1.60596851385
23.1 -2.03106712831
23.12 -2.4415050305
23.14 -2.83311387281
23.16 -3.20215121361
23.18 -3.5454164963
23.2 -3.8603349364
23.22 -4.14500463419
23.24 -4.39820558042
23.26 -4.61937251343
23.28 -4.80853639907
23.3 -4.96624136642
23.32 -5.09344508538
23.34 -5.19141082966
23.36 -5.26159895412
23.38 -5.30556443462
23.4 -5.3248657017
23.42 -5.32098846532
23.44 -5.2952867489
23.46 -5.24894204069
23.48 -5.18294038838
23.5 -5.09806641747
23.52 -4.99491262491
23.54 -4.87390184276
23.56 -4.73532044764
23.58 -4.57935966586
23.6 -4.40616217752
23.62 -4.21587114134
23.64 -4.00867875879
23.66 -3.78487157853
23.68 -3.54486993865
23.7 -3.28925926195
23.72 -3.01881137203
23.74 -2.73449457135
23.76 -2.43747189749
23.78 -2.12908770553
23.8 -1.81084346326
23.82 -1.48436432796
23.84 -1.15135864714
23.86 -0.813572935143
23.88 -0.472745097941
23.9 -0.130558691428
23.92 0.211399179822
23.94 0.551674062875
23.96 0.888972660999
23.98 1.22218239178
24.0 1.55038130238
24.02 1.87283818967
24.04 2.18900324641
24.06 2.49848995705
24.08 2.80104927562
24.1 3.09653734797
24.12 3.38487819271
24.14 3.66602286035
24.16 3.93990665367
24.18 4.20640604612
24.2 4.46529697633
24.22 4.71621624287
24.24 4.95862775778
24.26 5.19179543527
24.28 5.41476445858
24.3 5.62635256242
24.32 5.82515274796
24.34 6.00954848915
24.36 6.17774196565
24.38 6.32779517313
24.4 6.45768293482
24.42 6.56535592586
24.44 6.64881090334
24.46 6.70616452158
24.48 6.73572651492
24.5 6.73606776277
24.52 6.70607888929
24.54 6.64501562393
24.56 6.55252812723
24.58 6.42867277451
24.6 6.27390634258
24.62 6.08906398638
24.64 5.87532364959
24.66 5.63416048039
24.68 5.367295328
24.7 5.07664144753
24.72 4.7642531768
24.74 4.43227965039
24.76 4.082925703
24.78 3.71842111035
24.8 3.34099834215
24.82 2.95287814776
24.84 2.5562616336
24.86 2.15332704864
24.88 1.74622928492
24.9 1.33710009979
24.92 0.928047256215
24.94 0.521151105852
24.96 0.118457573947
24.98 -0.278033009811
25.0 -0.666381285748
25.02 -1.04472802131
25.04 -1.41131620786
25.06 -1.76451492481
25.08 -2.10284356979
25.1 -2.42499494334
25.12 -2.72985568419
25.14 -3.01652266611
25.16 -3.28431418263
25.18 -3.53277503057
25.2 -3.76167494007
25.22 -3.97100015775
25.24 -4.16093834301
25.26 -4.33185726922
25.28 -4.4842781065
25.3 -4.61884429539
25.32 -4.73628718979
25.34 -4.83738975603
25.36 -4.92294966096
25.38 -4.99374307544
25.4 -5.05049046385
25.42 -5.09382553617
25.44 -5.1242684106
25.46 -5.14220388119
25.48 -5.14786551008
25.5 -5.1413260728
25.52 -5.12249468245
25.54 -5.0911207065
25.56 -5.04680437323
25.58 -4.98901374685
25.6 -4.91710753476
25.62 -4.83036298305
25.64 -4.72800792383
25.66 -4.60925586472
25.68 -4.47334286996
25.7 -4.31956487688
25.72 -4.14731403692
25.74 -3.95611266983
25.76 -3.74564348627
25.78 -3.51577486687
25.8 -3.266580192
25.82 -2.99835048643
25.84 -2.71159996973
25.86 -2.4070644717
25.88 -2.08569305572
25.9 -1.74863357404
25.92 -1.39721322124
25.94 -1.03291543619
25.96 -0.657354695888
25.98 -0.27225083674
26.0 0.120595491843
26.02 0.519324782759
26.04 0.922036844535
26.06 1.326804365
26.08 1.73168148623
26.1 2.13470750841
26.12 2.53390635952
26.14 2.9272829682
26.16 3.31281811666
26.18 3.68846369937
26.2 4.05214051
26.22 4.40174070815
26.24 4.73513692911
26.26 5.05019958672
26.28 5.34482328368
26.3 5.61696240452
26.32 5.86467499366
26.34 6.08617299502
26.36 6.27987596672
26.38 6.44446461003
26.4 6.57892998856
26.42 6.68261424924
26.44 6.75523904615
26.46 6.79691868826
26.48 6.80815621156
26.5 6.78982197666
26.52 6.7431158477
26.54 6.66951534285
26.56 6.57071320754
26.58 6.44854854403
26.6 6.30493588848
26.62 6.14179647364
26.64 5.96099542131
26.66 5.76428786757
26.68 5.55327615352
26.7 5.32937931838
26.72 5.09381529316
26.74 4.84759547905
26.76 4.59153082576
26.78 4.32624811074
26.8 4.05221484706
26.82 3.76977108835
26.84 3.47916632066
26.86 3.18059961582
26.88 2.87426122971
26.9 2.56037386698
26.92 2.23923187919
26.94 1.91123673005
26.96 1.5769271567
26.98 1.23700259584
27.0 0.892338638763
27.02 0.543993555496
27.04 0.193205280263
27.06 -0.158621316748
27.08 -0.509936541062
27.1 -0.859076499522
27.12 -1.20430081853
27.14 -1.54383552424
27.16 -1.87591873614
27.18 -2.19884653459
27.2 -2.51101624962
27.22 -2.8109644954
27.24 -3.09739754555
27.26 -3.36921209464
27.28 -3.62550504629
27.3 -3.86557164746
27.32 -4.08889201744
27.34 -4.29510681659
27.36 -4.48398344047
27.38 -4.65537465982
27.4 -4.80917204226
27.42 -4.94525678334
27.44 -5.06345075089
27.46 -5.16347062129
27.48 -5.244887977
27.5 -5.30709815364
27.52 -5.34930046984
27.54 -5.37049223423
27.56 -5.36947857241
27.58 -5.3448996157
27.6 -5.29527589868
27.62 -5.21907189175
27.64 -5.11477643153
27.66 -4.98099743052
27.68 -4.81656672093
27.7 -4.62064935093
27.72 -4.39285028631
27.74 -4.13331051351
27.76 -3.84278420955
27.78 -3.52268914125
27.8 -3.17512387585
27.82 -2.80284769323
27.84 -2.40922210555
27.86 -1.99811628243
27.88 -1.57378202024
27.9 -1.14070674247
27.92 -0.703454974231
27.94 -0.266509547814
27.96 0.165876602539
27.98 0.589808705242
28.0 1.00185146113
28.02 1.39909918433
28.04 1.77921345625
28.06 2.14042959666
28.08 2.48153538376
28.1 2.80182693603
28.12 3.10104747996
28.14 3.37931493166
28.16 3.63704393705
28.18 3.87486737369
28.2 4.09356147753
28.22 4.29397781905
28.24 4.47698442113
28.26 4.64341743913
28.28 4.79404404552
28.3 4.92953649059
28.32 5.05045675013
28.34 5.15725070799
28.36 5.25025045898
28.38 5.32968304637
28.4 5.39568377214
28.42 5.44831214011
28.44 5.48756852018
28.46 5.51340975318
28.48 5.5257621571
28.5 5.52453072926
28.52 5.50960375444
28.54 5.48085249849
28.56 5.4381261603
28.58 5.38124274013
28.6 5.30997692472
28.62 5.22404646288
28.64 5.12309878634
28.66 5.00669980336
28.68 4.8743268541
28.7 4.7253677593
28.72 4.55912772287
28.74 4.37484556967
28.76 4.1717204005
28.78 3.94894924646
28.8 3.70577568254
28.82 3.44154863065
28.84 3.15578974721
28.86 2.848266877
28.88 2.51907009849
28.9 2.16868597209
28.92 1.79806480948
28.94 1.40867525236
28.96 1.00254030798
28.98 0.582249368609
29.0 0.150941747002
29.02 -0.287741082327
29.04 -0.729735093537
29.06 -1.17066303844
29.08 -1.60596851386
29.1 -2.03106712827
29.12 -2.44150503057
29.14 -2.83311387277
29.16 -3.20215121362
29.18 -3.54541649629
29.2 -3.86033493642
29.22 -4.14500463416
29.24 -4.39820558044
29.26 -4.61937251342
29.28 -4.80853639908
29.3 -4.9662413664
29.32 -5.09344508538
29.34 -5.19141082967
29.36 -5.2615989541
29.38 -5.30556443462
29.4 -5.32486570171
29.42 -5.32098846531
29.44 -5.29528674891
29.46 -5.2489420407
29.48 -5.18294038836
29.5 -5.09806641748
29.52 -4.9949126249
29.54 -4.87390184277
29.56 -4.73532044762
29.58 -4.57935966588
29.6 -4.40616217752
29.62 -4.21587114132
29.64 -4.0086787588
29.66 -3.78487157855
29.68 -3.54486993863
29.7 -3.28925926197
29.72 -3.01881137201
29.74 -2.73449457138
29.76 -2.43747189747
29.78 -2.12908770551
29.8 -1.81084346329
29.82 -1.48436432799
29.84 -1.15135864709
29.86 -0.813572935157
29.88 -0.472745097945
29.9 -0.130558691426
29.92 0.211399179844
29.94 0.551674062848
29.96 0.888972661006
29.98 1.22218239176
30.0 1.55038130242
30.02 1.87283818963
30.04 2.18900324643
30.06 2.49848995707
30.08 2.80104927561
30.1 3.09653734792
30.12 3.38487819279
30.14 3.66602286029
30.16 3.93990665371
30.18 4.20640604608
30.2 4.46529697634
30.22 4.71621624289
30.24 4.95862775776
30.26 5.19179543525
30.28 5.41476445862
30.3 5.62635256241
30.32 5.82515274796
30.34 6.00954848915
30.36 6.17774196564
30.38 6.32779517312
30.4 6.45768293482
30.42 6.56535592586
30.44 6.64881090335
30.46 6.70616452157
30.48 6.73572651492
30.5 6.73606776277
30.52 6.70607888929
30.54 6.64501562394
30.56 6.55252812721
30.58 6.42867277452
30.6 6.27390634257
30.62 6.0890639864
30.64 5.87532364958
30.66 5.63416048038
30.68 5.36729532802
30.7 5.07664144754
30.72 4.76425317676
30.74 4.43227965043
30.76 4.08292570298
30.78 3.71842111033
30.8 3.34099834217
30.82 2.95287814777
30.84 2.55626163359
30.86 2.15332704866
30.88 1.74622928488
30.9 1.33710009983
30.92 0.928047256198
30.94 0.521151105829
30.96 0.118457573968
30.98 -0.27803300977
31.0 -0.666381285808
31.02 -1.04472802129
31.04 -1.41131620787
31.06 -1.7645149248
31.08 -2.10284356977
31.1 -2.42499494338
31.12 -2.72985568417
31.14 -3.01652266609
31.16 -3.28431418267
31.18 -3.53277503053
31.2 -3.76167494008
31.22 -3.97100015776
31.24 -4.16093834301
31.26 -4.33185726921
31.28 -4.48427810649
31.3 -4.6188442954
31.32 -4.7362871898
31.34 -4.83738975602
31.36 -4.92294966097
31.38 -4.99374307544
31.4 -5.05049046384
31.42 -5.09382553617
31.44 -5.1242684106
31.46 -5.14220388119
31.48 -5.14786551008
31.5 -5.1413260728
31.52 -5.12249468246
31.54 -5.09112070649
31.56 -5.04680437323
31.58 -4.98901374686
31.6 -4.91710753475
31.62 -4.83036298306
31.64 -4.72800792382
31.66 -4.60925586471
31.68 -4.47334286997
31.7 -4.31956487688
31.72 -4.14731403693
31.74 -3.95611266982
31.76 -3.74564348625
31.78 -3.51577486688
31.8 -3.26658019202
31.82 -2.9983504864
31.84 -2.71159996975
31.86 -2.40706447172
31.88 -2.08569305569
31.9 -1.74863357405
31.92 -1.39721322122
31.94 -1.03291543621
31.96 -0.657354695913
31.98 -0.272250836692
32.0 0.1205954918
32.02 0.519324782781
32.04 0.922036844534
32.06 1.326804365
32.08 1.73168148625
32.1 2.13470750839
32.12 2.53390635953
32.14 2.92728296819
32.16 3.31281811664
32.18 3.68846369939
32.2 4.05214050999
32.22 4.40174070817
32.24 4.7351369291
32.26 5.05019958672
32.28 5.34482328368
32.3 5.61696240451
32.32 5.86467499367
32.34 6.08617299502
32.36 6.27987596672
32.38 6.44446461004
32.4 6.57892998856
32.42 6.68261424924
32.44 6.75523904615
32.46 6.79691868827
32.48 6.80815621156
32.5 6.78982197665
32.52 6.74311584771
32.54 6.66951534285
32.56 6.57071320755
32.58 6.44854854403
32.6 6.30493588849
32.62 6.14179647363
32.64 5.96099542131
32.66 5.76428786755
32.68 5.55327615353
32.7 5.32937931838
32.72 5.09381529318
32.74 4.84759547903
32.76 4.59153082576
32.78 4.32624811074
32.8 4.05221484705
32.82 3.76977108833
32.84 3.47916632068
32.86 3.18059961582
32.88 2.87426122973
32.9 2.56037386696
32.92 2.23923187919
32.94 1.91123673003
32.96 1.57692715672
32.98 1.23700259584
33.0 0.892338638772
33.02 0.543993555487
33.04 0.193205280288
33.06 -0.158621316765
33.08 -0.509936541067
33.1 -0.859076499537
33.12 -1.20430081851
33.14 -1.54383552424
33.16 -1.87591873613
33.18 -2.19884653461
33.2 -2.51101624963
33.22 -2.8109644954
33.24 -3.09739754552
33.26 -3.36921209469
33.28 -3.62550504626
33.3 -3.86557164746
33.32 -4.08889201743
33.34 -4.2951068166
33.36 -4.48398344047
33.38 -4.65537465982
33.4 -4.80917204226
33.42 -4.94525678334
33.44 -5.06345075088
33.46 -5.1634706213
33.48 -5.24488797701
33.5 -5.30709815363
33.52 -5.34930046984
33.54 -5.37049223422
33.56 -5.36947857241
33.58 -5.3448996157
33.6 -5.29527589869
33.62 -5.21907189174
33.64 -5.11477643153
33.66 -4.98099743051
33.68 -4.81656672095
33.7 -4.62064935091
33.72 -4.39285028632
33.74 -4.13331051351
33.76 -3.84278420957
33.78 -3.52268914124
33.8 -3.17512387585
33.82 -2.80284769321
33.84 -2.40922210557
33.86 -1.99811628243
33.88 -1.57378202026
33.9 -1.14070674247
33.92 -0.703454974199
33.94 -0.266509547809
33.96 0.1658766025
33.98 0.589808705279
34.0 1.00185146112
34.02 1.39909918433
34.04 1.77921345624
34.06 2.14042959668
34.08 2.48153538376
34.1 2.80182693604
34.12 3.10104747993
34.14 3.37931493169
34.16 3.63704393702
34.18 3.87486737372
34.2 4.09356147749
34.22 4.29397781907
34.24 4.47698442113
34.26 4.64341743914
34.28 4.79404404551
34.3 4.92953649059
34.32 5.05045675012
34.34 5.15725070801
34.36 5.25025045898
34.38 5.32968304637
34.4 5.39568377213
34.42 5.44831214011
34.44 5.48756852018
34.46 5.51340975318
34.48 5.5257621571
34.5 5.52453072926
34.52 5.50960375444
34.54 5.48085249849
34.56 5.4381261603
34.58 5.38124274013
34.6 5.30997692473
34.62 5.22404646288
34.64 5.12309878633
34.66 5.00669980335
34.68 4.87432685413
34.7 4.72536775927
34.72 4.55912772288
34.74 4.37484556966
34.76 4.17172040052
34.78 3.94894924644
34.8 3.70577568254
34.82 3.44154863063
34.84 3.15578974723
34.86 2.848266877
34.88 2.51907009851
34.9 2.16868597206
34.92 1.79806480952
34.94 1.40867525234
34.96 1.00254030798
34.98 0.582249368592
35.0 0.150941747016
35.02 -0.287741082323
35.04 -0.729735093517
35.06 -1.17066303846
35.08 -1.60596851386
35.1 -2.03106712829
35.12 -2.44150503056
35.14 -2.83311387276
35.16 -3.20215121362
35.18 -3.5454164963
35.2 -3.8603349364
35.22 -4.14500463418
35.24 -4.39820558044
35.26 -4.61937251343
35.28 -4.80853639907
35.3 -4.9662413664
35.32 -5.09344508538
35.34 -5.19141082968
35.36 -5.26159895411
35.38 -5.30556443462
35.4 -5.32486570171
35.42 -5.32098846531
35.44 -5.2952867489
35.46 -5.2489420407
35.48 -5.18294038837
35.5 -5.09806641747
35.52 -4.9949126249
35.54 -4.87390184276
35.56 -4.73532044762
35.58 -4.57935966588
35.6 -4.40616217752
35.62 -4.21587114131
35.64 -4.00867875882
35.66 -3.78487157854
35.68 -3.54486993863
35.7 -3.28925926196
35.72 -3.01881137202
35.74 -2.73449457139
35.76 -2.43747189748
35.78 -2.1290877055
35.8 -1.81084346328
35.82 -1.48436432798
35.84 -1.15135864711
35.86 -0.813572935156
35.88 -0.472745097946
35.9 -0.130558691426
35.92 0.211399179822
35.94 0.551674062874
35.96 0.888972661
35.98 1.22218239178
36.0 1.55038130239
36.02 1.87283818964
36.04 2.18900324641
36.06 2.49848995708
36.08 2.80104927561
36.1 3.09653734795
36.12 3.38487819275
36.14 3.66602286033
36.16 3.93990665369
36.18 4.20640604608
36.2 4.46529697633
36.22 4.7162162429
36.24 4.95862775776
36.26 5.19179543526
36.28 5.41476445861
36.3 5.62635256241
36.32 5.82515274795
36.34 6.00954848917
36.36 6.17774196562
36.38 6.32779517314
36.4 6.45768293482
36.42 6.56535592586
36.44 6.64881090334
36.46 6.70616452158
36.48 6.73572651492
36.5 6.73606776277
36.52 6.70607888929
36.54 6.64501562394
36.56 6.55252812722
36.58 6.42867277451
36.6 6.27390634258
36.62 6.08906398639
36.64 5.87532364959
36.66 5.63416048037
36.68 5.36729532801
36.7 5.07664144753
36.72 4.76425317678
36.74 4.43227965042
36.76 4.082925703
36.78 3.71842111031
36.8 3.34099834217
36.82 2.95287814776
36.84 2.5562616336
36.86 2.15332704864
36.88 1.7462292849
36.9 1.33710009983
36.92 0.928047256213
36.94 0.52115110581
36.96 0.118457573968
36.98 -0.278033009791
37.0 -0.666381285783
37.02 -1.04472802129
37.04 -1.41131620787
37.06 -1.7645149248
37.08 -2.10284356975
37.1 -2.42499494339
37.12 -2.72985568417
37.14 -3.0165226661
37.16 -3.28431418265
37.18 -3.53277503053
37.2 -3.76167494006
37.22 -3.97100015779
37.24 -4.160938343
37.26 -4.33185726922
37.28 -4.4842781065
37.3 -4.61884429539
37.32 -4.7362871898
37.34 -4.83738975602
37.36 -4.92294966096
37.38 -4.99374307545
37.4 -5.05049046384
37.42 -5.09382553617
37.44 -5.12426841059
37.46 -5.14220388119
37.48 -5.14786551008
37.5 -5.1413260728
37.52 -5.12249468245
37.54 -5.09112070649
37.56 -5.04680437323
37.58 -4.98901374685
37.6 -4.91710753475
37.62 -4.83036298306
37.64 -4.72800792383
37.66 -4.6092558647
37.68 -4.47334286997
37.7 -4.31956487688
37.72 -4.14731403692
37.74 -3.95611266983
37.76 -3.74564348625
37.78 -3.51577486688
37.8 -3.26658019204
37.82 -2.99835048638
37.84 -2.71159996975
37.86 -2.4070644717
37.88 -2.08569305572
37.9 -1.74863357405
37.92 -1.39721322122
37.94 -1.03291543623
37.96 -0.657354695888
37.98 -0.272250836703
38.0 0.12059549183
38.02 0.519324782753
38.04 0.922036844538
38.06 1.32680436499
38.08 1.73168148623
38.1 2.13470750842
38.12 2.53390635952
38.14 2.9272829682
38.16 3.31281811665
38.18 3.68846369937
38.2 4.05214051
38.22 4.40174070815
38.24 4.73513692911
38.26 5.05019958672
38.28 5.34482328368
38.3 5.61696240453
38.32 5.86467499366
38.34 6.08617299502
38.36 6.27987596672
38.38 6.44446461003
38.4 6.57892998857
38.42 6.68261424924
38.44 6.75523904616
38.46 6.79691868826
38.48 6.80815621156
38.5 6.78982197665
38.52 6.74311584771
38.54 6.66951534285
38.56 6.57071320754
38.58 6.44854854404
38.6 6.30493588846
38.62 6.14179647365
38.64 5.96099542131
38.66 5.76428786757
38.68 5.55327615352
38.7 5.32937931838
38.72 5.09381529316
38.74 4.84759547905
38.76 4.59153082576
38.78 4.32624811074
38.8 4.05221484709
38.82 3.76977108827
38.84 3.4791663207
38.86 3.18059961582
38.88 2.87426122972
38.9 2.56037386698
38.92 2.23923187919
38.94 1.91123673005
38.96 1.57692715669
38.98 1.23700259584
39.0 0.892338638762
39.02 0.543993555521
39.04 0.193205280214
39.06 -0.158621316721
39.08 -0.509936541061
39.1 -0.859076499526
39.12 -1.20430081853
39.14 -1.54383552423
39.16 -1.87591873616
39.18 -2.19884653458
39.2 -2.51101624963
39.22 -2.81096449541
39.24 -3.0973975455
39.26 -3.36921209471
39.28 -3.62550504626
39.3 -3.86557164746
39.32 -4.08889201743
39.34 -4.29510681659
39.36 -4.48398344046
39.38 -4.65537465983
39.4 -4.80917204226
39.42 -4.94525678333
39.44 -5.06345075089
39.46 -5.16347062129
39.48 -5.244887977
39.5 -5.30709815363
39.52 -5.34930046984
39.54 -5.37049223423
39.56 -5.3694785724
39.58 -5.3448996157
39.6 -5.29527589868
39.62 -5.21907189174
39.64 -5.11477643153
39.66 -4.98099743052
39.68 -4.81656672093
39.7 -4.62064935092
39.72 -4.39285028631
39.74 -4.13331051352
39.76 -3.84278420955
39.78 -3.52268914125
39.8 -3.17512387585
39.82 -2.80284769323
39.84 -2.40922210555
39.86 -1.99811628243
39.88 -1.57378202024
39.9 -1.14070674249
39.92 -0.703454974195
39.94 -0.266509547807
39.96 0.165876602498
39.98 0.58980870526
