0.0 7.41451002754
0.02 7.52126491496
0.04 7.63912618097
0.06 7.7681398574
0.08 7.90823800368
0.1 8.05922678628
0.12 8.2207737198
0.14 8.39239443733
0.16 8.57343949264
0.18 8.76308184284
0.2 8.96030580954
0.22 9.16389846218
0.24 9.37244449592
0.26 9.58432577028
0.28 9.79772671212
0.3 10.0106467438
0.32 10.220920748
0.34 10.4262483068
0.36 10.624232037
0.38 10.8124247971
0.4 10.9883848775
0.42 11.1497375548
0.44 11.2942406629
0.46 11.4198511838
0.48 11.524789397
0.5 11.6075969187
0.52 11.6671850815
0.54 11.7028705743
0.56 11.7143960514
0.58 11.7019344664
0.6 11.6660770606
0.62 11.607806121
0.64 11.5284546655
0.66 11.4296560052
0.68 11.3132866037
0.7 11.1814057699
0.72 11.0361955095
0.74 10.8799033867
0.76 10.7147905957
0.78 10.5430867088
0.8 10.3669518442
0.82 10.1884463531
0.84 10.0095076082
0.86 9.83193311212
0.88 9.65736893438
0.9 9.4873024136
0.92 9.32305810823
0.94 9.1657961057
0.96 9.01651198158
0.98 8.87603790319
1.0 8.74504457345
1.02 8.62404388932
1.04 8.51339233291
1.06 8.4132952142
1.08 8.3238119399
1.1 8.24486249696
1.12 8.17623531701
1.14 8.11759663809
1.16 8.06850141297
1.18 8.02840573728
1.2 7.99668069529
1.22 7.97262745211
1.24 7.95549336345
1.26 7.94448882961
1.28 7.93880458923
1.3 7.93762913004
1.32 7.94016588557
1.34 7.94564988691
1.36 7.95336354559
1.38 7.96265125533
1.4 7.97293251773
1.42 7.98371331973
1.44 7.99459551881
1.46 8.00528402849
1.48 8.01559164001
1.5 8.02544136799
1.52 8.03486626703
1.54 8.04400673146
1.56 8.05310535894
1.58 8.06249952824
1.6 8.07261190853
1.62 8.08393917817
1.64 8.09703928253
1.66 8.11251759966
1.68 8.13101240711
1.7 8.15318005106
1.72 8.17968020985
1.74 8.21116161685
1.76 8.24824856359
1.78 8.29152844437
1.8 8.34154053087
1.82 8.39876608199
1.84 8.46361980534
1.86 8.53644259678
1.88 8.61749539843
1.9 8.70695394066
1.92 8.80490407421
1.94 8.91133736219
1.96 9.02614659265
1.98 9.1491208946
2.0 9.27994019861
2.02 9.41816887641
2.04 9.56324852441
2.06 9.71449001916
2.08 9.87106516455
2.1 10.031998462
2.12 10.1961597542
2.14 10.3622587022
2.16 10.5288422398
2.18 10.6942962711
2.2 10.856852927
2.22 11.0146046268
2.24 11.165525993
2.26 11.3075043127
2.28 11.4383787355
2.3 11.55598775
2.32 11.6582237445
2.34 11.7430926829
2.36 11.8087762077
2.38 11.8536929108
2.4 11.8765551813
2.42 11.8764180208
2.44 11.8527165489
2.46 11.8052895948
2.48 11.734387725
2.5 11.6406651916
2.52 11.5251564697
2.54 11.3892391482
2.56 11.2345858282
2.58 11.0631082733
2.6 10.8768973217
2.62 10.6781619968
2.64 10.4691709092
2.66 10.25219849
2.68 10.0294779243
2.7 9.80316195183
2.72 9.57529203048
2.74 9.34777578137
2.76 9.12237216797
2.78 8.90068352545
2.8 8.68415334093
2.82 8.47406857819
2.84 8.27156532069
2.86 8.07763655619
2.88 7.89314102569
2.9 7.71881219437
2.92 7.55526656168
2.94 7.40301070412
2.96 7.26244663076
2.98 7.1338752246
3.0 7.01749773572
3.02 6.91341548015
3.04 6.82162807128
3.06 6.74203066149
3.08 6.67441078786
3.1 6.61844548905
3.12 6.57369938237
3.14 6.5396243558
3.16 6.51556144086
3.18 6.50074529292
3.2 6.49431152952
3.22 6.49530697748
3.24 6.50270267736
3.26 6.51540930554
3.28 6.53229451895
3.3 6.55220161604
3.32 6.57396884869
3.34 6.59644871319
3.36 6.61852659066
3.38 6.63913818659
3.4 6.65728532611
3.42 6.67204977952
3.44 6.6826049111
3.46 6.68822505091
3.48 6.68829257828
3.5 6.68230277202
3.52 6.66986652622
3.54 6.6507110557
3.56 6.62467872562
3.58 6.59172414437
3.6 6.55190966309
3.62 6.50539943668
3.64 6.45245222367
3.66 6.39341313534
3.68 6.32870458737
3.7 6.25881674825
3.72 6.18429781203
3.74 6.10574443186
3.76 6.02379262877
3.78 5.93910942884
3.8 5.85238538369
3.82 5.7643280035
3.84 5.67565599484
3.86 5.58709406881
3.88 5.49936798915
3.9 5.41319948185
3.92 5.32930063416
3.94 5.24836747053
3.96 5.17107249431
3.98 5.09805611104
4.0 5.02991698193
4.02 4.96720148107
4.04 4.91039253418
4.06 4.85989819593
4.08 4.81604037858
4.1 4.77904417807
4.12 4.74902826216
4.14 4.72599679067
4.16 4.70983333365
4.18 4.70029723756
4.2 4.69702286046
4.22 4.69952204872
4.24 4.70719015651
4.26 4.71931580895
4.28 4.73509447984
4.3 4.75364579462
4.32 4.77403428358
4.34 4.79529310851
4.36 4.81645008053
4.38 4.83655509415
4.4 4.85470794206
4.42 4.87008536433
4.44 4.88196614229
4.46 4.88975308195
4.48 4.89299085052
4.5 4.89137882785
4.52 4.88477840166
4.54 4.87321445025
4.56 4.85687109429
4.58 4.8360821314
4.6 4.81131686522
4.62 4.7831622805
4.64 4.75230267864
4.66 4.7194979639
4.68 4.68556175601
4.7 4.65134040709
4.72 4.6176938285
4.74 4.58547880519
4.76 4.55553520754
4.78 4.52867522483
4.8 4.50567545905
4.82 4.48727145352
4.84 4.4741540049
4.86 4.46696644114
4.88 4.46630195525
4.9 4.47270008484
4.92 4.48664152811
4.94 4.5085406947
4.96 4.53873569767
4.98 4.57747588148
5.0 4.62490741688
5.02 4.68105792777
5.04 4.74582148955
5.06 4.81894559303
5.08 4.90002174894
5.1 4.98848128384
5.12 5.08359754406
5.14 5.18449521064
5.16 5.29016679711
5.18 5.3994957372
5.2 5.51128486473
5.22 5.62428862383
5.24 5.73724708315
5.26 5.84891978541
5.28 5.95811762955
5.3 6.0637313144
5.32 6.16475530561
5.34 6.26030675398
5.36 6.34963923177
5.38 6.43215151632
5.4 6.50739191376
5.42 6.57505876872
5.44 6.63499786305
5.46 6.6871973802
5.48 6.73178103457
5.5 6.76899985505
5.52 6.79922299511
5.54 6.82292783554
5.56 6.8406895584
5.58 6.85317031196
5.6 6.86110805408
5.62 6.86530515334
5.64 6.86661683895
5.66 6.86593961221
5.68 6.86419975829
5.7 6.86234211861
5.72 6.86131929615
5.74 6.86208146276
5.76 6.86556691914
5.78 6.87269352259
5.8 6.88435104918
5.82 6.9013944983
5.84 6.92463828443
5.86 6.95485119864
5.88 6.99275196579
5.9 7.03900517697
5.92 7.09421734414
5.94 7.15893280647
5.96 7.23362921696
5.98 7.31871235329
6.0 7.41451002754
6.02 7.52126491495
6.04 7.63912618097
6.06 7.76813985739
6.08 7.90823800369
6.1 8.05922678628
6.12 8.2207737198
6.14 8.39239443733
6.16 8.57343949264
6.18 8.76308184284
6.2 8.96030580954
6.22 9.16389846218
6.24 9.37244449592
6.26 9.58432577028
6.28 9.79772671212
6.3 10.0106467438
6.32 10.220920748
6.34 10.4262483068
6.36 10.624232037
6.38 10.8124247971
6.4 10.9883848775
6.42 11.1497375548
6.44 11.2942406629
6.46 11.4198511838
6.48 11.524789397
6.5 11.6075969187
6.52 11.6671850815
6.54 11.7028705743
6.56 11.7143960514
6.58 11.7019344664
6.6 11.6660770606
6.62 11.607806121
6.64 11.5284546655
6.66 11.4296560052
6.68 11.3132866037
6.7 11.1814057699
6.72 11.0361955095
6.74 10.8799033867
6.76 10.7147905957
6.78 10.5430867088
6.8 10.3669518442
6.82 10.1884463531
6.84 10.0095076082
6.86 9.83193311213
6.88 9.65736893437
6.9 9.48730241361
6.92 9.32305810822
6.94 9.16579610571
6.96 9.01651198157
6.98 8.8760379032
7.0 8.74504457345
7.02 8.62404388932
7.04 8.51339233292
7.06 8.41329521419
7.08 8.3238119399
7.1 8.24486249696
7.12 8.17623531701
7.14 8.11759663809
7.16 8.06850141297
7.18 8.02840573728
7.2 7.99668069529
7.22 7.97262745212
7.24 7.95549336344
7.26 7.94448882961
7.28 7.93880458922
7.3 7.93762913005
7.32 7.94016588556
7.34 7.94564988691
7.36 7.95336354559
7.38 7.96265125533
7.4 7.97293251773
7.42 7.98371331972
7.44 7.99459551881
7.46 8.00528402849
7.48 8.01559164001
7.5 8.02544136799
7.52 8.03486626703
7.54 8.04400673146
7.56 8.05310535894
7.58 8.06249952824
7.6 8.07261190853
7.62 8.08393917817
7.64 8.09703928252
7.66 8.11251759966
7.68 8.13101240711
7.7 8.15318005106
7.72 8.17968020985
7.74 8.21116161685
7.76 8.24824856359
7.78 8.29152844437
7.8 8.34154053087
7.82 8.39876608199
7.84 8.46361980534
7.86 8.53644259678
7.88 8.61749539842
7.9 8.70695394066
7.92 8.80490407421
7.94 8.91133736219
7.96 9.02614659265
7.98 9.1491208946
8.0 9.27994019861
8.02 9.41816887641
8.04 9.56324852441
8.06 9.71449001916
8.08 9.87106516455
8.1 10.031998462
8.12 10.1961597542
8.14 10.3622587022
8.16 10.5288422398
8.18 10.6942962711
8.2 10.856852927
8.22 11.0146046268
8.24 11.165525993
8.26 11.3075043127
8.28 11.4383787355
8.3 11.55598775
8.32 11.6582237445
8.34 11.7430926829
8.36 11.8087762077
8.38 11.8536929108
8.4 11.8765551813
8.42 11.8764180208
8.44 11.8527165489
8.46 11.8052895948
8.48 11.734387725
8.5 11.6406651916
8.52 11.5251564697
8.54 11.3892391482
8.56 11.2345858282
8.58 11.0631082733
8.6 10.8768973217
8.62 10.6781619968
8.64 10.4691709092
8.66 10.25219849
8.68 10.0294779243
8.7 9.80316195184
8.72 9.57529203048
8.74 9.34777578137
8.76 9.12237216797
8.78 8.90068352545
8.8 8.68415334093
8.82 8.47406857819
8.84 8.2715653207
8.86 8.07763655618
8.88 7.8931410257
8.9 7.71881219436
8.92 7.55526656169
8.94 7.40301070411
8.96 7.26244663077
8.98 7.1338752246
9.0 7.01749773572
9.02 6.91341548016
9.04 6.82162807127
9.06 6.7420306615
9.08 6.67441078786
9.1 6.61844548906
9.12 6.57369938236
9.14 6.53962435581
9.16 6.51556144086
9.18 6.50074529291
9.2 6.49431152952
9.22 6.49530697748
9.24 6.50270267736
9.26 6.51540930553
9.28 6.53229451895
9.3 6.55220161605
9.32 6.57396884868
9.34 6.5964487132
9.36 6.61852659067
9.38 6.63913818659
9.4 6.65728532611
9.42 6.67204977952
9.44 6.6826049111
9.46 6.68822505091
9.48 6.68829257828
9.5 6.68230277202
9.52 6.66986652622
9.54 6.65071105569
9.56 6.62467872562
9.58 6.59172414436
9.6 6.55190966309
9.62 6.50539943668
9.64 6.45245222367
9.66 6.39341313535
9.68 6.32870458737
9.7 6.25881674826
9.72 6.18429781202
9.74 6.10574443186
9.76 6.02379262877
9.78 5.93910942885
9.8 5.85238538369
9.82 5.76432800349
9.84 5.67565599485
9.86 5.58709406881
9.88 5.49936798915
9.9 5.41319948184
9.92 5.32930063416
9.94 5.24836747052
9.96 5.17107249432
9.98 5.09805611104
10.0 5.02991698192
10.02 4.96720148108
10.04 4.91039253417
10.06 4.85989819593
10.08 4.81604037857
10.1 4.77904417808
10.12 4.74902826215
10.14 4.72599679067
10.16 4.70983333364
10.18 4.70029723757
10.2 4.69702286045
10.22 4.69952204873
10.24 4.70719015651
10.26 4.71931580895
10.28 4.73509447983
10.3 4.75364579462
10.32 4.77403428358
10.34 4.79529310851
10.36 4.81645008053
10.38 4.83655509415
10.4 4.85470794206
10.42 4.87008536433
10.44 4.88196614229
10.46 4.88975308195
10.48 4.89299085052
10.5 4.89137882785
10.52 4.88477840166
10.54 4.87321445025
10.56 4.85687109429
10.58 4.8360821314
10.6 4.81131686522
10.62 4.78316228049
10.64 4.75230267865
10.66 4.7194979639
10.68 4.685561756
10.7 4.65134040709
10.72 4.6176938285
10.74 4.5854788052
10.76 4.55553520754
10.78 4.52867522483
10.8 4.50567545905
10.82 4.48727145352
10.84 4.4741540049
10.86 4.46696644113
10.88 4.46630195525
10.9 4.47270008483
10.92 4.48664152811
10.94 4.5085406947
10.96 4.53873569767
10.98 4.57747588147
11.0 4.62490741689
11.02 4.68105792776
11.04 4.74582148955
11.06 4.81894559303
11.08 4.90002174894
11.1 4.98848128385
11.12 5.08359754406
11.14 5.18449521065
11.16 5.2901667971
11.18 5.3994957372
11.2 5.51128486472
11.22 5.62428862383
11.24 5.73724708315
11.26 5.84891978542
11.28 5.95811762955
11.3 6.0637313144
11.32 6.16475530561
11.34 6.26030675398
11.36 6.34963923177
11.38 6.43215151632
11.4 6.50739191375
11.42 6.57505876873
11.44 6.63499786306
11.46 6.68719738019
11.48 6.73178103457
11.5 6.76899985504
11.52 6.79922299511
11.54 6.82292783554
11.56 6.8406895584
11.58 6.85317031196
11.6 6.86110805408
11.62 6.86530515334
11.64 6.86661683896
11.66 6.8659396122
11.68 6.86419975829
11.7 6.86234211861
11.72 6.86131929615
11.74 6.86208146276
11.76 6.86556691914
11.78 6.87269352259
11.8 6.88435104918
11.82 6.90139449831
11.84 6.92463828442
11.86 6.95485119865
11.88 6.99275196579
11.9 7.03900517697
11.92 7.09421734413
11.94 7.15893280647
11.96 7.23362921697
11.98 7.31871235329
12.0 7.41451002754
12.02 7.52126491495
12.04 7.63912618097
12.06 7.76813985739
12.08 7.90823800369
12.1 8.05922678627
12.12 8.22077371981
12.14 8.39239443732
12.16 8.57343949264
12.18 8.76308184285
12.2 8.96030580954
12.22 9.16389846218
12.24 9.37244449592
12.26 9.58432577029
12.28 9.79772671212
12.3 10.0106467438
12.32 10.220920748
12.34 10.4262483068
12.36 10.624232037
12.38 10.8124247971
12.4 10.9883848775
12.42 11.1497375548
12.44 11.2942406629
12.46 11.4198511838
12.48 11.524789397
12.5 11.6075969187
12.52 11.6671850815
12.54 11.7028705743
12.56 11.7143960514
12.58 11.7019344664
12.6 11.6660770606
12.62 11.607806121
12.64 11.5284546655
12.66 11.4296560052
12.68 11.3132866037
12.7 11.1814057699
12.72 11.0361955095
12.74 10.8799033867
12.76 10.7147905957
12.78 10.5430867088
12.8 10.3669518442
12.82 10.1884463531
12.84 10.0095076082
12.86 9.83193311213
12.88 9.65736893437
12.9 9.4873024136
12.92 9.32305810822
12.94 9.16579610571
12.96 9.01651198157
12.98 8.8760379032
13.0 8.74504457345
13.02 8.62404388933
13.04 8.5133923329
13.06 8.4132952142
13.08 8.32381193989
13.1 8.24486249698
13.12 8.17623531699
13.14 8.11759663809
13.16 8.06850141297
13.18 8.02840573729
13.2 7.99668069529
13.22 7.97262745211
13.24 7.95549336345
13.26 7.9444888296
13.28 7.93880458923
13.3 7.93762913005
13.32 7.94016588557
13.34 7.9456498869
13.36 7.95336354559
13.38 7.96265125533
13.4 7.97293251773
13.42 7.98371331973
13.44 7.99459551881
13.46 8.00528402849
13.48 8.01559164001
13.5 8.02544136799
13.52 8.03486626703
13.54 8.04400673146
13.56 8.05310535895
13.58 8.06249952825
13.6 8.07261190853
13.62 8.08393917817
13.64 8.09703928253
13.66 8.11251759966
13.68 8.1310124071
13.7 8.15318005107
13.72 8.17968020985
13.74 8.21116161685
13.76 8.24824856358
13.78 8.29152844437
13.8 8.34154053087
13.82 8.39876608198
13.84 8.46361980534
13.86 8.53644259679
13.88 8.61749539842
13.9 8.70695394065
13.92 8.80490407422
13.94 8.91133736219
13.96 9.02614659265
13.98 9.14912089459
14.0 9.27994019862
14.02 9.41816887641
14.04 9.56324852441
14.06 9.71449001916
14.08 9.87106516455
14.1 10.031998462
14.12 10.1961597542
14.14 10.3622587023
14.16 10.5288422398
14.18 10.6942962711
14.2 10.856852927
14.22 11.0146046268
14.24 11.165525993
14.26 11.3075043127
14.28 11.4383787355
14.3 11.55598775
14.32 11.6582237445
14.34 11.7430926829
14.36 11.8087762077
14.38 11.8536929108
14.4 11.8765551813
14.42 11.8764180208
14.44 11.8527165489
14.46 11.8052895948
14.48 11.734387725
14.5 11.6406651916
14.52 11.5251564697
14.54 11.3892391482
14.56 11.2345858282
14.58 11.0631082733
14.6 10.8768973217
14.62 10.6781619968
14.64 10.4691709092
14.66 10.25219849
14.68 10.0294779243
14.7 9.80316195185
14.72 9.57529203047
14.74 9.34777578137
14.76 9.12237216798
14.78 8.90068352545
14.8 8.68415334092
14.82 8.47406857819
14.84 8.27156532069
14.86 8.07763655619
14.88 7.89314102568
14.9 7.71881219438
14.92 7.55526656168
14.94 7.40301070411
14.96 7.26244663076
14.98 7.1338752246
15.0 7.01749773572
15.02 6.91341548014
15.04 6.82162807128
15.06 6.7420306615
15.08 6.67441078786
15.1 6.61844548905
15.12 6.57369938237
15.14 6.53962435581
15.16 6.51556144085
15.18 6.50074529292
15.2 6.49431152952
15.22 6.49530697748
15.24 6.50270267735
15.26 6.51540930554
15.28 6.53229451895
15.3 6.55220161605
15.32 6.57396884868
15.34 6.5964487132
15.36 6.61852659066
15.38 6.63913818659
15.4 6.6572853261
15.42 6.67204977952
15.44 6.6826049111
15.46 6.68822505091
15.48 6.68829257828
15.5 6.68230277202
15.52 6.66986652622
15.54 6.6507110557
15.56 6.62467872561
15.58 6.59172414437
15.6 6.55190966308
15.62 6.50539943669
15.64 6.45245222367
15.66 6.39341313534
15.68 6.32870458737
15.7 6.25881674825
15.72 6.18429781203
15.74 6.10574443185
15.76 6.02379262878
15.78 5.93910942884
15.8 5.85238538369
15.82 5.7643280035
15.84 5.67565599484
15.86 5.58709406882
15.88 5.49936798914
15.9 5.41319948185
15.92 5.32930063416
15.94 5.24836747053
15.96 5.17107249431
15.98 5.09805611104
16.0 5.02991698193
16.02 4.96720148107
16.04 4.91039253418
16.06 4.85989819592
16.08 4.81604037858
16.1 4.77904417807
16.12 4.74902826216
16.14 4.72599679066
16.16 4.70983333365
16.18 4.70029723756
16.2 4.69702286046
16.22 4.69952204873
16.24 4.70719015651
16.26 4.71931580895
16.28 4.73509447983
16.3 4.75364579462
16.32 4.77403428357
16.34 4.79529310851
16.36 4.81645008053
16.38 4.83655509415
16.4 4.85470794206
16.42 4.87008536433
16.44 4.88196614229
16.46 4.88975308195
16.48 4.89299085052
16.5 4.89137882785
16.52 4.88477840166
16.54 4.87321445025
16.56 4.85687109429
16.58 4.8360821314
16.6 4.81131686522
16.62 4.78316228049
16.64 4.75230267865
16.66 4.7194979639
16.68 4.68556175601
16.7 4.65134040709
16.72 4.6176938285
16.74 4.58547880519
16.76 4.55553520755
16.78 4.52867522483
16.8 4.50567545905
16.82 4.48727145352
16.84 4.4741540049
16.86 4.46696644114
16.88 4.46630195524
16.9 4.47270008484
16.92 4.48664152811
16.94 4.5085406947
16.96 4.53873569767
16.98 4.57747588148
17.0 4.62490741688
17.02 4.68105792777
17.04 4.74582148955
17.06 4.81894559303
17.08 4.90002174894
17.1 4.98848128384
17.12 5.08359754406
17.14 5.18449521065
17.16 5.2901667971
17.18 5.3994957372
17.2 5.51128486473
17.22 5.62428862383
17.24 5.73724708315
17.26 5.84891978542
17.28 5.95811762955
17.3 6.06373131439
17.32 6.16475530561
17.34 6.26030675399
17.36 6.34963923176
17.38 6.43215151633
17.4 6.50739191375
17.42 6.57505876873
17.44 6.63499786305
17.46 6.6871973802
17.48 6.73178103457
17.5 6.76899985504
17.52 6.79922299511
17.54 6.82292783555
17.56 6.84068955839
17.58 6.85317031196
17.6 6.86110805408
17.62 6.86530515334
17.64 6.86661683895
17.66 6.86593961222
17.68 6.86419975829
17.7 6.86234211861
17.72 6.86131929615
17.74 6.86208146277
17.76 6.86556691914
17.78 6.87269352258
17.8 6.88435104919
17.82 6.9013944983
17.84 6.92463828443
17.86 6.95485119863
17.88 6.9927519658
17.9 7.03900517697
17.92 7.09421734414
17.94 7.15893280647
17.96 7.23362921697
17.98 7.31871235329
18.0 7.41451002753
18.02 7.52126491497
18.04 7.63912618097
18.06 7.7681398574
18.08 7.90823800368
18.1 8.05922678629
18.12 8.2207737198
18.14 8.39239443732
18.16 8.57343949265
18.18 8.76308184284
18.2 8.96030580954
18.22 9.16389846217
18.24 9.37244449593
18.26 9.58432577028
18.28 9.79772671212
18.3 10.0106467438
18.32 10.220920748
18.34 10.4262483068
18.36 10.624232037
18.38 10.8124247972
18.4 10.9883848775
18.42 11.1497375548
18.44 11.2942406629
18.46 11.4198511838
18.48 11.524789397
18.5 11.6075969187
18.52 11.6671850815
18.54 11.7028705742
18.56 11.7143960514
18.58 11.7019344664
18.6 11.6660770606
18.62 11.607806121
18.64 11.5284546655
18.66 11.4296560052
18.68 11.3132866037
18.7 11.1814057699
18.72 11.0361955095
18.74 10.8799033867
18.76 10.7147905957
18.78 10.5430867088
18.8 10.3669518442
18.82 10.1884463531
18.84 10.0095076082
18.86 9.83193311212
18.88 9.6573689344
18.9 9.48730241358
18.92 9.32305810823
18.94 9.1657961057
18.96 9.01651198159
18.98 8.87603790317
19.0 8.74504457345
19.02 8.62404388934
19.04 8.5133923329
19.06 8.4132952142
19.08 8.3238119399
19.1 8.24486249698
19.12 8.176235317
19.14 8.11759663809
19.16 8.06850141297
19.18 8.02840573729
19.2 7.99668069528
19.22 7.97262745211
19.24 7.95549336346
19.26 7.9444888296
19.28 7.93880458923
19.3 7.93762913005
19.32 7.94016588557
19.34 7.9456498869
19.36 7.95336354559
19.38 7.96265125533
19.4 7.97293251773
19.42 7.98371331973
19.44 7.99459551881
19.46 8.00528402849
19.48 8.01559164001
19.5 8.02544136799
19.52 8.03486626703
19.54 8.04400673146
19.56 8.05310535895
19.58 8.06249952824
19.6 8.07261190853
19.62 8.08393917818
19.64 8.09703928253
19.66 8.11251759966
19.68 8.1310124071
19.7 8.15318005107
19.72 8.17968020985
19.74 8.21116161685
19.76 8.24824856358
19.78 8.29152844438
19.8 8.34154053087
19.82 8.39876608198
19.84 8.46361980536
19.86 8.53644259678
19.88 8.61749539843
19.9 8.70695394065
19.92 8.80490407422
19.94 8.91133736219
19.96 9.02614659265
19.98 9.14912089459
20.0 9.27994019862
20.02 9.41816887641
20.04 9.5632485244
20.06 9.71449001917
20.08 9.87106516455
20.1 10.031998462
20.12 10.1961597542
20.14 10.3622587023
20.16 10.5288422398
20.18 10.6942962711
20.2 10.856852927
20.22 11.0146046269
20.24 11.165525993
20.26 11.3075043127
20.28 11.4383787355
20.3 11.55598775
20.32 11.6582237445
20.34 11.7430926829
20.36 11.8087762077
20.38 11.8536929108
20.4 11.8765551813
20.42 11.8764180208
20.44 11.8527165489
20.46 11.8052895948
20.48 11.734387725
20.5 11.6406651916
20.52 11.5251564697
20.54 11.3892391482
20.56 11.2345858282
20.58 11.0631082733
20.6 10.8768973217
20.62 10.6781619968
20.64 10.4691709093
20.66 10.25219849
20.68 10.0294779243
20.7 9.80316195184
20.72 9.57529203048
20.74 9.34777578135
20.76 9.12237216798
20.78 8.90068352545
20.8 8.68415334093
20.82 8.47406857818
20.84 8.2715653207
20.86 8.07763655619
20.88 7.89314102569
20.9 7.71881219435
20.92 7.5552665617
20.94 7.40301070412
20.96 7.26244663076
20.98 7.13387522458
21.0 7.01749773575
21.02 6.91341548013
21.04 6.82162807129
21.06 6.74203066148
21.08 6.67441078788
21.1 6.61844548904
21.12 6.57369938237
21.14 6.53962435581
21.16 6.51556144086
21.18 6.50074529291
21.2 6.49431152952
21.22 6.49530697748
21.24 6.50270267736
21.26 6.51540930553
21.28 6.53229451895
21.3 6.55220161605
21.32 6.57396884869
21.34 6.59644871319
21.36 6.61852659067
21.38 6.63913818659
21.4 6.6572853261
21.42 6.67204977952
21.44 6.6826049111
21.46 6.6882250509
21.48 6.68829257828
21.5 6.68230277201
21.52 6.66986652622
21.54 6.6507110557
21.56 6.62467872561
21.58 6.59172414436
21.6 6.55190966309
21.62 6.50539943669
21.64 6.45245222366
21.66 6.39341313535
21.68 6.32870458737
21.7 6.25881674827
21.72 6.18429781201
21.74 6.10574443187
21.76 6.02379262876
21.78 5.93910942885
21.8 5.85238538368
21.82 5.76432800351
21.84 5.67565599484
21.86 5.58709406882
21.88 5.49936798913
21.9 5.41319948186
21.92 5.32930063415
21.94 5.24836747053
21.96 5.17107249431
21.98 5.09805611105
22.0 5.02991698192
22.02 4.96720148107
22.04 4.91039253418
22.06 4.85989819593
22.08 4.81604037857
22.1 4.77904417807
22.12 4.74902826216
22.14 4.72599679068
22.16 4.70983333363
22.18 4.70029723758
22.2 4.69702286045
22.22 4.69952204873
22.24 4.7071901565
22.26 4.71931580896
22.28 4.73509447983
22.3 4.75364579462
22.32 4.77403428357
22.34 4.79529310852
22.36 4.81645008052
22.38 4.83655509416
22.4 4.85470794206
22.42 4.87008536433
22.44 4.88196614229
22.46 4.88975308195
22.48 4.89299085052
22.5 4.89137882784
22.52 4.88477840166
22.54 4.87321445025
22.56 4.85687109429
22.58 4.83608213139
22.6 4.81131686523
22.62 4.78316228048
22.64 4.75230267865
22.66 4.71949796389
22.68 4.68556175602
22.7 4.65134040707
22.72 4.61769382851
22.74 4.58547880519
22.76 4.55553520756
22.78 4.52867522481
22.8 4.50567545907
22.82 4.48727145352
22.84 4.4741540049
22.86 4.46696644113
22.88 4.46630195525
22.9 4.47270008484
22.92 4.48664152811
22.94 4.50854069469
22.96 4.53873569768
22.98 4.57747588148
23.0 4.62490741688
23.02 4.68105792776
23.04 4.74582148957
23.06 4.818945593
23.08 4.90002174895
23.1 4.98848128384
23.12 5.08359754408
23.14 5.18449521063
23.16 5.29016679711
23.18 5.39949573719
23.2 5.51128486474
23.22 5.62428862381
23.24 5.73724708316
23.26 5.84891978542
23.28 5.95811762955
23.3 6.0637313144
23.32 6.16475530561
23.34 6.26030675399
23.36 6.34963923176
23.38 6.43215151633
23.4 6.50739191375
23.42 6.57505876872
23.44 6.63499786305
23.46 6.6871973802
23.48 6.73178103457
23.5 6.76899985504
23.52 6.79922299512
23.54 6.82292783555
23.56 6.84068955839
23.58 6.85317031197
23.6 6.86110805408
23.62 6.86530515334
23.64 6.86661683895
23.66 6.86593961222
23.68 6.86419975828
23.7 6.86234211861
23.72 6.86131929615
23.74 6.86208146277
23.76 6.86556691913
23.78 6.87269352259
23.8 6.88435104918
23.82 6.90139449831
23.84 6.92463828442
23.86 6.95485119864
23.88 6.99275196579
23.9 7.03900517698
23.92 7.09421734412
23.94 7.15893280649
23.96 7.23362921695
23.98 7.3187123533
24.0 7.41451002754
24.02 7.52126491496
24.04 7.63912618095
24.06 7.7681398574
24.08 7.90823800368
24.1 8.05922678629
24.12 8.22077371979
24.14 8.39239443733
24.16 8.57343949264
24.18 8.76308184285
24.2 8.96030580953
24.22 9.16389846218
24.24 9.37244449592
24.26 9.58432577029
24.28 9.79772671211
24.3 10.0106467438
24.32 10.220920748
24.34 10.4262483068
24.36 10.624232037
24.38 10.8124247972
24.4 10.9883848775
24.42 11.1497375548
24.44 11.2942406629
24.46 11.4198511838
24.48 11.524789397
24.5 11.6075969187
24.52 11.6671850815
24.54 11.7028705742
24.56 11.7143960514
24.58 11.7019344664
24.6 11.6660770606
24.62 11.607806121
24.64 11.5284546655
24.66 11.4296560052
24.68 11.3132866037
24.7 11.1814057699
24.72 11.0361955095
24.74 10.8799033866
24.76 10.7147905957
24.78 10.5430867088
24.8 10.3669518442
24.82 10.1884463531
24.84 10.0095076082
24.86 9.83193311212
24.88 9.65736893438
24.9 9.48730241358
24.92 9.32305810824
24.94 9.1657961057
24.96 9.01651198158
24.98 8.87603790317
25.0 8.74504457347
25.02 8.62404388932
25.04 8.51339233291
25.06 8.4132952142
25.08 8.32381193988
25.1 8.24486249697
25.12 8.17623531701
25.14 8.11759663809
25.16 8.06850141297
25.18 8.02840573727
25.2 7.9966806953
25.22 7.97262745211
25.24 7.95549336345
25.26 7.9444888296
25.28 7.93880458924
25.3 7.93762913005
25.32 7.94016588557
25.34 7.9456498869
25.36 7.9533635456
25.38 7.96265125532
25.4 7.97293251773
25.42 7.98371331973
25.44 7.9945955188
25.46 8.00528402849
25.48 8.01559164001
25.5 8.02544136799
25.52 8.03486626703
25.54 8.04400673146
25.56 8.05310535894
25.58 8.06249952824
25.6 8.07261190853
25.62 8.08393917818
25.64 8.09703928252
25.66 8.11251759966
25.68 8.13101240711
25.7 8.15318005107
25.72 8.17968020984
25.74 8.21116161685
25.76 8.24824856358
25.78 8.29152844437
25.8 8.34154053088
25.82 8.39876608198
25.84 8.46361980534
25.86 8.53644259678
25.88 8.61749539844
25.9 8.70695394065
25.92 8.80490407421
25.94 8.91133736219
25.96 9.02614659267
25.98 9.14912089459
26.0 9.27994019861
26.02 9.41816887641
26.04 9.56324852443
26.06 9.71449001915
26.08 9.87106516453
26.1 10.0319984621
26.12 10.1961597542
26.14 10.3622587023
26.16 10.5288422398
26.18 10.6942962711
26.2 10.856852927
26.22 11.0146046268
26.24 11.165525993
26.26 11.3075043127
26.28 11.4383787355
26.3 11.55598775
26.32 11.6582237445
26.34 11.7430926829
26.36 11.8087762077
26.38 11.8536929108
26.4 11.8765551814
26.42 11.8764180208
26.44 11.8527165489
26.46 11.8052895948
26.48 11.734387725
26.5 11.6406651916
26.52 11.5251564697
26.54 11.3892391482
26.56 11.2345858282
26.58 11.0631082733
26.6 10.8768973217
26.62 10.6781619968
26.64 10.4691709092
26.66 10.25219849
26.68 10.0294779243
26.7 9.80316195182
26.72 9.57529203049
26.74 9.34777578137
26.76 9.12237216796
26.78 8.90068352546
26.8 8.68415334092
26.82 8.47406857822
26.84 8.27156532068
26.86 8.07763655617
26.88 7.8931410257
26.9 7.71881219437
26.92 7.55526656167
26.94 7.40301070414
26.96 7.26244663075
26.98 7.13387522458
27.0 7.01749773573
27.02 6.91341548014
27.04 6.82162807129
27.06 6.74203066149
27.08 6.67441078785
27.1 6.61844548908
27.12 6.57369938236
27.14 6.53962435579
27.16 6.51556144087
27.18 6.50074529292
27.2 6.49431152951
27.22 6.49530697749
27.24 6.50270267734
27.26 6.51540930555
27.28 6.53229451894
27.3 6.55220161604
27.32 6.57396884869
27.34 6.59644871319
27.36 6.61852659066
27.38 6.63913818659
27.4 6.6572853261
27.42 6.67204977951
27.44 6.6826049111
27.46 6.68822505091
27.48 6.68829257828
27.5 6.68230277202
27.52 6.66986652622
27.54 6.65071105569
27.56 6.62467872562
27.58 6.59172414437
27.6 6.55190966308
27.62 6.50539943669
27.64 6.45245222367
27.66 6.39341313533
27.68 6.32870458738
27.7 6.25881674825
27.72 6.18429781203
27.74 6.10574443186
27.76 6.02379262877
27.78 5.93910942884
27.8 5.8523853837
27.82 5.76432800348
27.84 5.67565599485
27.86 5.58709406882
27.88 5.49936798913
27.9 5.41319948185
27.92 5.32930063415
27.94 5.24836747051
27.96 5.17107249434
27.98 5.09805611102
28.0 5.02991698193
28.02 4.96720148108
28.04 4.91039253416
28.06 4.85989819593
28.08 4.81604037859
28.1 4.77904417805
28.12 4.74902826218
28.14 4.72599679066
28.16 4.70983333365
28.18 4.70029723757
28.2 4.69702286045
28.22 4.69952204872
28.24 4.70719015652
28.26 4.71931580893
28.28 4.73509447984
28.3 4.75364579463
28.32 4.77403428357
28.34 4.79529310851
28.36 4.81645008053
28.38 4.83655509415
28.4 4.85470794207
28.42 4.87008536433
28.44 4.88196614229
28.46 4.88975308195
28.48 4.89299085052
28.5 4.89137882785
28.52 4.88477840165
28.54 4.87321445025
28.56 4.85687109429
28.58 4.83608213139
28.6 4.81131686522
28.62 4.78316228049
28.64 4.75230267865
28.66 4.7194979639
28.68 4.68556175599
28.7 4.65134040711
28.72 4.61769382849
28.74 4.58547880519
28.76 4.55553520755
28.78 4.52867522482
28.8 4.50567545905
28.82 4.48727145354
28.84 4.47415400488
28.86 4.46696644115
28.88 4.46630195525
28.9 4.47270008483
28.92 4.48664152812
28.94 4.5085406947
28.96 4.53873569766
28.98 4.57747588149
29.0 4.62490741688
29.02 4.68105792776
29.04 4.74582148956
29.06 4.81894559302
29.08 4.90002174895
29.1 4.98848128385
29.12 5.08359754404
29.14 5.18449521065
29.16 5.29016679711
29.18 5.39949573719
29.2 5.51128486473
29.22 5.62428862383
29.24 5.73724708315
29.26 5.84891978542
29.28 5.95811762953
29.3 6.06373131441
29.32 6.16475530561
29.34 6.26030675398
29.36 6.34963923177
29.38 6.43215151633
29.4 6.50739191374
29.42 6.57505876874
29.44 6.63499786305
29.46 6.68719738019
29.48 6.73178103457
29.5 6.76899985504
29.52 6.79922299512
29.54 6.82292783555
29.56 6.8406895584
29.58 6.85317031196
29.6 6.86110805408
29.62 6.86530515335
29.64 6.86661683895
29.66 6.86593961221
29.68 6.86419975829
29.7 6.8623421186
29.72 6.86131929616
29.74 6.86208146276
29.76 6.86556691914
29.78 6.8726935226
29.8 6.88435104917
29.82 6.9013944983
29.84 6.92463828445
29.86 6.95485119863
29.88 6.99275196579
29.9 7.03900517698
29.92 7.09421734413
29.94 7.15893280648
29.96 7.23362921695
29.98 7.31871235328
30.0 7.41451002756
30.02 7.52126491494
30.04 7.63912618097
30.06 7.76813985741
30.08 7.90823800368
30.1 8.05922678627
30.12 8.22077371984
30.14 8.3923944373
30.16 8.57343949266
30.18 8.76308184284
30.2 8.96030580954
30.22 9.16389846219
30.24 9.37244449591
30.26 9.58432577028
30.28 9.79772671214
30.3 10.0106467438
30.32 10.220920748
30.34 10.4262483068
30.36 10.624232037
30.38 10.8124247972
30.4 10.9883848775
30.42 11.1497375548
30.44 11.294240663
30.46 11.4198511838
30.48 11.524789397
30.5 11.6075969187
30.52 11.6671850815
30.54 11.7028705743
30.56 11.7143960514
30.58 11.7019344664
30.6 11.6660770605
30.62 11.607806121
30.64 11.5284546655
30.66 11.4296560052
30.68 11.3132866037
30.7 11.1814057699
30.72 11.0361955094
30.74 10.8799033867
30.76 10.7147905957
30.78 10.5430867088
30.8 10.3669518442
30.82 10.1884463531
30.84 10.0095076082
30.86 9.83193311214
30.88 9.65736893435
30.9 9.48730241361
30.92 9.32305810823
30.94 9.16579610569
30.96 9.01651198159
30.98 8.8760379032
31.0 8.74504457342
31.02 8.62404388934
31.04 8.5133923329
31.06 8.41329521421
31.08 8.3238119399
31.1 8.24486249695
31.12 8.17623531702
31.14 8.1175966381
31.16 8.06850141294
31.18 8.02840573729
31.2 7.99668069529
31.22 7.9726274521
31.24 7.95549336345
31.26 7.9444888296
31.28 7.93880458925
31.3 7.93762913004
31.32 7.94016588556
31.34 7.94564988691
31.36 7.95336354559
31.38 7.96265125533
31.4 7.97293251774
31.42 7.98371331973
31.44 7.9945955188
31.46 8.00528402849
31.48 8.01559164001
31.5 8.02544136799
31.52 8.03486626703
31.54 8.04400673147
31.56 8.05310535894
31.58 8.06249952824
31.6 8.07261190854
31.62 8.08393917817
31.64 8.09703928252
31.66 8.11251759967
31.68 8.1310124071
31.7 8.15318005107
31.72 8.17968020983
31.74 8.21116161686
31.76 8.2482485636
31.78 8.29152844436
31.8 8.34154053087
31.82 8.398766082
31.84 8.46361980533
31.86 8.53644259676
31.88 8.61749539846
31.9 8.70695394064
31.92 8.80490407422
31.94 8.91133736218
31.96 9.02614659265
31.98 9.14912089462
32.0 9.27994019858
32.02 9.41816887643
32.04 9.56324852443
32.06 9.71449001915
32.08 9.87106516455
32.1 10.0319984621
32.12 10.1961597542
32.14 10.3622587023
32.16 10.5288422398
32.18 10.6942962711
32.2 10.856852927
32.22 11.0146046268
32.24 11.165525993
32.26 11.3075043127
32.28 11.4383787355
32.3 11.55598775
32.32 11.6582237445
32.34 11.7430926829
32.36 11.8087762077
32.38 11.8536929108
32.4 11.8765551814
32.42 11.8764180208
32.44 11.8527165489
32.46 11.8052895948
32.48 11.734387725
32.5 11.6406651916
32.52 11.5251564697
32.54 11.3892391482
32.56 11.2345858282
32.58 11.0631082733
32.6 10.8768973217
32.62 10.6781619968
32.64 10.4691709092
32.66 10.25219849
32.68 10.0294779243
32.7 9.80316195182
32.72 9.5752920305
32.74 9.34777578136
32.76 9.12237216796
32.78 8.90068352546
32.8 8.68415334092
32.82 8.4740685782
32.84 8.27156532069
32.86 8.07763655617
32.88 7.89314102571
32.9 7.71881219436
32.92 7.55526656167
32.94 7.40301070413
32.96 7.26244663077
32.98 7.13387522458
33.0 7.01749773574
33.02 6.91341548014
33.04 6.82162807131
33.06 6.74203066148
33.08 6.67441078785
33.1 6.61844548907
33.12 6.57369938236
33.14 6.53962435579
33.16 6.51556144088
33.18 6.50074529291
33.2 6.4943115295
33.22 6.4953069775
33.24 6.50270267735
33.26 6.51540930553
33.28 6.53229451895
33.3 6.55220161604
33.32 6.5739688487
33.34 6.59644871319
33.36 6.61852659066
33.38 6.6391381866
33.4 6.6572853261
33.42 6.67204977951
33.44 6.6826049111
33.46 6.68822505091
33.48 6.68829257828
33.5 6.68230277202
33.52 6.66986652622
33.54 6.65071105569
33.56 6.62467872562
33.58 6.59172414437
33.6 6.55190966307
33.62 6.50539943669
33.64 6.45245222367
33.66 6.39341313534
33.68 6.32870458737
33.7 6.25881674826
33.72 6.18429781202
33.74 6.10574443186
33.76 6.02379262876
33.78 5.93910942885
33.8 5.8523853837
33.82 5.76432800349
33.84 5.67565599484
33.86 5.58709406882
33.88 5.49936798913
33.9 5.41319948185
33.92 5.32930063417
33.94 5.24836747052
33.96 5.17107249432
33.98 5.09805611103
34.0 5.02991698193
34.02 4.96720148108
34.04 4.91039253416
34.06 4.85989819594
34.08 4.81604037859
34.1 4.77904417806
34.12 4.74902826216
34.14 4.72599679068
34.16 4.70983333363
34.18 4.70029723758
34.2 4.69702286043
34.22 4.69952204873
34.24 4.70719015652
34.26 4.71931580894
34.28 4.73509447984
34.3 4.75364579463
34.32 4.77403428357
34.34 4.79529310851
34.36 4.81645008053
34.38 4.83655509415
34.4 4.85470794206
34.42 4.87008536433
34.44 4.88196614229
34.46 4.88975308195
34.48 4.89299085052
34.5 4.89137882785
34.52 4.88477840166
34.54 4.87321445025
34.56 4.85687109429
34.58 4.8360821314
34.6 4.81131686523
34.62 4.78316228048
34.64 4.75230267865
34.66 4.7194979639
34.68 4.685561756
34.7 4.65134040709
34.72 4.6176938285
34.74 4.58547880519
34.76 4.55553520756
34.78 4.52867522482
34.8 4.50567545905
34.82 4.48727145352
34.84 4.47415400489
34.86 4.46696644115
34.88 4.46630195526
34.9 4.47270008481
34.92 4.48664152814
34.94 4.50854069469
34.96 4.53873569766
34.98 4.57747588149
35.0 4.62490741688
35.02 4.68105792776
35.04 4.74582148957
35.06 4.81894559301
35.08 4.90002174895
35.1 4.98848128385
35.12 5.08359754405
35.14 5.18449521065
35.16 5.29016679711
35.18 5.39949573719
35.2 5.51128486474
35.22 5.62428862382
35.24 5.73724708315
35.26 5.84891978542
35.28 5.95811762954
35.3 6.06373131441
35.32 6.16475530561
35.34 6.26030675397
35.36 6.34963923177
35.38 6.43215151633
35.4 6.50739191374
35.42 6.57505876873
35.44 6.63499786305
35.46 6.68719738019
35.48 6.73178103457
35.5 6.76899985505
35.52 6.79922299512
35.54 6.82292783555
35.56 6.8406895584
35.58 6.85317031196
35.6 6.86110805408
35.62 6.86530515335
35.64 6.86661683894
35.66 6.86593961222
35.68 6.86419975829
35.7 6.86234211861
35.72 6.86131929616
35.74 6.86208146275
35.76 6.86556691913
35.78 6.8726935226
35.8 6.88435104918
35.82 6.9013944983
35.84 6.92463828444
35.86 6.95485119863
35.88 6.99275196579
35.9 7.03900517698
35.92 7.09421734412
35.94 7.15893280649
35.96 7.23362921695
35.98 7.3187123533
36.0 7.41451002755
36.02 7.52126491495
36.04 7.63912618095
36.06 7.76813985742
36.08 7.90823800368
36.1 8.05922678628
36.12 8.22077371981
36.14 8.39239443732
36.16 8.57343949265
36.18 8.76308184284
36.2 8.96030580953
36.22 9.1638984622
36.24 9.37244449591
36.26 9.58432577028
36.28 9.79772671213
36.3 10.0106467438
36.32 10.220920748
36.34 10.4262483069
36.36 10.624232037
36.38 10.8124247972
36.4 10.9883848775
36.42 11.1497375548
36.44 11.2942406629
36.46 11.4198511838
36.48 11.524789397
36.5 11.6075969187
36.52 11.6671850815
36.54 11.7028705743
36.56 11.7143960514
36.58 11.7019344664
36.6 11.6660770606
36.62 11.607806121
36.64 11.5284546655
36.66 11.4296560052
36.68 11.3132866037
36.7 11.1814057699
36.72 11.0361955095
36.74 10.8799033867
36.76 10.7147905957
36.78 10.5430867088
36.8 10.3669518442
36.82 10.1884463531
36.84 10.0095076082
36.86 9.83193311212
36.88 9.65736893437
36.9 9.48730241362
36.92 9.32305810824
36.94 9.16579610567
36.96 9.01651198159
36.98 8.87603790319
37.0 8.74504457344
37.02 8.62404388933
37.04 8.5133923329
37.06 8.41329521422
37.08 8.32381193991
37.1 8.24486249694
37.12 8.17623531702
37.14 8.11759663809
37.16 8.06850141295
37.18 8.02840573729
37.2 7.99668069531
37.22 7.97262745209
37.24 7.95549336346
37.26 7.9444888296
37.28 7.93880458924
37.3 7.93762913004
37.32 7.94016588556
37.34 7.94564988691
37.36 7.9533635456
37.38 7.96265125532
37.4 7.97293251774
37.42 7.98371331973
37.44 7.99459551881
37.46 8.00528402849
37.48 8.01559164001
37.5 8.02544136799
37.52 8.03486626703
37.54 8.04400673147
37.56 8.05310535894
37.58 8.06249952824
37.6 8.07261190854
37.62 8.08393917817
37.64 8.09703928251
37.66 8.11251759967
37.68 8.13101240711
37.7 8.15318005107
37.72 8.17968020984
37.74 8.21116161685
37.76 8.2482485636
37.78 8.29152844436
37.8 8.34154053085
37.82 8.39876608202
37.84 8.46361980533
37.86 8.53644259678
37.88 8.61749539844
37.9 8.70695394065
37.92 8.80490407422
37.94 8.91133736216
37.96 9.02614659267
37.98 9.14912089461
38.0 9.2799401986
38.02 9.41816887641
38.04 9.56324852443
38.06 9.71449001914
38.08 9.87106516453
38.1 10.0319984621
38.12 10.1961597542
38.14 10.3622587023
38.16 10.5288422398
38.18 10.6942962711
38.2 10.856852927
38.22 11.0146046268
38.24 11.165525993
38.26 11.3075043127
38.28 11.4383787355
38.3 11.55598775
38.32 11.6582237445
38.34 11.7430926829
38.36 11.8087762077
38.38 11.8536929108
38.4 11.8765551814
38.42 11.8764180208
38.44 11.8527165489
38.46 11.8052895948
38.48 11.734387725
38.5 11.6406651916
38.52 11.5251564697
38.54 11.3892391482
38.56 11.2345858282
38.58 11.0631082733
38.6 10.8768973217
38.62 10.6781619968
38.64 10.4691709092
38.66 10.25219849
38.68 10.0294779243
38.7 9.80316195182
38.72 9.57529203049
38.74 9.34777578136
38.76 9.12237216796
38.78 8.90068352546
38.8 8.68415334094
38.82 8.47406857817
38.84 8.2715653207
38.86 8.07763655617
38.88 7.8931410257
38.9 7.71881219437
38.92 7.55526656167
38.94 7.40301070414
38.96 7.26244663075
38.98 7.13387522458
39.0 7.01749773573
39.02 6.91341548015
39.04 6.82162807127
39.06 6.74203066151
39.08 6.67441078785
39.1 6.61844548907
39.12 6.57369938236
39.14 6.5396243558
39.16 6.51556144086
39.18 6.50074529292
39.2 6.4943115295
39.22 6.49530697749
39.24 6.50270267737
39.26 6.51540930552
39.28 6.53229451896
39.3 6.55220161604
39.32 6.57396884869
39.34 6.59644871319
39.36 6.61852659066
39.38 6.63913818659
39.4 6.6572853261
39.42 6.67204977952
39.44 6.6826049111
39.46 6.68822505091
39.48 6.68829257828
39.5 6.68230277202
39.52 6.66986652622
39.54 6.65071105569
39.56 6.62467872562
39.58 6.59172414437
39.6 6.55190966308
39.62 6.50539943669
39.64 6.45245222367
39.66 6.39341313533
39.68 6.32870458738
39.7 6.25881674826
39.72 6.18429781202
39.74 6.10574443186
39.76 6.02379262876
39.78 5.93910942885
39.8 5.8523853837
39.82 5.76432800348
39.84 5.67565599485
39.86 5.58709406882
39.88 5.49936798914
39.9 5.41319948184
39.92 5.32930063417
39.94 5.24836747052
39.96 5.17107249432
39.98 5.09805611103
