0.0 1.29757710659
0.02 1.29421815279
0.04 1.29087515617
0.06 1.28755098307
0.08 1.28424846508
0.1 1.28097039277
0.12 1.27771950955
0.14 1.27449850572
0.16 1.27131001261
0.18 1.26815659691
0.2 1.2650407552
0.22 1.26196490862
0.24 1.25893139781
0.26 1.25594247803
0.28 1.2530003145
0.3 1.25010697798
0.32 1.24726444062
0.34 1.24447457201
0.36 1.24173913558
0.38 1.2390597852
0.4 1.23643806207
0.42 1.23387539193
0.44 1.23137308255
0.46 1.22893232153
0.48 1.22655417442
0.5 1.22423958314
0.52 1.22198936478
0.54 1.21980421067
0.56 1.21768468587
0.58 1.21563122896
0.6 1.21364415221
0.62 1.21172364216
0.64 1.20986976046
0.66 1.20808244526
0.68 1.20636151284
0.7 1.20470665969
0.72 1.203117465
0.74 1.20159339353
0.76 1.20013379886
0.78 1.19873792708
0.8 1.19740492084
0.82 1.1961338238
0.84 1.19492358549
0.86 1.19377306653
0.88 1.19268104421
0.9 1.19164621845
0.92 1.19066721809
0.94 1.18974260753
0.96 1.18887089363
0.98 1.18805053293
1.0 1.18727993913
1.02 1.18655749079
1.04 1.18588153924
1.06 1.18525041663
1.08 1.18466244417
1.1 1.18411594042
1.12 1.18360922963
1.14 1.18314065018
1.16 1.18270856284
1.18 1.18231135913
1.2 1.18194746944
1.22 1.18161537102
1.24 1.18131359582
1.26 1.18104073795
1.28 1.18079546099
1.3 1.18057650483
1.32 1.18038269218
1.34 1.18021293467
1.36 1.18006623841
1.38 1.17994170913
1.4 1.17983855671
1.42 1.17975609921
1.44 1.17969376621
1.46 1.17965110165
1.48 1.17962776594
1.5 1.17962353747
1.52 1.17963831344
1.54 1.17967211007
1.56 1.17972506205
1.58 1.17979742146
1.6 1.17988955596
1.62 1.18000194635
1.64 1.18013518356
1.66 1.18028996501
1.68 1.18046709042
1.7 1.18066745707
1.72 1.18089205461
1.74 1.18114195933
1.76 1.18141832807
1.78 1.18172239169
1.8 1.18205544828
1.82 1.18241885597
1.84 1.18281402556
1.86 1.18324241295
1.88 1.18370551134
1.9 1.18420484341
1.92 1.1847419533
1.94 1.18531839874
1.96 1.185935743
1.98 1.18659554704
2.0 1.18729936169
2.02 1.18804871994
2.04 1.18884512945
2.06 1.18969006522
2.08 1.19058496247
2.1 1.19153120979
2.12 1.19253014256
2.14 1.19358303665
2.16 1.19469110243
2.18 1.19585547915
2.2 1.19707722958
2.22 1.19835733508
2.24 1.19969669097
2.26 1.20109610226
2.28 1.20255627984
2.3 1.20407783691
2.32 1.20566128586
2.34 1.20730703549
2.36 1.20901538863
2.38 1.21078654005
2.4 1.2126205748
2.42 1.21451746686
2.44 1.21647707814
2.46 1.21849915779
2.48 1.2205833419
2.5 1.22272915344
2.52 1.22493600259
2.54 1.22720318725
2.56 1.22952989399
2.58 1.23191519916
2.6 1.23435807034
2.62 1.23685736802
2.64 1.23941184752
2.66 1.24202016123
2.68 1.24468086098
2.7 1.24739240075
2.72 1.25015313948
2.74 1.25296134423
2.76 1.25581519339
2.78 1.25871278026
2.8 1.26165211665
2.82 1.2646311368
2.84 1.2676477014
2.86 1.27069960177
2.88 1.27378456429
2.9 1.27690025486
2.92 1.28004428361
2.94 1.28321420966
2.96 1.2864075461
2.98 1.28962176499
3.0 1.29285430252
3.02 1.29610256431
3.04 1.29936393068
3.06 1.30263576209
3.08 1.3059154046
3.1 1.30920019539
3.12 1.31248746829
3.14 1.31577455935
3.16 1.3190588124
3.18 1.32233758456
3.2 1.32560825174
3.22 1.32886821413
3.24 1.3321149015
3.26 1.3353457785
3.28 1.3385583498
3.3 1.34175016511
3.32 1.34491882406
3.34 1.34806198078
3.36 1.35117734848
3.38 1.35426270366
3.4 1.35731589008
3.42 1.36033482259
3.44 1.36331749055
3.46 1.36626196101
3.48 1.36916638161
3.5 1.37202898312
3.52 1.37484808163
3.54 1.37762208046
3.56 1.3803494716
3.58 1.38302883696
3.6 1.38565884908
3.62 1.38823827158
3.64 1.39076595924
3.66 1.39324085764
3.68 1.39566200254
3.7 1.39802851888
3.72 1.40033961937
3.74 1.40259460282
3.76 1.40479285218
3.78 1.40693383219
3.8 1.40901708681
3.82 1.41104223636
3.84 1.41300897442
3.86 1.41491706452
3.88 1.41676633657
3.9 1.4185566832
3.92 1.42028805584
3.94 1.42196046075
3.96 1.42357395485
3.98 1.4251286416
4.0 1.42662466664
4.02 1.42806221352
4.04 1.42944149935
4.06 1.43076277046
4.08 1.4320262981
4.1 1.43323237418
4.12 1.43438130697
4.14 1.43547341714
4.16 1.43650903348
4.18 1.43748848924
4.2 1.4384121181
4.22 1.43928025063
4.24 1.44009321078
4.26 1.44085131242
4.28 1.44155485636
4.3 1.44220412712
4.32 1.44279939035
4.34 1.44334089012
4.36 1.44382884648
4.38 1.44426345336
4.4 1.44464487665
4.42 1.44497325234
4.44 1.44524868499
4.46 1.44547124668
4.48 1.44564097562
4.5 1.44575787567
4.52 1.44582191545
4.54 1.44583302835
4.56 1.4457911121
4.58 1.44569602924
4.6 1.44554760729
4.62 1.4453456395
4.64 1.44508988577
4.66 1.4447800738
4.68 1.44441590039
4.7 1.44399703315
4.72 1.44352311244
4.74 1.44299375335
4.76 1.44240854819
4.78 1.44176706901
4.8 1.44106887043
4.82 1.44031349276
4.84 1.43950046509
4.86 1.43862930902
4.88 1.43769954201
4.9 1.43671068156
4.92 1.43566224895
4.94 1.43455377362
4.96 1.43338479743
4.98 1.43215487913
5.0 1.43086359899
5.02 1.42951056339
5.04 1.42809540968
5.06 1.42661781084
5.08 1.42507748049
5.1 1.42347417757
5.12 1.42180771124
5.14 1.42007794565
5.16 1.41828480462
5.18 1.41642827627
5.2 1.41450841746
5.22 1.4125253582
5.24 1.41047930571
5.26 1.40837054842
5.28 1.40619945967
5.3 1.40396650117
5.32 1.40167222613
5.34 1.39931728221
5.36 1.396902414
5.38 1.3944284652
5.4 1.39189638051
5.42 1.38930720709
5.44 1.38666209549
5.46 1.38396230048
5.48 1.38120918116
5.5 1.37840420082
5.52 1.37554892637
5.54 1.37264502722
5.56 1.36969427395
5.58 1.3666985363
5.6 1.36365978101
5.62 1.36058006906
5.64 1.35746155259
5.66 1.35430647148
5.68 1.3511171495
5.7 1.34789599013
5.72 1.34464547213
5.74 1.34136814467
5.76 1.33806662227
5.78 1.33474357949
5.8 1.33140174531
5.82 1.32804389736
5.84 1.32467285595
5.86 1.32129147791
5.88 1.3179026503
5.9 1.31450928408
5.92 1.31111430757
5.94 1.30772065994
5.96 1.30433128464
5.98 1.30094912278
6.0 1.29757710658
6.02 1.29421815279
6.04 1.29087515617
6.06 1.28755098307
6.08 1.28424846508
6.1 1.28097039277
6.12 1.27771950955
6.14 1.27449850572
6.16 1.27131001261
6.18 1.26815659691
6.2 1.2650407552
6.22 1.26196490862
6.24 1.25893139781
6.26 1.25594247803
6.28 1.25300031451
6.3 1.25010697798
6.32 1.24726444062
6.34 1.24447457201
6.36 1.24173913558
6.38 1.2390597852
6.4 1.23643806207
6.42 1.23387539193
6.44 1.23137308255
6.46 1.22893232153
6.48 1.22655417442
6.5 1.22423958314
6.52 1.22198936478
6.54 1.21980421067
6.56 1.21768468587
6.58 1.21563122896
6.6 1.21364415221
6.62 1.21172364216
6.64 1.20986976046
6.66 1.20808244527
6.68 1.20636151284
6.7 1.20470665969
6.72 1.203117465
6.74 1.20159339353
6.76 1.20013379886
6.78 1.19873792708
6.8 1.19740492084
6.82 1.1961338238
6.84 1.19492358549
6.86 1.19377306653
6.88 1.19268104421
6.9 1.19164621845
6.92 1.19066721809
6.94 1.18974260753
6.96 1.18887089363
6.98 1.18805053293
7.0 1.18727993913
7.02 1.18655749079
7.04 1.18588153924
7.06 1.18525041663
7.08 1.18466244417
7.1 1.18411594042
7.12 1.18360922963
7.14 1.18314065018
7.16 1.18270856284
7.18 1.18231135913
7.2 1.18194746944
7.22 1.18161537102
7.24 1.18131359582
7.26 1.18104073795
7.28 1.18079546099
7.3 1.18057650483
7.32 1.18038269218
7.34 1.18021293467
7.36 1.18006623841
7.38 1.17994170913
7.4 1.17983855671
7.42 1.17975609921
7.44 1.17969376621
7.46 1.17965110165
7.48 1.17962776594
7.5 1.17962353747
7.52 1.17963831344
7.54 1.17967211007
7.56 1.17972506205
7.58 1.17979742146
7.6 1.17988955596
7.62 1.18000194635
7.64 1.18013518356
7.66 1.18028996501
7.68 1.18046709042
7.7 1.18066745707
7.72 1.18089205461
7.74 1.18114195933
7.76 1.18141832807
7.78 1.18172239169
7.8 1.18205544828
7.82 1.18241885597
7.84 1.18281402556
7.86 1.18324241295
7.88 1.18370551134
7.9 1.1842048434
7.92 1.1847419533
7.94 1.18531839874
7.96 1.185935743
7.98 1.18659554704
8.0 1.18729936169
8.02 1.18804871994
8.04 1.18884512945
8.06 1.18969006522
8.08 1.19058496247
8.1 1.19153120979
8.12 1.19253014256
8.14 1.19358303665
8.16 1.19469110243
8.18 1.19585547915
8.2 1.19707722958
8.22 1.19835733508
8.24 1.19969669097
8.26 1.20109610226
8.28 1.20255627984
8.3 1.20407783691
8.32 1.20566128586
8.34 1.20730703549
8.36 1.20901538863
8.38 1.21078654005
8.4 1.2126205748
8.42 1.21451746686
8.44 1.21647707814
8.46 1.21849915779
8.48 1.2205833419
8.5 1.22272915344
8.52 1.22493600259
8.54 1.22720318725
8.56 1.22952989398
8.58 1.23191519916
8.6 1.23435807034
8.62 1.23685736802
8.64 1.23941184752
8.66 1.24202016123
8.68 1.24468086098
8.7 1.24739240075
8.72 1.25015313948
8.74 1.25296134423
8.76 1.25581519339
8.78 1.25871278026
8.8 1.26165211665
8.82 1.2646311368
8.84 1.2676477014
8.86 1.27069960177
8.88 1.27378456429
8.9 1.27690025486
8.92 1.28004428361
8.94 1.28321420966
8.96 1.2864075461
8.98 1.28962176499
9.0 1.29285430252
9.02 1.29610256432
9.04 1.29936393068
9.06 1.30263576209
9.08 1.3059154046
9.1 1.30920019539
9.12 1.31248746829
9.14 1.31577455936
9.16 1.3190588124
9.18 1.32233758455
9.2 1.32560825174
9.22 1.32886821413
9.24 1.3321149015
9.26 1.33534577849
9.28 1.3385583498
9.3 1.34175016511
9.32 1.34491882406
9.34 1.34806198078
9.36 1.35117734848
9.38 1.35426270366
9.4 1.35731589008
9.42 1.36033482259
9.44 1.36331749055
9.46 1.36626196101
9.48 1.36916638161
9.5 1.37202898312
9.52 1.37484808163
9.54 1.37762208046
9.56 1.3803494716
9.58 1.38302883696
9.6 1.38565884908
9.62 1.38823827158
9.64 1.39076595924
9.66 1.39324085764
9.68 1.39566200254
9.7 1.39802851889
9.72 1.40033961936
9.74 1.40259460282
9.76 1.40479285218
9.78 1.40693383219
9.8 1.40901708681
9.82 1.41104223636
9.84 1.41300897442
9.86 1.41491706452
9.88 1.41676633657
9.9 1.4185566832
9.92 1.42028805585
9.94 1.42196046074
9.96 1.42357395485
9.98 1.4251286416
10.0 1.42662466664
10.02 1.42806221352
10.04 1.42944149935
10.06 1.43076277046
10.08 1.4320262981
10.1 1.43323237418
10.12 1.43438130697
10.14 1.43547341714
10.16 1.43650903348
10.18 1.43748848924
10.2 1.4384121181
10.22 1.43928025063
10.24 1.44009321078
10.26 1.44085131242
10.28 1.44155485636
10.3 1.44220412712
10.32 1.44279939036
10.34 1.4433408901
10.36 1.44382884648
10.38 1.44426345336
10.4 1.44464487664
10.42 1.44497325234
10.44 1.44524868499
10.46 1.44547124668
10.48 1.44564097562
10.5 1.44575787567
10.52 1.44582191545
10.54 1.44583302835
10.56 1.4457911121
10.58 1.44569602924
10.6 1.44554760729
10.62 1.4453456395
10.64 1.44508988577
10.66 1.4447800738
10.68 1.44441590039
10.7 1.44399703315
10.72 1.44352311244
10.74 1.44299375335
10.76 1.44240854819
10.78 1.44176706901
10.8 1.44106887043
10.82 1.44031349276
10.84 1.43950046509
10.86 1.43862930902
10.88 1.43769954201
10.9 1.43671068156
10.92 1.43566224895
10.94 1.43455377363
10.96 1.43338479743
10.98 1.43215487913
11.0 1.43086359899
11.02 1.42951056339
11.04 1.42809540968
11.06 1.42661781084
11.08 1.42507748049
11.1 1.42347417757
11.12 1.42180771124
11.14 1.42007794565
11.16 1.41828480462
11.18 1.41642827627
11.2 1.41450841746
11.22 1.4125253582
11.24 1.4104793057
11.26 1.40837054842
11.28 1.40619945967
11.3 1.40396650117
11.32 1.40167222613
11.34 1.39931728221
11.36 1.396902414
11.38 1.3944284652
11.4 1.39189638051
11.42 1.38930720709
11.44 1.38666209549
11.46 1.38396230048
11.48 1.38120918116
11.5 1.37840420082
11.52 1.37554892637
11.54 1.37264502722
11.56 1.36969427395
11.58 1.3666985363
11.6 1.36365978101
11.62 1.36058006906
11.64 1.35746155259
11.66 1.35430647148
11.68 1.3511171495
11.7 1.34789599013
11.72 1.34464547213
11.74 1.34136814467
11.76 1.33806662227
11.78 1.33474357949
11.8 1.33140174531
11.82 1.32804389737
11.84 1.32467285595
11.86 1.32129147791
11.88 1.3179026503
11.9 1.31450928408
11.92 1.31111430757
11.94 1.30772065994
11.96 1.30433128464
11.98 1.30094912278
12.0 1.29757710659
12.02 1.29421815279
12.04 1.29087515617
12.06 1.28755098307
12.08 1.28424846508
12.1 1.28097039277
12.12 1.27771950955
12.14 1.27449850572
12.16 1.27131001261
12.18 1.26815659691
12.2 1.2650407552
12.22 1.26196490862
12.24 1.25893139781
12.26 1.25594247803
12.28 1.2530003145
12.3 1.25010697798
12.32 1.24726444062
12.34 1.24447457201
12.36 1.24173913559
12.38 1.2390597852
12.4 1.23643806207
12.42 1.23387539193
12.44 1.23137308255
12.46 1.22893232153
12.48 1.22655417442
12.5 1.22423958314
12.52 1.22198936478
12.54 1.21980421067
12.56 1.21768468587
12.58 1.21563122896
12.6 1.21364415221
12.62 1.21172364216
12.64 1.20986976046
12.66 1.20808244526
12.68 1.20636151284
12.7 1.20470665969
12.72 1.203117465
12.74 1.20159339353
12.76 1.20013379886
12.78 1.19873792708
12.8 1.19740492084
12.82 1.1961338238
12.84 1.19492358549
12.86 1.19377306653
12.88 1.19268104421
12.9 1.19164621845
12.92 1.19066721809
12.94 1.18974260753
12.96 1.18887089363
12.98 1.18805053293
13.0 1.18727993913
13.02 1.18655749079
13.04 1.18588153924
13.06 1.18525041663
13.08 1.18466244417
13.1 1.18411594041
13.12 1.18360922963
13.14 1.18314065017
13.16 1.18270856284
13.18 1.18231135913
13.2 1.18194746944
13.22 1.18161537102
13.24 1.18131359582
13.26 1.18104073795
13.28 1.18079546099
13.3 1.18057650483
13.32 1.18038269218
13.34 1.18021293467
13.36 1.18006623841
13.38 1.17994170913
13.4 1.17983855671
13.42 1.17975609921
13.44 1.17969376621
13.46 1.17965110165
13.48 1.17962776594
13.5 1.17962353747
13.52 1.17963831344
13.54 1.17967211007
13.56 1.17972506205
13.58 1.17979742146
13.6 1.17988955596
13.62 1.18000194635
13.64 1.18013518356
13.66 1.18028996501
13.68 1.18046709042
13.7 1.18066745707
13.72 1.18089205461
13.74 1.18114195933
13.76 1.18141832807
13.78 1.18172239169
13.8 1.18205544828
13.82 1.18241885597
13.84 1.18281402556
13.86 1.18324241295
13.88 1.18370551134
13.9 1.1842048434
13.92 1.1847419533
13.94 1.18531839874
13.96 1.185935743
13.98 1.18659554704
14.0 1.18729936169
14.02 1.18804871994
14.04 1.18884512945
14.06 1.18969006522
14.08 1.19058496247
14.1 1.19153120979
14.12 1.19253014256
14.14 1.19358303665
14.16 1.19469110243
14.18 1.19585547915
14.2 1.19707722958
14.22 1.19835733508
14.24 1.19969669097
14.26 1.20109610226
14.28 1.20255627984
14.3 1.20407783691
14.32 1.20566128586
14.34 1.20730703549
14.36 1.20901538863
14.38 1.21078654005
14.4 1.2126205748
14.42 1.21451746686
14.44 1.21647707814
14.46 1.21849915779
14.48 1.2205833419
14.5 1.22272915344
14.52 1.22493600259
14.54 1.22720318725
14.56 1.22952989399
14.58 1.23191519916
14.6 1.23435807034
14.62 1.23685736802
14.64 1.23941184752
14.66 1.24202016122
14.68 1.24468086098
14.7 1.24739240075
14.72 1.25015313948
14.74 1.25296134423
14.76 1.25581519339
14.78 1.25871278026
14.8 1.26165211665
14.82 1.2646311368
14.84 1.2676477014
14.86 1.27069960177
14.88 1.27378456429
14.9 1.27690025486
14.92 1.28004428361
14.94 1.28321420966
14.96 1.2864075461
14.98 1.28962176499
15.0 1.29285430252
15.02 1.29610256431
15.04 1.29936393068
15.06 1.30263576209
15.08 1.3059154046
15.1 1.30920019539
15.12 1.31248746829
15.14 1.31577455935
15.16 1.3190588124
15.18 1.32233758455
15.2 1.32560825174
15.22 1.32886821413
15.24 1.3321149015
15.26 1.3353457785
15.28 1.3385583498
15.3 1.34175016512
15.32 1.34491882406
15.34 1.34806198078
15.36 1.35117734848
15.38 1.35426270365
15.4 1.35731589008
15.42 1.36033482259
15.44 1.36331749055
15.46 1.36626196101
15.48 1.36916638161
15.5 1.37202898312
15.52 1.37484808163
15.54 1.37762208046
15.56 1.3803494716
15.58 1.38302883696
15.6 1.38565884908
15.62 1.38823827158
15.64 1.39076595924
15.66 1.39324085764
15.68 1.39566200254
15.7 1.39802851888
15.72 1.40033961937
15.74 1.40259460282
15.76 1.40479285218
15.78 1.40693383219
15.8 1.40901708681
15.82 1.41104223636
15.84 1.41300897442
15.86 1.41491706452
15.88 1.41676633657
15.9 1.4185566832
15.92 1.42028805585
15.94 1.42196046074
15.96 1.42357395485
15.98 1.4251286416
16.0 1.42662466664
16.02 1.42806221352
16.04 1.42944149935
16.06 1.43076277046
16.08 1.4320262981
16.1 1.43323237418
16.12 1.43438130697
16.14 1.43547341714
16.16 1.43650903348
16.18 1.43748848924
16.2 1.4384121181
16.22 1.43928025063
16.24 1.44009321078
16.26 1.44085131242
16.28 1.44155485636
16.3 1.44220412712
16.32 1.44279939035
16.34 1.44334089012
16.36 1.44382884648
16.38 1.44426345336
16.4 1.44464487665
16.42 1.44497325234
16.44 1.44524868499
16.46 1.44547124668
16.48 1.44564097562
16.5 1.44575787567
16.52 1.44582191545
16.54 1.44583302835
16.56 1.4457911121
16.58 1.44569602924
16.6 1.44554760729
16.62 1.44534563949
16.64 1.44508988578
16.66 1.4447800738
16.68 1.44441590039
16.7 1.44399703315
16.72 1.44352311244
16.74 1.44299375335
16.76 1.44240854819
16.78 1.44176706901
16.8 1.44106887043
16.82 1.44031349276
16.84 1.43950046509
16.86 1.43862930901
16.88 1.43769954202
16.9 1.43671068156
16.92 1.43566224895
16.94 1.43455377362
16.96 1.43338479743
16.98 1.43215487913
17.0 1.43086359899
17.02 1.42951056339
17.04 1.42809540967
17.06 1.42661781084
17.08 1.42507748049
17.1 1.42347417757
17.12 1.42180771124
17.14 1.42007794565
17.16 1.41828480462
17.18 1.41642827626
17.2 1.41450841746
17.22 1.4125253582
17.24 1.41047930571
17.26 1.40837054842
17.28 1.40619945967
17.3 1.40396650117
17.32 1.40167222613
17.34 1.39931728222
17.36 1.39690241399
17.38 1.3944284652
17.4 1.39189638052
17.42 1.38930720708
17.44 1.38666209549
17.46 1.38396230048
17.48 1.38120918116
17.5 1.37840420082
17.52 1.37554892637
17.54 1.37264502722
17.56 1.36969427395
17.58 1.3666985363
17.6 1.36365978101
17.62 1.36058006906
17.64 1.35746155259
17.66 1.35430647148
17.68 1.3511171495
17.7 1.34789599013
17.72 1.34464547213
17.74 1.34136814467
17.76 1.33806662227
17.78 1.33474357949
17.8 1.33140174531
17.82 1.32804389737
17.84 1.32467285595
17.86 1.32129147791
17.88 1.3179026503
17.9 1.31450928408
17.92 1.31111430757
17.94 1.30772065994
17.96 1.30433128464
17.98 1.30094912278
18.0 1.29757710658
18.02 1.29421815279
18.04 1.29087515617
18.06 1.28755098307
18.08 1.28424846508
18.1 1.28097039277
18.12 1.27771950955
18.14 1.27449850572
18.16 1.27131001261
18.18 1.26815659691
18.2 1.2650407552
18.22 1.26196490862
18.24 1.25893139781
18.26 1.25594247804
18.28 1.2530003145
18.3 1.25010697798
18.32 1.24726444062
18.34 1.24447457201
18.36 1.24173913559
18.38 1.2390597852
18.4 1.23643806207
18.42 1.23387539193
18.44 1.23137308255
18.46 1.22893232153
18.48 1.22655417442
18.5 1.22423958314
18.52 1.22198936478
18.54 1.21980421067
18.56 1.21768468587
18.58 1.21563122896
18.6 1.21364415221
18.62 1.21172364216
18.64 1.20986976046
18.66 1.20808244526
18.68 1.20636151284
18.7 1.20470665969
18.72 1.203117465
18.74 1.20159339353
18.76 1.20013379886
18.78 1.19873792708
18.8 1.19740492084
18.82 1.1961338238
18.84 1.19492358549
18.86 1.19377306653
18.88 1.19268104421
18.9 1.19164621845
18.92 1.19066721809
18.94 1.18974260753
18.96 1.18887089363
18.98 1.18805053293
19.0 1.18727993913
19.02 1.18655749079
19.04 1.18588153924
19.06 1.18525041663
19.08 1.18466244417
19.1 1.18411594041
19.12 1.18360922963
19.14 1.18314065017
19.16 1.18270856284
19.18 1.18231135913
19.2 1.18194746944
19.22 1.18161537102
19.24 1.18131359582
19.26 1.18104073795
19.28 1.18079546099
19.3 1.18057650483
19.32 1.18038269218
19.34 1.18021293467
19.36 1.18006623841
19.38 1.17994170913
19.4 1.17983855672
19.42 1.17975609921
19.44 1.17969376621
19.46 1.17965110165
19.48 1.17962776594
19.5 1.17962353747
19.52 1.17963831344
19.54 1.17967211007
19.56 1.17972506205
19.58 1.17979742146
19.6 1.17988955596
19.62 1.18000194635
19.64 1.18013518356
19.66 1.18028996501
19.68 1.18046709042
19.7 1.18066745707
19.72 1.18089205461
19.74 1.18114195933
19.76 1.18141832807
19.78 1.18172239169
19.8 1.18205544828
19.82 1.18241885597
19.84 1.18281402556
19.86 1.18324241295
19.88 1.18370551134
19.9 1.1842048434
19.92 1.1847419533
19.94 1.18531839874
19.96 1.185935743
19.98 1.18659554704
20.0 1.18729936169
20.02 1.18804871993
20.04 1.18884512945
20.06 1.18969006522
20.08 1.19058496247
20.1 1.19153120979
20.12 1.19253014256
20.14 1.19358303665
20.16 1.19469110243
20.18 1.19585547915
20.2 1.19707722958
20.22 1.19835733508
20.24 1.19969669097
20.26 1.20109610226
20.28 1.20255627984
20.3 1.20407783691
20.32 1.20566128586
20.34 1.20730703549
20.36 1.20901538863
20.38 1.21078654005
20.4 1.2126205748
20.42 1.21451746686
20.44 1.21647707814
20.46 1.21849915778
20.48 1.2205833419
20.5 1.22272915344
20.52 1.22493600258
20.54 1.22720318725
20.56 1.22952989399
20.58 1.23191519916
20.6 1.23435807034
20.62 1.23685736801
20.64 1.23941184752
20.66 1.24202016122
20.68 1.24468086098
20.7 1.24739240075
20.72 1.25015313948
20.74 1.25296134423
20.76 1.25581519339
20.78 1.25871278026
20.8 1.26165211665
20.82 1.2646311368
20.84 1.2676477014
20.86 1.27069960177
20.88 1.27378456429
20.9 1.27690025486
20.92 1.28004428361
20.94 1.28321420966
20.96 1.2864075461
20.98 1.28962176499
21.0 1.29285430253
21.02 1.29610256431
21.04 1.29936393068
21.06 1.30263576209
21.08 1.3059154046
21.1 1.30920019538
21.12 1.31248746829
21.14 1.31577455936
21.16 1.3190588124
21.18 1.32233758456
21.2 1.32560825174
21.22 1.32886821413
21.24 1.3321149015
21.26 1.33534577849
21.28 1.3385583498
21.3 1.34175016511
21.32 1.34491882406
21.34 1.34806198078
21.36 1.35117734849
21.38 1.35426270365
21.4 1.35731589008
21.42 1.36033482259
21.44 1.36331749055
21.46 1.36626196101
21.48 1.36916638161
21.5 1.37202898312
21.52 1.37484808164
21.54 1.37762208046
21.56 1.3803494716
21.58 1.38302883696
21.6 1.38565884908
21.62 1.38823827158
21.64 1.39076595924
21.66 1.39324085763
21.68 1.39566200254
21.7 1.39802851889
21.72 1.40033961937
21.74 1.40259460282
21.76 1.40479285218
21.78 1.40693383219
21.8 1.40901708681
21.82 1.41104223636
21.84 1.41300897442
21.86 1.41491706452
21.88 1.41676633657
21.9 1.4185566832
21.92 1.42028805585
21.94 1.42196046074
21.96 1.42357395485
21.98 1.4251286416
22.0 1.42662466664
22.02 1.42806221352
22.04 1.42944149935
22.06 1.43076277046
22.08 1.4320262981
22.1 1.43323237418
22.12 1.43438130697
22.14 1.43547341714
22.16 1.43650903348
22.18 1.43748848924
22.2 1.4384121181
22.22 1.43928025063
22.24 1.44009321077
22.26 1.44085131242
22.28 1.44155485636
22.3 1.44220412712
22.32 1.44279939036
22.34 1.4433408901
22.36 1.4438288465
22.38 1.44426345335
22.4 1.44464487665
22.42 1.44497325234
22.44 1.44524868499
22.46 1.44547124668
22.48 1.44564097562
22.5 1.44575787567
22.52 1.44582191545
22.54 1.44583302835
22.56 1.4457911121
22.58 1.44569602924
22.6 1.44554760729
22.62 1.4453456395
22.64 1.44508988577
22.66 1.4447800738
22.68 1.44441590039
22.7 1.44399703315
22.72 1.44352311244
22.74 1.44299375335
22.76 1.44240854819
22.78 1.44176706901
22.8 1.44106887043
22.82 1.44031349276
22.84 1.43950046509
22.86 1.43862930901
22.88 1.43769954202
22.9 1.43671068156
22.92 1.43566224895
22.94 1.43455377362
22.96 1.43338479743
22.98 1.43215487913
23.0 1.43086359899
23.02 1.42951056339
23.04 1.42809540968
23.06 1.42661781084
23.08 1.42507748049
23.1 1.42347417757
23.12 1.42180771124
23.14 1.42007794565
23.16 1.41828480462
23.18 1.41642827626
23.2 1.41450841746
23.22 1.4125253582
23.24 1.4104793057
23.26 1.40837054842
23.28 1.40619945967
23.3 1.40396650117
23.32 1.40167222613
23.34 1.39931728222
23.36 1.39690241399
23.38 1.3944284652
23.4 1.39189638052
23.42 1.38930720708
23.44 1.38666209549
23.46 1.38396230048
23.48 1.38120918116
23.5 1.37840420083
23.52 1.37554892636
23.54 1.37264502722
23.56 1.36969427395
23.58 1.3666985363
23.6 1.36365978101
23.62 1.36058006906
23.64 1.35746155259
23.66 1.35430647148
23.68 1.35111714949
23.7 1.34789599014
23.72 1.34464547213
23.74 1.34136814467
23.76 1.33806662227
23.78 1.33474357949
23.8 1.33140174531
23.82 1.32804389736
23.84 1.32467285595
23.86 1.32129147791
23.88 1.3179026503
23.9 1.31450928408
23.92 1.31111430757
23.94 1.30772065994
23.96 1.30433128464
23.98 1.30094912278
24.0 1.29757710659
24.02 1.29421815279
24.04 1.29087515617
24.06 1.28755098307
24.08 1.28424846508
24.1 1.28097039277
24.12 1.27771950955
24.14 1.27449850572
24.16 1.27131001261
24.18 1.26815659691
24.2 1.2650407552
24.22 1.26196490862
24.24 1.25893139781
24.26 1.25594247804
24.28 1.2530003145
24.3 1.25010697798
24.32 1.24726444062
24.34 1.24447457201
24.36 1.24173913559
24.38 1.23905978521
24.4 1.23643806207
24.42 1.23387539193
24.44 1.23137308255
24.46 1.22893232153
24.48 1.22655417442
24.5 1.22423958314
24.52 1.22198936478
24.54 1.21980421067
24.56 1.21768468587
24.58 1.21563122896
24.6 1.21364415221
24.62 1.21172364216
24.64 1.20986976046
24.66 1.20808244526
24.68 1.20636151284
24.7 1.20470665969
24.72 1.203117465
24.74 1.20159339353
24.76 1.20013379886
24.78 1.19873792708
24.8 1.19740492084
24.82 1.1961338238
24.84 1.19492358549
24.86 1.19377306653
24.88 1.19268104421
24.9 1.19164621845
24.92 1.19066721809
24.94 1.18974260753
24.96 1.18887089363
24.98 1.18805053293
25.0 1.18727993913
25.02 1.18655749079
25.04 1.18588153924
25.06 1.18525041663
25.08 1.18466244417
25.1 1.18411594041
25.12 1.18360922963
25.14 1.18314065017
25.16 1.18270856284
25.18 1.18231135913
25.2 1.18194746943
25.22 1.18161537102
25.24 1.18131359582
25.26 1.18104073795
25.28 1.18079546099
25.3 1.18057650483
25.32 1.18038269218
25.34 1.18021293467
25.36 1.18006623841
25.38 1.17994170913
25.4 1.17983855671
25.42 1.17975609921
25.44 1.17969376621
25.46 1.17965110165
25.48 1.17962776594
25.5 1.17962353747
25.52 1.17963831344
25.54 1.17967211007
25.56 1.17972506205
25.58 1.17979742146
25.6 1.17988955596
25.62 1.18000194635
25.64 1.18013518356
25.66 1.18028996501
25.68 1.18046709042
25.7 1.18066745707
25.72 1.18089205461
25.74 1.18114195933
25.76 1.18141832807
25.78 1.18172239169
25.8 1.18205544828
25.82 1.18241885597
25.84 1.18281402556
25.86 1.18324241295
25.88 1.18370551134
25.9 1.1842048434
25.92 1.1847419533
25.94 1.18531839874
25.96 1.185935743
25.98 1.18659554704
26.0 1.18729936169
26.02 1.18804871994
26.04 1.18884512945
26.06 1.18969006522
26.08 1.19058496247
26.1 1.19153120979
26.12 1.19253014256
26.14 1.19358303664
26.16 1.19469110243
26.18 1.19585547915
26.2 1.19707722958
26.22 1.19835733509
26.24 1.19969669097
26.26 1.20109610226
26.28 1.20255627984
26.3 1.20407783691
26.32 1.20566128586
26.34 1.20730703549
26.36 1.20901538863
26.38 1.21078654005
26.4 1.2126205748
26.42 1.21451746686
26.44 1.21647707814
26.46 1.21849915779
26.48 1.22058334189
26.5 1.22272915345
26.52 1.22493600259
26.54 1.22720318724
26.56 1.22952989399
26.58 1.23191519916
26.6 1.23435807034
26.62 1.23685736802
26.64 1.23941184752
26.66 1.24202016123
26.68 1.24468086098
26.7 1.24739240075
26.72 1.25015313949
26.74 1.25296134423
26.76 1.25581519339
26.78 1.25871278026
26.8 1.26165211665
26.82 1.26463113681
26.84 1.2676477014
26.86 1.27069960177
26.88 1.27378456429
26.9 1.27690025486
26.92 1.28004428361
26.94 1.28321420967
26.96 1.2864075461
26.98 1.28962176498
27.0 1.29285430253
27.02 1.29610256431
27.04 1.29936393069
27.06 1.30263576209
27.08 1.3059154046
27.1 1.30920019539
27.12 1.31248746829
27.14 1.31577455935
27.16 1.3190588124
27.18 1.32233758456
27.2 1.32560825174
27.22 1.32886821413
27.24 1.33211490149
27.26 1.3353457785
27.28 1.3385583498
27.3 1.34175016511
27.32 1.34491882406
27.34 1.34806198078
27.36 1.35117734848
27.38 1.35426270366
27.4 1.35731589008
27.42 1.36033482259
27.44 1.36331749055
27.46 1.366261961
27.48 1.36916638161
27.5 1.37202898312
27.52 1.37484808164
27.54 1.37762208046
27.56 1.3803494716
27.58 1.38302883696
27.6 1.38565884908
27.62 1.38823827158
27.64 1.39076595924
27.66 1.39324085764
27.68 1.39566200254
27.7 1.39802851888
27.72 1.40033961937
27.74 1.40259460282
27.76 1.40479285218
27.78 1.40693383219
27.8 1.40901708681
27.82 1.41104223636
27.84 1.41300897442
27.86 1.41491706452
27.88 1.41676633657
27.9 1.4185566832
27.92 1.42028805584
27.94 1.42196046075
27.96 1.42357395485
27.98 1.42512864161
28.0 1.42662466664
28.02 1.42806221352
28.04 1.42944149935
28.06 1.43076277046
28.08 1.4320262981
28.1 1.43323237418
28.12 1.43438130696
28.14 1.43547341714
28.16 1.43650903348
28.18 1.43748848924
28.2 1.4384121181
28.22 1.43928025063
28.24 1.44009321077
28.26 1.44085131243
28.28 1.44155485636
28.3 1.44220412712
28.32 1.44279939035
28.34 1.44334089012
28.36 1.44382884647
28.38 1.44426345336
28.4 1.44464487664
28.42 1.44497325234
28.44 1.44524868499
28.46 1.44547124668
28.48 1.44564097562
28.5 1.44575787567
28.52 1.44582191545
28.54 1.44583302835
28.56 1.4457911121
28.58 1.44569602924
28.6 1.44554760729
28.62 1.44534563949
28.64 1.44508988578
28.66 1.4447800738
28.68 1.44441590039
28.7 1.44399703315
28.72 1.44352311244
28.74 1.44299375335
28.76 1.44240854819
28.78 1.44176706901
28.8 1.44106887043
28.82 1.44031349276
28.84 1.4395004651
28.86 1.43862930901
28.88 1.43769954202
28.9 1.43671068156
28.92 1.43566224895
28.94 1.43455377362
28.96 1.43338479743
28.98 1.43215487913
29.0 1.43086359899
29.02 1.42951056339
29.04 1.42809540968
29.06 1.42661781084
29.08 1.42507748049
29.1 1.42347417757
29.12 1.42180771124
29.14 1.42007794565
29.16 1.41828480462
29.18 1.41642827627
29.2 1.41450841746
29.22 1.4125253582
29.24 1.41047930571
29.26 1.40837054842
29.28 1.40619945967
29.3 1.40396650117
29.32 1.40167222614
29.34 1.39931728221
29.36 1.39690241399
29.38 1.3944284652
29.4 1.39189638052
29.42 1.38930720708
29.44 1.38666209549
29.46 1.38396230048
29.48 1.38120918116
29.5 1.37840420083
29.52 1.37554892637
29.54 1.37264502722
29.56 1.36969427395
29.58 1.3666985363
29.6 1.36365978101
29.62 1.36058006906
29.64 1.35746155259
29.66 1.35430647148
29.68 1.3511171495
29.7 1.34789599013
29.72 1.34464547214
29.74 1.34136814466
29.76 1.33806662227
29.78 1.33474357949
29.8 1.33140174531
29.82 1.32804389736
29.84 1.32467285596
29.86 1.32129147791
29.88 1.3179026503
29.9 1.31450928408
29.92 1.31111430757
29.94 1.30772065994
29.96 1.30433128464
29.98 1.30094912278
30.0 1.29757710659
30.02 1.29421815279
30.04 1.29087515617
30.06 1.28755098307
30.08 1.28424846508
30.1 1.28097039277
30.12 1.27771950955
30.14 1.27449850572
30.16 1.27131001261
30.18 1.26815659691
30.2 1.2650407552
30.22 1.26196490862
30.24 1.25893139781
30.26 1.25594247803
30.28 1.25300031451
30.3 1.25010697798
30.32 1.24726444062
30.34 1.24447457201
30.36 1.24173913559
30.38 1.2390597852
30.4 1.23643806207
30.42 1.23387539193
30.44 1.23137308255
30.46 1.22893232153
30.48 1.22655417442
30.5 1.22423958314
30.52 1.22198936478
30.54 1.21980421067
30.56 1.21768468587
30.58 1.21563122896
30.6 1.21364415221
30.62 1.21172364216
30.64 1.20986976046
30.66 1.20808244526
30.68 1.20636151284
30.7 1.20470665969
30.72 1.203117465
30.74 1.20159339353
30.76 1.20013379886
30.78 1.19873792709
30.8 1.19740492084
30.82 1.1961338238
30.84 1.19492358549
30.86 1.19377306653
30.88 1.19268104421
30.9 1.19164621845
30.92 1.19066721809
30.94 1.18974260753
30.96 1.18887089363
30.98 1.18805053293
31.0 1.18727993913
31.02 1.18655749079
31.04 1.18588153924
31.06 1.18525041663
31.08 1.18466244417
31.1 1.18411594042
31.12 1.18360922963
31.14 1.18314065017
31.16 1.18270856284
31.18 1.18231135913
31.2 1.18194746943
31.22 1.18161537102
31.24 1.18131359582
31.26 1.18104073795
31.28 1.18079546099
31.3 1.18057650483
31.32 1.18038269218
31.34 1.18021293467
31.36 1.18006623841
31.38 1.17994170913
31.4 1.17983855671
31.42 1.17975609921
31.44 1.17969376621
31.46 1.17965110165
31.48 1.17962776594
31.5 1.17962353747
31.52 1.17963831344
31.54 1.17967211007
31.56 1.17972506205
31.58 1.17979742146
31.6 1.17988955596
31.62 1.18000194635
31.64 1.18013518356
31.66 1.18028996501
31.68 1.18046709042
31.7 1.18066745707
31.72 1.18089205461
31.74 1.18114195933
31.76 1.18141832807
31.78 1.1817223917
31.8 1.18205544828
31.82 1.18241885597
31.84 1.18281402556
31.86 1.18324241295
31.88 1.18370551134
31.9 1.1842048434
31.92 1.1847419533
31.94 1.18531839874
31.96 1.185935743
31.98 1.18659554704
32.0 1.18729936169
32.02 1.18804871993
32.04 1.18884512945
32.06 1.18969006522
32.08 1.19058496247
32.1 1.19153120979
32.12 1.19253014256
32.14 1.19358303664
32.16 1.19469110243
32.18 1.19585547915
32.2 1.19707722958
32.22 1.19835733509
32.24 1.19969669096
32.26 1.20109610226
32.28 1.20255627984
32.3 1.20407783691
32.32 1.20566128586
32.34 1.20730703549
32.36 1.20901538863
32.38 1.21078654005
32.4 1.2126205748
32.42 1.21451746686
32.44 1.21647707814
32.46 1.21849915779
32.48 1.2205833419
32.5 1.22272915344
32.52 1.22493600259
32.54 1.22720318724
32.56 1.22952989399
32.58 1.23191519916
32.6 1.23435807035
32.62 1.23685736802
32.64 1.23941184752
32.66 1.24202016123
32.68 1.24468086098
32.7 1.24739240075
32.72 1.25015313949
32.74 1.25296134423
32.76 1.25581519339
32.78 1.25871278026
32.8 1.26165211665
32.82 1.2646311368
32.84 1.2676477014
32.86 1.27069960177
32.88 1.27378456429
32.9 1.27690025486
32.92 1.28004428361
32.94 1.28321420966
32.96 1.2864075461
32.98 1.28962176498
33.0 1.29285430253
33.02 1.29610256431
33.04 1.29936393069
33.06 1.30263576209
33.08 1.3059154046
33.1 1.30920019539
33.12 1.31248746829
33.14 1.31577455936
33.16 1.3190588124
33.18 1.32233758456
33.2 1.32560825174
33.22 1.32886821413
33.24 1.3321149015
33.26 1.3353457785
33.28 1.3385583498
33.3 1.34175016512
33.32 1.34491882406
33.34 1.34806198078
33.36 1.35117734848
33.38 1.35426270366
33.4 1.35731589009
33.42 1.36033482259
33.44 1.36331749055
33.46 1.36626196101
33.48 1.36916638161
33.5 1.37202898312
33.52 1.37484808163
33.54 1.37762208046
33.56 1.3803494716
33.58 1.38302883696
33.6 1.38565884908
33.62 1.38823827158
33.64 1.39076595923
33.66 1.39324085764
33.68 1.39566200254
33.7 1.39802851888
33.72 1.40033961937
33.74 1.40259460282
33.76 1.40479285218
33.78 1.40693383219
33.8 1.40901708681
33.82 1.41104223635
33.84 1.41300897442
33.86 1.41491706452
33.88 1.41676633658
33.9 1.4185566832
33.92 1.42028805585
33.94 1.42196046075
33.96 1.42357395485
33.98 1.42512864161
34.0 1.42662466664
34.02 1.42806221352
34.04 1.42944149935
34.06 1.43076277045
34.08 1.4320262981
34.1 1.43323237418
34.12 1.43438130697
34.14 1.43547341714
34.16 1.43650903348
34.18 1.43748848924
34.2 1.4384121181
34.22 1.43928025063
34.24 1.44009321078
34.26 1.44085131242
34.28 1.44155485636
34.3 1.44220412712
34.32 1.44279939035
34.34 1.44334089012
34.36 1.44382884646
34.38 1.44426345337
34.4 1.44464487664
34.42 1.44497325234
34.44 1.44524868499
34.46 1.44547124668
34.48 1.44564097562
34.5 1.44575787567
34.52 1.44582191545
34.54 1.44583302835
34.56 1.4457911121
34.58 1.44569602923
34.6 1.44554760729
34.62 1.4453456395
34.64 1.44508988577
34.66 1.4447800738
34.68 1.44441590039
34.7 1.44399703315
34.72 1.44352311244
34.74 1.44299375334
34.76 1.44240854821
34.78 1.44176706901
34.8 1.44106887043
34.82 1.44031349276
34.84 1.4395004651
34.86 1.43862930901
34.88 1.43769954202
34.9 1.43671068156
34.92 1.43566224895
34.94 1.43455377363
34.96 1.43338479743
34.98 1.43215487913
35.0 1.43086359899
35.02 1.42951056339
35.04 1.42809540968
35.06 1.42661781084
35.08 1.42507748049
35.1 1.42347417757
35.12 1.42180771124
35.14 1.42007794565
35.16 1.41828480462
35.18 1.41642827627
35.2 1.41450841746
35.22 1.4125253582
35.24 1.41047930571
35.26 1.40837054842
35.28 1.40619945967
35.3 1.40396650116
35.32 1.40167222613
35.34 1.39931728222
35.36 1.39690241399
35.38 1.3944284652
35.4 1.39189638051
35.42 1.38930720709
35.44 1.38666209549
35.46 1.38396230048
35.48 1.38120918116
35.5 1.37840420082
35.52 1.37554892637
35.54 1.37264502722
35.56 1.36969427395
35.58 1.3666985363
35.6 1.36365978101
35.62 1.36058006906
35.64 1.35746155259
35.66 1.35430647148
35.68 1.3511171495
35.7 1.34789599013
35.72 1.34464547214
35.74 1.34136814467
35.76 1.33806662227
35.78 1.33474357949
35.8 1.33140174531
35.82 1.32804389737
35.84 1.32467285595
35.86 1.32129147791
35.88 1.3179026503
35.9 1.31450928408
35.92 1.31111430757
35.94 1.30772065994
35.96 1.30433128464
35.98 1.30094912278
36.0 1.29757710659
36.02 1.29421815279
36.04 1.29087515617
36.06 1.28755098307
36.08 1.28424846508
36.1 1.28097039276
36.12 1.27771950955
36.14 1.27449850572
36.16 1.27131001261
36.18 1.26815659691
36.2 1.2650407552
36.22 1.26196490862
36.24 1.25893139781
36.26 1.25594247804
36.28 1.25300031451
36.3 1.25010697798
36.32 1.24726444061
36.34 1.24447457201
36.36 1.24173913558
36.38 1.23905978521
36.4 1.23643806207
36.42 1.23387539193
36.44 1.23137308255
36.46 1.22893232153
36.48 1.22655417442
36.5 1.22423958314
36.52 1.22198936478
36.54 1.21980421067
36.56 1.21768468587
36.58 1.21563122895
36.6 1.21364415222
36.62 1.21172364215
36.64 1.20986976046
36.66 1.20808244527
36.68 1.20636151284
36.7 1.20470665969
36.72 1.203117465
36.74 1.20159339353
36.76 1.20013379886
36.78 1.19873792708
36.8 1.19740492084
36.82 1.1961338238
36.84 1.19492358549
36.86 1.19377306653
36.88 1.19268104421
36.9 1.19164621845
36.92 1.19066721809
36.94 1.18974260753
36.96 1.18887089363
36.98 1.18805053293
37.0 1.18727993913
37.02 1.18655749079
37.04 1.18588153924
37.06 1.18525041663
37.08 1.18466244417
37.1 1.18411594042
37.12 1.18360922963
37.14 1.18314065018
37.16 1.18270856284
37.18 1.18231135913
37.2 1.18194746943
37.22 1.18161537102
37.24 1.18131359582
37.26 1.18104073795
37.28 1.18079546099
37.3 1.18057650483
37.32 1.18038269218
37.34 1.18021293467
37.36 1.18006623841
37.38 1.17994170913
37.4 1.17983855671
37.42 1.17975609921
37.44 1.17969376621
37.46 1.17965110165
37.48 1.17962776594
37.5 1.17962353747
37.52 1.17963831344
37.54 1.17967211007
37.56 1.17972506205
37.58 1.17979742146
37.6 1.17988955596
37.62 1.18000194635
37.64 1.18013518356
37.66 1.18028996501
37.68 1.18046709042
37.7 1.18066745707
37.72 1.18089205461
37.74 1.18114195933
37.76 1.18141832807
37.78 1.1817223917
37.8 1.18205544828
37.82 1.18241885597
37.84 1.18281402556
37.86 1.18324241295
37.88 1.18370551134
37.9 1.1842048434
37.92 1.1847419533
37.94 1.18531839874
37.96 1.185935743
37.98 1.18659554704
38.0 1.18729936169
38.02 1.18804871993
38.04 1.18884512945
38.06 1.18969006522
38.08 1.19058496247
38.1 1.19153120979
38.12 1.19253014256
38.14 1.19358303665
38.16 1.19469110243
38.18 1.19585547915
38.2 1.19707722958
38.22 1.19835733509
38.24 1.19969669096
38.26 1.20109610226
38.28 1.20255627984
38.3 1.20407783691
38.32 1.20566128585
38.34 1.2073070355
38.36 1.20901538863
38.38 1.21078654005
38.4 1.2126205748
38.42 1.21451746686
38.44 1.21647707814
38.46 1.21849915779
38.48 1.2205833419
38.5 1.22272915344
38.52 1.22493600259
38.54 1.22720318724
38.56 1.22952989399
38.58 1.23191519916
38.6 1.23435807034
38.62 1.23685736802
38.64 1.23941184752
38.66 1.24202016123
38.68 1.24468086098
38.7 1.24739240075
38.72 1.25015313948
38.74 1.25296134423
38.76 1.25581519339
38.78 1.25871278027
38.8 1.26165211665
38.82 1.2646311368
38.84 1.2676477014
38.86 1.27069960177
38.88 1.2737845643
38.9 1.27690025486
38.92 1.28004428361
38.94 1.28321420966
38.96 1.2864075461
38.98 1.28962176498
39.0 1.29285430253
39.02 1.29610256431
39.04 1.29936393068
39.06 1.30263576209
39.08 1.3059154046
39.1 1.30920019539
39.12 1.31248746829
39.14 1.31577455936
39.16 1.3190588124
39.18 1.32233758456
39.2 1.32560825174
39.22 1.32886821414
39.24 1.3321149015
39.26 1.33534577849
39.28 1.3385583498
39.3 1.34175016512
39.32 1.34491882406
39.34 1.34806198078
39.36 1.35117734848
39.38 1.35426270366
39.4 1.35731589008
39.42 1.36033482259
39.44 1.36331749055
39.46 1.36626196101
39.48 1.36916638161
39.5 1.37202898312
39.52 1.37484808164
39.54 1.37762208046
39.56 1.3803494716
39.58 1.38302883696
39.6 1.38565884908
39.62 1.38823827158
39.64 1.39076595923
39.66 1.39324085764
39.68 1.39566200254
39.7 1.39802851888
39.72 1.40033961937
39.74 1.40259460282
39.76 1.40479285218
39.78 1.40693383219
39.8 1.40901708681
39.82 1.41104223636
39.84 1.41300897442
39.86 1.41491706452
39.88 1.41676633657
39.9 1.4185566832
39.92 1.42028805584
39.94 1.42196046075
39.96 1.42357395485
39.98 1.42512864161
