0.0 10.0762690397
0.02 10.0331026555
0.04 9.99038572409
0.06 9.9481444999
0.08 9.90640428966
0.1 9.86518941572
0.12 9.82452318204
0.14 9.78442784305
0.16 9.74492457545
0.18 9.70603345313
0.2 9.66777342484
0.22 9.6301622952
0.24 9.59321670845
0.26 9.55695213542
0.28 9.52138286337
0.3 9.48652198889
0.32 9.45238141364
0.34 9.41897184307
0.36 9.38630278793
0.38 9.35438256862
0.4 9.32321832223
0.42 9.29281601224
0.44 9.26318044089
0.46 9.23431526409
0.48 9.20622300867
0.5 9.17890509219
0.52 9.15236184503
0.54 9.12659253466
0.56 9.10159539218
0.58 9.07736764092
0.6 9.0539055271
0.62 9.03120435241
0.64 9.00925850851
0.66 8.98806151333
0.68 8.96760604907
0.7 8.94788400188
0.72 8.92888650316
0.74 8.91060397225
0.76 8.89302616065
0.78 8.87614219749
0.8 8.85994063631
0.82 8.84440950297
0.84 8.82953634457
0.86 8.8153082795
0.88 8.80171204816
0.9 8.78873406457
0.92 8.77636046862
0.94 8.76457717878
0.96 8.75336994535
0.98 8.74272440389
1.0 8.73262612879
1.02 8.723060687
1.04 8.71401369148
1.06 8.70547085442
1.08 8.69741804005
1.1 8.68984131687
1.12 8.682727009
1.14 8.67606174684
1.16 8.66983251634
1.18 8.66402670731
1.2 8.65863216008
1.22 8.65363721059
1.24 8.64903073384
1.26 8.64480218521
1.28 8.64094163979
1.3 8.63743982941
1.32 8.63428817728
1.34 8.63147882996
1.36 8.6290046868
1.38 8.62685942643
1.4 8.62503753034
1.42 8.6235343034
1.44 8.62234589131
1.46 8.62146929474
1.48 8.62090238032
1.5 8.62064388817
1.52 8.62069343619
1.54 8.62105152095
1.56 8.62171951519
1.58 8.62269966203
1.6 8.6239950658
1.62 8.62560967965
1.64 8.62754828996
1.66 8.62981649758
1.68 8.6324206961
1.7 8.63536804712
1.72 8.63866645277
1.74 8.6423245255
1.76 8.64635155535
1.78 8.65075747476
1.8 8.6555528212
1.82 8.6607486976
1.84 8.66635673095
1.86 8.67238902904
1.88 8.67885813561
1.9 8.68577698412
1.92 8.69315885012
1.94 8.70101730269
1.96 8.70936615473
1.98 8.71821941266
2.0 8.72759122535
2.02 8.7374958327
2.04 8.74794751376
2.06 8.75896053484
2.08 8.77054909737
2.1 8.78272728607
2.12 8.79550901716
2.14 8.80890798701
2.16 8.82293762114
2.18 8.83761102393
2.2 8.8529409288
2.22 8.8689396493
2.24 8.88561903101
2.26 8.90299040427
2.28 8.92106453812
2.3 8.93985159519
2.32 8.95936108785
2.34 8.97960183557
2.36 9.00058192364
2.38 9.02230866329
2.4 9.04478855323
2.42 9.06802724282
2.44 9.09202949669
2.46 9.11679916127
2.48 9.1423391328
2.5 9.16865132731
2.52 9.19573665249
2.54 9.22359498135
2.56 9.25222512809
2.58 9.28162482593
2.6 9.31179070711
2.62 9.34271828511
2.64 9.37440193927
2.66 9.40683490159
2.68 9.44000924605
2.7 9.47391588051
2.72 9.50854454098
2.74 9.54388378867
2.76 9.57992100963
2.78 9.61664241715
2.8 9.65403305694
2.82 9.69207681511
2.84 9.73075642901
2.86 9.77005350098
2.88 9.80994851502
2.9 9.85042085626
2.92 9.89144883354
2.94 9.93300970471
2.96 9.97507970495
2.98 10.0176340779
3.0 10.0606471097
3.02 10.1040921655
3.04 10.1479417289
3.06 10.1921674441
3.08 10.2367401603
3.1 10.2816299784
3.12 10.3268063004
3.14 10.3722378804
3.16 10.417892878
3.18 10.4637389129
3.2 10.5097431221
3.22 10.5558722173
3.24 10.6020925443
3.26 10.6483701432
3.28 10.6946708094
3.3 10.7409601547
3.32 10.7872036695
3.34 10.8333667844
3.36 10.8794149314
3.38 10.9253136057
3.4 10.9710284257
3.42 11.0165251922
3.44 11.0617699472
3.46 11.1067290306
3.48 11.1513691351
3.5 11.1956573597
3.52 11.2395612607
3.54 11.283048901
3.56 11.3260888961
3.58 11.3686504582
3.6 11.4107034371
3.62 11.4522183582
3.64 11.4931664577
3.66 11.5335197145
3.68 11.5732508787
3.7 11.6123334975
3.72 11.6507419368
3.74 11.6884514006
3.76 11.7254379461
3.78 11.7616784962
3.8 11.7971508486
3.82 11.8318336816
3.84 11.8657065567
3.86 11.898749919
3.88 11.9309450935
3.9 11.96227428
3.92 11.9927205442
3.94 12.0222678074
3.96 12.0509008331
3.98 12.0786052124
4.0 12.1053673464
4.02 12.1311744282
4.04 12.1560144222
4.06 12.179876043
4.08 12.2027487326
4.1 12.2246226372
4.12 12.2454885825
4.14 12.2653380503
4.16 12.2841631519
4.18 12.3019566049
4.2 12.318711707
4.22 12.3344223119
4.24 12.3490828056
4.26 12.3626880823
4.28 12.3752335219
4.3 12.3867149686
4.32 12.39712871
4.34 12.4064714581
4.36 12.4147403307
4.38 12.4219328354
4.4 12.4280468547
4.42 12.4330806323
4.44 12.4370327618
4.46 12.4399021776
4.48 12.4416881457
4.5 12.4423902594
4.52 12.4420084341
4.54 12.4405429063
4.56 12.4379942327
4.58 12.4343632932
4.6 12.4296512942
4.62 12.4238597745
4.64 12.4169906137
4.66 12.4090460416
4.68 12.4000286495
4.7 12.3899414034
4.72 12.3787876596
4.74 12.3665711801
4.76 12.353296151
4.78 12.3389672019
4.8 12.3235894254
4.82 12.3071683998
4.84 12.2897102101
4.86 12.2712214724
4.88 12.2517093567
4.9 12.2311816115
4.92 12.2096465883
4.94 12.1871132658
4.96 12.1635912745
4.98 12.139090921
5.0 12.113623211
5.02 12.0871998729
5.04 12.0598333793
5.06 12.0315369681
5.08 12.0023246621
5.1 11.9722112873
5.12 11.9412124886
5.14 11.9093447453
5.16 11.8766253831
5.18 11.8430725841
5.2 11.8087053951
5.22 11.7735437328
5.24 11.7376083861
5.26 11.7009210162
5.28 11.6635041531
5.3 11.6253811897
5.32 11.586576372
5.34 11.5471147869
5.36 11.5070223463
5.38 11.4663257677
5.4 11.4250525522
5.42 11.3832309586
5.44 11.3408899746
5.46 11.2980592844
5.48 11.2547692338
5.5 11.2110507917
5.52 11.1669355091
5.54 11.1224554747
5.56 11.0776432685
5.58 11.0325319128
5.6 10.9871548202
5.62 10.9415457407
5.64 10.8957387055
5.66 10.8497679704
5.68 10.8036679569
5.7 10.7574731921
5.72 10.7112182484
5.74 10.6649376815
5.76 10.6186659684
5.78 10.572437445
5.8 10.5262862443
5.82 10.4802462336
5.84 10.4343509538
5.86 10.388633558
5.88 10.3431267521
5.9 10.2978627362
5.92 10.2528731473
5.94 10.2081890039
5.96 10.1638406522
5.98 10.1198577146
6.0 10.0762690397
6.02 10.0331026555
6.04 9.99038572409
6.06 9.94814449991
6.08 9.90640428966
6.1 9.86518941572
6.12 9.82452318204
6.14 9.78442784305
6.16 9.74492457545
6.18 9.70603345313
6.2 9.66777342484
6.22 9.63016229519
6.24 9.59321670845
6.26 9.55695213541
6.28 9.52138286338
6.3 9.48652198889
6.32 9.45238141364
6.34 9.41897184307
6.36 9.38630278793
6.38 9.35438256862
6.4 9.32321832223
6.42 9.29281601223
6.44 9.2631804409
6.46 9.23431526409
6.48 9.20622300867
6.5 9.17890509219
6.52 9.15236184504
6.54 9.12659253466
6.56 9.10159539218
6.58 9.07736764092
6.6 9.05390552709
6.62 9.03120435241
6.64 9.00925850851
6.66 8.98806151333
6.68 8.96760604906
6.7 8.94788400189
6.72 8.92888650316
6.74 8.91060397225
6.76 8.89302616065
6.78 8.87614219749
6.8 8.85994063631
6.82 8.84440950296
6.84 8.82953634458
6.86 8.8153082795
6.88 8.80171204816
6.9 8.78873406457
6.92 8.77636046862
6.94 8.76457717878
6.96 8.75336994535
6.98 8.74272440389
7.0 8.73262612879
7.02 8.723060687
7.04 8.71401369148
7.06 8.70547085442
7.08 8.69741804005
7.1 8.68984131687
7.12 8.682727009
7.14 8.67606174684
7.16 8.66983251634
7.18 8.66402670731
7.2 8.65863216008
7.22 8.65363721059
7.24 8.64903073384
7.26 8.64480218521
7.28 8.64094163979
7.3 8.63743982941
7.32 8.63428817728
7.34 8.63147882996
7.36 8.6290046868
7.38 8.62685942643
7.4 8.62503753034
7.42 8.6235343034
7.44 8.62234589131
7.46 8.62146929474
7.48 8.62090238032
7.5 8.62064388817
7.52 8.62069343619
7.54 8.62105152095
7.56 8.62171951519
7.58 8.62269966203
7.6 8.6239950658
7.62 8.62560967965
7.64 8.62754828996
7.66 8.62981649758
7.68 8.6324206961
7.7 8.63536804712
7.72 8.63866645277
7.74 8.6423245255
7.76 8.64635155535
7.78 8.65075747476
7.8 8.6555528212
7.82 8.6607486976
7.84 8.66635673095
7.86 8.67238902904
7.88 8.67885813562
7.9 8.68577698412
7.92 8.69315885013
7.94 8.70101730269
7.96 8.70936615473
7.98 8.71821941266
8.0 8.72759122535
8.02 8.7374958327
8.04 8.74794751377
8.06 8.75896053484
8.08 8.77054909737
8.1 8.78272728607
8.12 8.79550901716
8.14 8.80890798701
8.16 8.82293762114
8.18 8.83761102392
8.2 8.85294092879
8.22 8.86893964931
8.24 8.88561903101
8.26 8.90299040427
8.28 8.92106453812
8.3 8.9398515952
8.32 8.95936108785
8.34 8.97960183557
8.36 9.00058192365
8.38 9.02230866329
8.4 9.04478855323
8.42 9.06802724282
8.44 9.09202949669
8.46 9.11679916127
8.48 9.1423391328
8.5 9.16865132731
8.52 9.19573665249
8.54 9.22359498135
8.56 9.25222512809
8.58 9.28162482594
8.6 9.3117907071
8.62 9.34271828511
8.64 9.37440193927
8.66 9.40683490158
8.68 9.44000924605
8.7 9.47391588051
8.72 9.50854454098
8.74 9.54388378867
8.76 9.57992100963
8.78 9.61664241715
8.8 9.65403305694
8.82 9.6920768151
8.84 9.73075642901
8.86 9.77005350098
8.88 9.80994851503
8.9 9.85042085626
8.92 9.89144883355
8.94 9.9330097047
8.96 9.97507970495
8.98 10.0176340779
9.0 10.0606471097
9.02 10.1040921655
9.04 10.1479417289
9.06 10.1921674441
9.08 10.2367401603
9.1 10.2816299784
9.12 10.3268063004
9.14 10.3722378804
9.16 10.417892878
9.18 10.4637389129
9.2 10.5097431221
9.22 10.5558722173
9.24 10.6020925443
9.26 10.6483701432
9.28 10.6946708094
9.3 10.7409601547
9.32 10.7872036695
9.34 10.8333667844
9.36 10.8794149314
9.38 10.9253136057
9.4 10.9710284256
9.42 11.0165251922
9.44 11.0617699472
9.46 11.1067290306
9.48 11.1513691351
9.5 11.1956573597
9.52 11.2395612607
9.54 11.283048901
9.56 11.326088896
9.58 11.3686504582
9.6 11.4107034371
9.62 11.4522183582
9.64 11.4931664577
9.66 11.5335197145
9.68 11.5732508787
9.7 11.6123334975
9.72 11.6507419368
9.74 11.6884514006
9.76 11.7254379461
9.78 11.7616784962
9.8 11.7971508486
9.82 11.8318336816
9.84 11.8657065567
9.86 11.898749919
9.88 11.9309450935
9.9 11.96227428
9.92 11.9927205442
9.94 12.0222678074
9.96 12.0509008331
9.98 12.0786052124
10.0 12.1053673464
10.02 12.1311744282
10.04 12.1560144222
10.06 12.179876043
10.08 12.2027487326
10.1 12.2246226372
10.12 12.2454885826
10.14 12.2653380503
10.16 12.2841631519
10.18 12.3019566049
10.2 12.318711707
10.22 12.3344223119
10.24 12.3490828056
10.26 12.3626880823
10.28 12.3752335219
10.3 12.3867149686
10.32 12.3971287101
10.34 12.4064714581
10.36 12.4147403307
10.38 12.4219328354
10.4 12.4280468546
10.42 12.4330806323
10.44 12.4370327618
10.46 12.4399021776
10.48 12.4416881457
10.5 12.4423902594
10.52 12.4420084341
10.54 12.4405429063
10.56 12.4379942327
10.58 12.4343632932
10.6 12.4296512942
10.62 12.4238597745
10.64 12.4169906137
10.66 12.4090460416
10.68 12.4000286495
10.7 12.3899414034
10.72 12.3787876596
10.74 12.3665711801
10.76 12.353296151
10.78 12.3389672019
10.8 12.3235894254
10.82 12.3071683998
10.84 12.2897102101
10.86 12.2712214724
10.88 12.2517093567
10.9 12.2311816115
10.92 12.2096465883
10.94 12.1871132658
10.96 12.1635912745
10.98 12.139090921
11.0 12.113623211
11.02 12.0871998729
11.04 12.0598333793
11.06 12.0315369681
11.08 12.0023246621
11.1 11.9722112873
11.12 11.9412124886
11.14 11.9093447453
11.16 11.8766253831
11.18 11.8430725841
11.2 11.8087053951
11.22 11.7735437328
11.24 11.7376083861
11.26 11.7009210162
11.28 11.6635041531
11.3 11.6253811897
11.32 11.586576372
11.34 11.5471147869
11.36 11.5070223463
11.38 11.4663257677
11.4 11.4250525522
11.42 11.3832309587
11.44 11.3408899746
11.46 11.2980592844
11.48 11.2547692338
11.5 11.2110507917
11.52 11.1669355091
11.54 11.1224554747
11.56 11.0776432685
11.58 11.0325319128
11.6 10.9871548202
11.62 10.9415457407
11.64 10.8957387055
11.66 10.8497679704
11.68 10.8036679569
11.7 10.7574731921
11.72 10.7112182484
11.74 10.6649376815
11.76 10.6186659684
11.78 10.572437445
11.8 10.5262862443
11.82 10.4802462336
11.84 10.4343509538
11.86 10.388633558
11.88 10.3431267521
11.9 10.2978627362
11.92 10.2528731472
11.94 10.2081890039
11.96 10.1638406522
11.98 10.1198577146
12.0 10.0762690397
12.02 10.0331026555
12.04 9.9903857241
12.06 9.9481444999
12.08 9.90640428966
12.1 9.86518941572
12.12 9.82452318204
12.14 9.78442784304
12.16 9.74492457546
12.18 9.70603345313
12.2 9.66777342484
12.22 9.6301622952
12.24 9.59321670845
12.26 9.55695213542
12.28 9.52138286337
12.3 9.48652198889
12.32 9.45238141364
12.34 9.41897184307
12.36 9.38630278793
12.38 9.35438256862
12.4 9.32321832223
12.42 9.29281601223
12.44 9.2631804409
12.46 9.23431526409
12.48 9.20622300867
12.5 9.17890509219
12.52 9.15236184503
12.54 9.12659253466
12.56 9.10159539218
12.58 9.07736764092
12.6 9.0539055271
12.62 9.03120435241
12.64 9.00925850851
12.66 8.98806151333
12.68 8.96760604907
12.7 8.94788400189
12.72 8.92888650316
12.74 8.91060397225
12.76 8.89302616065
12.78 8.87614219749
12.8 8.85994063631
12.82 8.84440950296
12.84 8.82953634458
12.86 8.8153082795
12.88 8.80171204816
12.9 8.78873406457
12.92 8.77636046862
12.94 8.76457717878
12.96 8.75336994535
12.98 8.74272440389
13.0 8.73262612879
13.02 8.723060687
13.04 8.71401369148
13.06 8.70547085442
13.08 8.69741804005
13.1 8.68984131687
13.12 8.68272700901
13.14 8.67606174683
13.16 8.66983251634
13.18 8.66402670731
13.2 8.65863216007
13.22 8.65363721059
13.24 8.64903073384
13.26 8.64480218521
13.28 8.64094163979
13.3 8.63743982941
13.32 8.63428817728
13.34 8.63147882996
13.36 8.6290046868
13.38 8.62685942643
13.4 8.62503753034
13.42 8.6235343034
13.44 8.62234589131
13.46 8.62146929474
13.48 8.62090238032
13.5 8.62064388817
13.52 8.62069343619
13.54 8.62105152095
13.56 8.62171951519
13.58 8.62269966203
13.6 8.6239950658
13.62 8.62560967965
13.64 8.62754828996
13.66 8.62981649758
13.68 8.6324206961
13.7 8.63536804712
13.72 8.63866645277
13.74 8.6423245255
13.76 8.64635155535
13.78 8.65075747476
13.8 8.6555528212
13.82 8.6607486976
13.84 8.66635673095
13.86 8.67238902904
13.88 8.67885813562
13.9 8.68577698412
13.92 8.69315885012
13.94 8.70101730269
13.96 8.70936615473
13.98 8.71821941266
14.0 8.72759122535
14.02 8.7374958327
14.04 8.74794751377
14.06 8.75896053483
14.08 8.77054909737
14.1 8.78272728607
14.12 8.79550901716
14.14 8.808907987
14.16 8.82293762114
14.18 8.83761102392
14.2 8.8529409288
14.22 8.8689396493
14.24 8.88561903101
14.26 8.90299040427
14.28 8.92106453812
14.3 8.93985159519
14.32 8.95936108785
14.34 8.97960183558
14.36 9.00058192364
14.38 9.02230866329
14.4 9.04478855324
14.42 9.06802724281
14.44 9.09202949669
14.46 9.11679916127
14.48 9.1423391328
14.5 9.16865132731
14.52 9.19573665249
14.54 9.22359498135
14.56 9.25222512809
14.58 9.28162482593
14.6 9.3117907071
14.62 9.34271828512
14.64 9.37440193928
14.66 9.40683490158
14.68 9.44000924605
14.7 9.47391588051
14.72 9.50854454098
14.74 9.54388378867
14.76 9.57992100963
14.78 9.61664241715
14.8 9.65403305694
14.82 9.69207681511
14.84 9.73075642901
14.86 9.77005350098
14.88 9.80994851502
14.9 9.85042085627
14.92 9.89144883354
14.94 9.93300970471
14.96 9.97507970495
14.98 10.0176340779
15.0 10.0606471097
15.02 10.1040921655
15.04 10.1479417289
15.06 10.1921674441
15.08 10.2367401603
15.1 10.2816299784
15.12 10.3268063004
15.14 10.3722378804
15.16 10.417892878
15.18 10.4637389129
15.2 10.5097431221
15.22 10.5558722173
15.24 10.6020925443
15.26 10.6483701432
15.28 10.6946708094
15.3 10.7409601547
15.32 10.7872036695
15.34 10.8333667844
15.36 10.8794149314
15.38 10.9253136057
15.4 10.9710284257
15.42 11.0165251922
15.44 11.0617699472
15.46 11.1067290306
15.48 11.1513691351
15.5 11.1956573596
15.52 11.2395612607
15.54 11.283048901
15.56 11.3260888961
15.58 11.3686504582
15.6 11.4107034371
15.62 11.4522183582
15.64 11.4931664577
15.66 11.5335197145
15.68 11.5732508787
15.7 11.6123334975
15.72 11.6507419368
15.74 11.6884514006
15.76 11.7254379461
15.78 11.7616784962
15.8 11.7971508486
15.82 11.8318336816
15.84 11.8657065567
15.86 11.898749919
15.88 11.9309450935
15.9 11.96227428
15.92 11.9927205442
15.94 12.0222678074
15.96 12.0509008331
15.98 12.0786052124
16.0 12.1053673464
16.02 12.1311744282
16.04 12.1560144222
16.06 12.179876043
16.08 12.2027487326
16.1 12.2246226372
16.12 12.2454885825
16.14 12.2653380503
16.16 12.2841631519
16.18 12.3019566049
16.2 12.318711707
16.22 12.3344223119
16.24 12.3490828056
16.26 12.3626880823
16.28 12.3752335219
16.3 12.3867149686
16.32 12.39712871
16.34 12.4064714581
16.36 12.4147403307
16.38 12.4219328354
16.4 12.4280468547
16.42 12.4330806323
16.44 12.4370327618
16.46 12.4399021776
16.48 12.4416881457
16.5 12.4423902594
16.52 12.4420084341
16.54 12.4405429063
16.56 12.4379942327
16.58 12.4343632932
16.6 12.4296512942
16.62 12.4238597745
16.64 12.4169906138
16.66 12.4090460416
16.68 12.4000286495
16.7 12.3899414034
16.72 12.3787876596
16.74 12.3665711801
16.76 12.353296151
16.78 12.3389672019
16.8 12.3235894254
16.82 12.3071683998
16.84 12.2897102101
16.86 12.2712214724
16.88 12.2517093567
16.9 12.2311816115
16.92 12.2096465883
16.94 12.1871132658
16.96 12.1635912745
16.98 12.139090921
17.0 12.113623211
17.02 12.0871998729
17.04 12.0598333793
17.06 12.0315369681
17.08 12.0023246621
17.1 11.9722112873
17.12 11.9412124886
17.14 11.9093447453
17.16 11.8766253831
17.18 11.8430725841
17.2 11.8087053951
17.22 11.7735437328
17.24 11.7376083862
17.26 11.7009210162
17.28 11.6635041531
17.3 11.6253811897
17.32 11.586576372
17.34 11.5471147869
17.36 11.5070223463
17.38 11.4663257677
17.4 11.4250525522
17.42 11.3832309586
17.44 11.3408899746
17.46 11.2980592844
17.48 11.2547692338
17.5 11.2110507917
17.52 11.1669355091
17.54 11.1224554747
17.56 11.0776432685
17.58 11.0325319128
17.6 10.9871548202
17.62 10.9415457407
17.64 10.8957387055
17.66 10.8497679704
17.68 10.8036679569
17.7 10.7574731921
17.72 10.7112182484
17.74 10.6649376815
17.76 10.6186659684
17.78 10.572437445
17.8 10.5262862443
17.82 10.4802462336
17.84 10.4343509538
17.86 10.388633558
17.88 10.3431267521
17.9 10.2978627362
17.92 10.2528731473
17.94 10.2081890038
17.96 10.1638406522
17.98 10.1198577146
18.0 10.0762690397
18.02 10.0331026555
18.04 9.99038572409
18.06 9.94814449991
18.08 9.90640428965
18.1 9.86518941573
18.12 9.82452318204
18.14 9.78442784304
18.16 9.74492457546
18.18 9.70603345313
18.2 9.66777342484
18.22 9.63016229519
18.24 9.59321670845
18.26 9.55695213542
18.28 9.52138286337
18.3 9.48652198889
18.32 9.45238141365
18.34 9.41897184306
18.36 9.38630278793
18.38 9.35438256862
18.4 9.32321832223
18.42 9.29281601223
18.44 9.26318044089
18.46 9.23431526409
18.48 9.20622300867
18.5 9.17890509219
18.52 9.15236184503
18.54 9.12659253467
18.56 9.10159539218
18.58 9.07736764092
18.6 9.0539055271
18.62 9.03120435241
18.64 9.00925850851
18.66 8.98806151333
18.68 8.96760604907
18.7 8.94788400189
18.72 8.92888650316
18.74 8.91060397225
18.76 8.89302616065
18.78 8.87614219749
18.8 8.85994063631
18.82 8.84440950297
18.84 8.82953634457
18.86 8.81530827951
18.88 8.80171204816
18.9 8.78873406458
18.92 8.77636046861
18.94 8.76457717878
18.96 8.75336994535
18.98 8.74272440389
19.0 8.73262612879
19.02 8.723060687
19.04 8.71401369148
19.06 8.70547085442
19.08 8.69741804006
19.1 8.68984131687
19.12 8.68272700901
19.14 8.67606174683
19.16 8.66983251634
19.18 8.66402670731
19.2 8.65863216008
19.22 8.65363721059
19.24 8.64903073384
19.26 8.64480218521
19.28 8.64094163979
19.3 8.63743982941
19.32 8.63428817728
19.34 8.63147882996
19.36 8.6290046868
19.38 8.62685942643
19.4 8.62503753034
19.42 8.6235343034
19.44 8.62234589131
19.46 8.62146929474
19.48 8.62090238032
19.5 8.62064388817
19.52 8.62069343619
19.54 8.62105152095
19.56 8.62171951519
19.58 8.62269966203
19.6 8.6239950658
19.62 8.62560967965
19.64 8.62754828996
19.66 8.62981649758
19.68 8.6324206961
19.7 8.63536804712
19.72 8.63866645277
19.74 8.6423245255
19.76 8.64635155535
19.78 8.65075747476
19.8 8.6555528212
19.82 8.6607486976
19.84 8.66635673095
19.86 8.67238902904
19.88 8.67885813561
19.9 8.68577698412
19.92 8.69315885012
19.94 8.70101730269
19.96 8.70936615473
19.98 8.71821941266
20.0 8.72759122535
20.02 8.7374958327
20.04 8.74794751377
20.06 8.75896053483
20.08 8.77054909737
20.1 8.78272728607
20.12 8.79550901717
20.14 8.808907987
20.16 8.82293762114
20.18 8.83761102392
20.2 8.8529409288
20.22 8.8689396493
20.24 8.88561903101
20.26 8.90299040427
20.28 8.92106453812
20.3 8.93985159519
20.32 8.95936108785
20.34 8.97960183557
20.36 9.00058192365
20.38 9.02230866329
20.4 9.04478855324
20.42 9.06802724281
20.44 9.0920294967
20.46 9.11679916127
20.48 9.1423391328
20.5 9.16865132731
20.52 9.19573665248
20.54 9.22359498135
20.56 9.25222512809
20.58 9.28162482594
20.6 9.3117907071
20.62 9.34271828511
20.64 9.37440193928
20.66 9.40683490158
20.68 9.44000924606
20.7 9.47391588051
20.72 9.50854454098
20.74 9.54388378867
20.76 9.57992100963
20.78 9.61664241716
20.8 9.65403305694
20.82 9.6920768151
20.84 9.73075642901
20.86 9.77005350098
20.88 9.80994851503
20.9 9.85042085626
20.92 9.89144883354
20.94 9.93300970471
20.96 9.97507970495
20.98 10.0176340779
21.0 10.0606471097
21.02 10.1040921655
21.04 10.1479417289
21.06 10.1921674441
21.08 10.2367401603
21.1 10.2816299784
21.12 10.3268063004
21.14 10.3722378804
21.16 10.4178928779
21.18 10.4637389129
21.2 10.5097431221
21.22 10.5558722173
21.24 10.6020925443
21.26 10.6483701432
21.28 10.6946708094
21.3 10.7409601547
21.32 10.7872036695
21.34 10.8333667844
21.36 10.8794149314
21.38 10.9253136057
21.4 10.9710284257
21.42 11.0165251922
21.44 11.0617699472
21.46 11.1067290306
21.48 11.1513691351
21.5 11.1956573596
21.52 11.2395612607
21.54 11.2830489009
21.56 11.3260888961
21.58 11.3686504582
21.6 11.4107034371
21.62 11.4522183582
21.64 11.4931664577
21.66 11.5335197145
21.68 11.5732508787
21.7 11.6123334975
21.72 11.6507419368
21.74 11.6884514006
21.76 11.7254379461
21.78 11.7616784962
21.8 11.7971508486
21.82 11.8318336816
21.84 11.8657065567
21.86 11.898749919
21.88 11.9309450935
21.9 11.96227428
21.92 11.9927205442
21.94 12.0222678074
21.96 12.0509008331
21.98 12.0786052124
22.0 12.1053673464
22.02 12.1311744282
22.04 12.1560144222
22.06 12.179876043
22.08 12.2027487326
22.1 12.2246226372
22.12 12.2454885825
22.14 12.2653380503
22.16 12.2841631519
22.18 12.3019566049
22.2 12.318711707
22.22 12.3344223119
22.24 12.3490828056
22.26 12.3626880823
22.28 12.3752335219
22.3 12.3867149686
22.32 12.3971287101
22.34 12.4064714581
22.36 12.4147403308
22.38 12.4219328354
22.4 12.4280468547
22.42 12.4330806323
22.44 12.4370327618
22.46 12.4399021776
22.48 12.4416881457
22.5 12.4423902594
22.52 12.4420084341
22.54 12.4405429063
22.56 12.4379942327
22.58 12.4343632932
22.6 12.4296512942
22.62 12.4238597745
22.64 12.4169906137
22.66 12.4090460416
22.68 12.4000286495
22.7 12.3899414034
22.72 12.3787876596
22.74 12.3665711801
22.76 12.353296151
22.78 12.3389672019
22.8 12.3235894254
22.82 12.3071683998
22.84 12.2897102101
22.86 12.2712214724
22.88 12.2517093567
22.9 12.2311816115
22.92 12.2096465883
22.94 12.1871132658
22.96 12.1635912745
22.98 12.139090921
23.0 12.113623211
23.02 12.0871998729
23.04 12.0598333793
23.06 12.0315369681
23.08 12.0023246621
23.1 11.9722112873
23.12 11.9412124886
23.14 11.9093447453
23.16 11.8766253831
23.18 11.8430725841
23.2 11.8087053951
23.22 11.7735437328
23.24 11.7376083861
23.26 11.7009210162
23.28 11.6635041531
23.3 11.6253811897
23.32 11.586576372
23.34 11.5471147869
23.36 11.5070223463
23.38 11.4663257677
23.4 11.4250525522
23.42 11.3832309586
23.44 11.3408899746
23.46 11.2980592844
23.48 11.2547692338
23.5 11.2110507917
23.52 11.1669355091
23.54 11.1224554747
23.56 11.0776432685
23.58 11.0325319128
23.6 10.9871548202
23.62 10.9415457407
23.64 10.8957387055
23.66 10.8497679704
23.68 10.8036679569
23.7 10.7574731921
23.72 10.7112182484
23.74 10.6649376815
23.76 10.6186659684
23.78 10.572437445
23.8 10.5262862443
23.82 10.4802462336
23.84 10.4343509538
23.86 10.388633558
23.88 10.3431267521
23.9 10.2978627362
23.92 10.2528731472
23.94 10.2081890039
23.96 10.1638406522
23.98 10.1198577146
24.0 10.0762690397
24.02 10.0331026555
24.04 9.99038572409
24.06 9.94814449991
24.08 9.90640428966
24.1 9.86518941573
24.12 9.82452318203
24.14 9.78442784305
24.16 9.74492457545
24.18 9.70603345313
24.2 9.66777342484
24.22 9.6301622952
24.24 9.59321670845
24.26 9.55695213542
24.28 9.52138286337
24.3 9.48652198889
24.32 9.45238141364
24.34 9.41897184307
24.36 9.38630278793
24.38 9.35438256863
24.4 9.32321832222
24.42 9.29281601224
24.44 9.2631804409
24.46 9.23431526409
24.48 9.20622300867
24.5 9.17890509219
24.52 9.15236184503
24.54 9.12659253467
24.56 9.10159539217
24.58 9.07736764093
24.6 9.05390552709
24.62 9.03120435241
24.64 9.00925850851
24.66 8.98806151333
24.68 8.96760604907
24.7 8.94788400188
24.72 8.92888650316
24.74 8.91060397226
24.76 8.89302616064
24.78 8.87614219749
24.8 8.85994063631
24.82 8.84440950297
24.84 8.82953634457
24.86 8.8153082795
24.88 8.80171204816
24.9 8.78873406457
24.92 8.77636046861
24.94 8.76457717878
24.96 8.75336994535
24.98 8.74272440389
25.0 8.73262612878
25.02 8.723060687
25.04 8.71401369147
25.06 8.70547085442
25.08 8.69741804006
25.1 8.68984131686
25.12 8.68272700901
25.14 8.67606174683
25.16 8.66983251634
25.18 8.66402670732
25.2 8.65863216007
25.22 8.65363721059
25.24 8.64903073384
25.26 8.64480218521
25.28 8.64094163979
25.3 8.63743982942
25.32 8.63428817728
25.34 8.63147882996
25.36 8.6290046868
25.38 8.62685942643
25.4 8.62503753034
25.42 8.6235343034
25.44 8.62234589131
25.46 8.62146929474
25.48 8.62090238032
25.5 8.62064388817
25.52 8.62069343619
25.54 8.62105152095
25.56 8.62171951519
25.58 8.62269966203
25.6 8.6239950658
25.62 8.62560967965
25.64 8.62754828996
25.66 8.62981649758
25.68 8.6324206961
25.7 8.63536804712
25.72 8.63866645277
25.74 8.6423245255
25.76 8.64635155535
25.78 8.65075747476
25.8 8.6555528212
25.82 8.6607486976
25.84 8.66635673095
25.86 8.67238902904
25.88 8.67885813561
25.9 8.68577698412
25.92 8.69315885013
25.94 8.70101730269
25.96 8.70936615473
25.98 8.71821941266
26.0 8.72759122535
26.02 8.7374958327
26.04 8.74794751376
26.06 8.75896053484
26.08 8.77054909737
26.1 8.78272728606
26.12 8.79550901717
26.14 8.808907987
26.16 8.82293762114
26.18 8.83761102393
26.2 8.85294092879
26.22 8.86893964931
26.24 8.88561903101
26.26 8.90299040426
26.28 8.92106453813
26.3 8.93985159519
26.32 8.95936108785
26.34 8.97960183558
26.36 9.00058192364
26.38 9.0223086633
26.4 9.04478855323
26.42 9.06802724281
26.44 9.09202949669
26.46 9.11679916128
26.48 9.14233913279
26.5 9.16865132732
26.52 9.19573665248
26.54 9.22359498134
26.56 9.2522251281
26.58 9.28162482593
26.6 9.31179070711
26.62 9.34271828511
26.64 9.37440193927
26.66 9.40683490159
26.68 9.44000924605
26.7 9.4739158805
26.72 9.50854454099
26.74 9.54388378867
26.76 9.57992100963
26.78 9.61664241715
26.8 9.65403305694
26.82 9.69207681511
26.84 9.730756429
26.86 9.77005350098
26.88 9.80994851502
26.9 9.85042085627
26.92 9.89144883353
26.94 9.93300970471
26.96 9.97507970495
26.98 10.0176340779
27.0 10.0606471097
27.02 10.1040921655
27.04 10.1479417289
27.06 10.1921674441
27.08 10.2367401603
27.1 10.2816299784
27.12 10.3268063004
27.14 10.3722378804
27.16 10.417892878
27.18 10.4637389129
27.2 10.5097431221
27.22 10.5558722173
27.24 10.6020925443
27.26 10.6483701433
27.28 10.6946708094
27.3 10.7409601547
27.32 10.7872036695
27.34 10.8333667844
27.36 10.8794149314
27.38 10.9253136057
27.4 10.9710284257
27.42 11.0165251921
27.44 11.0617699472
27.46 11.1067290306
27.48 11.1513691351
27.5 11.1956573596
27.52 11.2395612607
27.54 11.2830489009
27.56 11.3260888961
27.58 11.3686504582
27.6 11.4107034371
27.62 11.4522183582
27.64 11.4931664577
27.66 11.5335197145
27.68 11.5732508787
27.7 11.6123334975
27.72 11.6507419368
27.74 11.6884514006
27.76 11.7254379461
27.78 11.7616784962
27.8 11.7971508486
27.82 11.8318336816
27.84 11.8657065567
27.86 11.898749919
27.88 11.9309450935
27.9 11.96227428
27.92 11.9927205442
27.94 12.0222678074
27.96 12.0509008331
27.98 12.0786052124
28.0 12.1053673464
28.02 12.1311744282
28.04 12.1560144222
28.06 12.179876043
28.08 12.2027487326
28.1 12.2246226372
28.12 12.2454885825
28.14 12.2653380503
28.16 12.2841631519
28.18 12.3019566049
28.2 12.318711707
28.22 12.3344223119
28.24 12.3490828056
28.26 12.3626880823
28.28 12.3752335219
28.3 12.3867149686
28.32 12.39712871
28.34 12.4064714581
28.36 12.4147403307
28.38 12.4219328354
28.4 12.4280468546
28.42 12.4330806323
28.44 12.4370327618
28.46 12.4399021776
28.48 12.4416881457
28.5 12.4423902594
28.52 12.4420084341
28.54 12.4405429063
28.56 12.4379942327
28.58 12.4343632932
28.6 12.4296512942
28.62 12.4238597745
28.64 12.4169906138
28.66 12.4090460416
28.68 12.4000286495
28.7 12.3899414034
28.72 12.3787876596
28.74 12.3665711801
28.76 12.353296151
28.78 12.3389672019
28.8 12.3235894254
28.82 12.3071683998
28.84 12.2897102101
28.86 12.2712214724
28.88 12.2517093567
28.9 12.2311816115
28.92 12.2096465883
28.94 12.1871132658
28.96 12.1635912745
28.98 12.139090921
29.0 12.113623211
29.02 12.0871998729
29.04 12.0598333793
29.06 12.0315369681
29.08 12.0023246621
29.1 11.9722112873
29.12 11.9412124886
29.14 11.9093447453
29.16 11.8766253831
29.18 11.8430725841
29.2 11.8087053951
29.22 11.7735437328
29.24 11.7376083861
29.26 11.7009210162
29.28 11.6635041531
29.3 11.6253811897
29.32 11.586576372
29.34 11.5471147869
29.36 11.5070223463
29.38 11.4663257677
29.4 11.4250525522
29.42 11.3832309586
29.44 11.3408899746
29.46 11.2980592844
29.48 11.2547692338
29.5 11.2110507917
29.52 11.1669355091
29.54 11.1224554747
29.56 11.0776432685
29.58 11.0325319128
29.6 10.9871548202
29.62 10.9415457407
29.64 10.8957387055
29.66 10.8497679704
29.68 10.8036679569
29.7 10.7574731921
29.72 10.7112182485
29.74 10.6649376815
29.76 10.6186659684
29.78 10.572437445
29.8 10.5262862443
29.82 10.4802462336
29.84 10.4343509538
29.86 10.388633558
29.88 10.3431267521
29.9 10.2978627362
29.92 10.2528731473
29.94 10.2081890039
29.96 10.1638406522
29.98 10.1198577146
30.0 10.0762690397
30.02 10.0331026555
30.04 9.99038572409
30.06 9.94814449991
30.08 9.90640428965
30.1 9.86518941572
30.12 9.82452318205
30.14 9.78442784303
30.16 9.74492457546
30.18 9.70603345312
30.2 9.66777342484
30.22 9.6301622952
30.24 9.59321670844
30.26 9.55695213542
30.28 9.52138286338
30.3 9.48652198889
30.32 9.45238141364
30.34 9.41897184306
30.36 9.38630278793
30.38 9.35438256862
30.4 9.32321832223
30.42 9.29281601223
30.44 9.2631804409
30.46 9.23431526409
30.48 9.20622300866
30.5 9.1789050922
30.52 9.15236184503
30.54 9.12659253466
30.56 9.10159539218
30.58 9.07736764092
30.6 9.0539055271
30.62 9.03120435241
30.64 9.00925850851
30.66 8.98806151333
30.68 8.96760604907
30.7 8.94788400188
30.72 8.92888650317
30.74 8.91060397225
30.76 8.89302616064
30.78 8.8761421975
30.8 8.8599406363
30.82 8.84440950297
30.84 8.82953634456
30.86 8.8153082795
30.88 8.80171204817
30.9 8.78873406457
30.92 8.77636046862
30.94 8.76457717878
30.96 8.75336994535
30.98 8.74272440389
31.0 8.73262612879
31.02 8.723060687
31.04 8.71401369148
31.06 8.70547085442
31.08 8.69741804006
31.1 8.68984131687
31.12 8.682727009
31.14 8.67606174683
31.16 8.66983251634
31.18 8.66402670732
31.2 8.65863216007
31.22 8.65363721059
31.24 8.64903073384
31.26 8.64480218521
31.28 8.64094163979
31.3 8.63743982942
31.32 8.63428817728
31.34 8.63147882995
31.36 8.6290046868
31.38 8.62685942643
31.4 8.62503753034
31.42 8.6235343034
31.44 8.62234589131
31.46 8.62146929474
31.48 8.62090238032
31.5 8.62064388817
31.52 8.62069343619
31.54 8.62105152095
31.56 8.62171951519
31.58 8.62269966203
31.6 8.6239950658
31.62 8.62560967965
31.64 8.62754828996
31.66 8.62981649758
31.68 8.6324206961
31.7 8.63536804712
31.72 8.63866645277
31.74 8.6423245255
31.76 8.64635155534
31.78 8.65075747477
31.8 8.6555528212
31.82 8.6607486976
31.84 8.66635673095
31.86 8.67238902904
31.88 8.67885813561
31.9 8.68577698412
31.92 8.69315885013
31.94 8.70101730269
31.96 8.70936615473
31.98 8.71821941266
32.0 8.72759122536
32.02 8.73749583269
32.04 8.74794751377
32.06 8.75896053483
32.08 8.77054909737
32.1 8.78272728606
32.12 8.79550901717
32.14 8.808907987
32.16 8.82293762115
32.18 8.83761102393
32.2 8.85294092878
32.22 8.86893964932
32.24 8.885619031
32.26 8.90299040427
32.28 8.92106453812
32.3 8.9398515952
32.32 8.95936108785
32.34 8.97960183557
32.36 9.00058192364
32.38 9.02230866329
32.4 9.04478855324
32.42 9.06802724281
32.44 9.0920294967
32.46 9.11679916127
32.48 9.1423391328
32.5 9.16865132731
32.52 9.19573665249
32.54 9.22359498133
32.56 9.25222512811
32.58 9.28162482592
32.6 9.31179070711
32.62 9.34271828512
32.64 9.37440193926
32.66 9.40683490159
32.68 9.44000924605
32.7 9.47391588051
32.72 9.50854454099
32.74 9.54388378866
32.76 9.57992100963
32.78 9.61664241716
32.8 9.65403305694
32.82 9.69207681511
32.84 9.730756429
32.86 9.77005350098
32.88 9.80994851503
32.9 9.85042085626
32.92 9.89144883354
32.94 9.93300970471
32.96 9.97507970496
32.98 10.0176340779
33.0 10.0606471097
33.02 10.1040921654
33.04 10.1479417289
33.06 10.1921674441
33.08 10.2367401602
33.1 10.2816299784
33.12 10.3268063004
33.14 10.3722378804
33.16 10.417892878
33.18 10.4637389129
33.2 10.5097431221
33.22 10.5558722173
33.24 10.6020925443
33.26 10.6483701432
33.28 10.6946708094
33.3 10.7409601547
33.32 10.7872036695
33.34 10.8333667844
33.36 10.8794149314
33.38 10.9253136057
33.4 10.9710284257
33.42 11.0165251921
33.44 11.0617699472
33.46 11.1067290306
33.48 11.1513691351
33.5 11.1956573597
33.52 11.2395612607
33.54 11.283048901
33.56 11.3260888961
33.58 11.3686504582
33.6 11.4107034371
33.62 11.4522183582
33.64 11.4931664577
33.66 11.5335197145
33.68 11.5732508787
33.7 11.6123334975
33.72 11.6507419368
33.74 11.6884514006
33.76 11.7254379461
33.78 11.7616784962
33.8 11.7971508486
33.82 11.8318336816
33.84 11.8657065567
33.86 11.898749919
33.88 11.9309450935
33.9 11.96227428
33.92 11.9927205442
33.94 12.0222678074
33.96 12.0509008331
33.98 12.0786052124
34.0 12.1053673464
34.02 12.1311744282
34.04 12.1560144222
34.06 12.179876043
34.08 12.2027487326
34.1 12.2246226372
34.12 12.2454885825
34.14 12.2653380503
34.16 12.2841631519
34.18 12.3019566049
34.2 12.318711707
34.22 12.3344223119
34.24 12.3490828056
34.26 12.3626880823
34.28 12.3752335219
34.3 12.3867149686
34.32 12.39712871
34.34 12.4064714581
34.36 12.4147403307
34.38 12.4219328354
34.4 12.4280468546
34.42 12.4330806323
34.44 12.4370327618
34.46 12.4399021776
34.48 12.4416881457
34.5 12.4423902594
34.52 12.4420084341
34.54 12.4405429063
34.56 12.4379942327
34.58 12.4343632932
34.6 12.4296512942
34.62 12.4238597745
34.64 12.4169906137
34.66 12.4090460416
34.68 12.4000286495
34.7 12.3899414034
34.72 12.3787876596
34.74 12.36657118
34.76 12.3532961511
34.78 12.3389672018
34.8 12.3235894254
34.82 12.3071683998
34.84 12.2897102101
34.86 12.2712214724
34.88 12.2517093567
34.9 12.2311816115
34.92 12.2096465883
34.94 12.1871132658
34.96 12.1635912745
34.98 12.139090921
35.0 12.113623211
35.02 12.0871998729
35.04 12.0598333793
35.06 12.0315369681
35.08 12.0023246621
35.1 11.9722112873
35.12 11.9412124886
35.14 11.9093447453
35.16 11.8766253831
35.18 11.8430725841
35.2 11.8087053951
35.22 11.7735437328
35.24 11.7376083861
35.26 11.7009210162
35.28 11.6635041531
35.3 11.6253811897
35.32 11.586576372
35.34 11.5471147869
35.36 11.5070223463
35.38 11.4663257677
35.4 11.4250525522
35.42 11.3832309587
35.44 11.3408899746
35.46 11.2980592844
35.48 11.2547692338
35.5 11.2110507917
35.52 11.1669355091
35.54 11.1224554747
35.56 11.0776432685
35.58 11.0325319128
35.6 10.9871548202
35.62 10.9415457407
35.64 10.8957387055
35.66 10.8497679704
35.68 10.8036679569
35.7 10.7574731921
35.72 10.7112182485
35.74 10.6649376815
35.76 10.6186659684
35.78 10.5724374451
35.8 10.5262862443
35.82 10.4802462336
35.84 10.4343509538
35.86 10.388633558
35.88 10.3431267521
35.9 10.2978627362
35.92 10.2528731472
35.94 10.2081890039
35.96 10.1638406522
35.98 10.1198577146
36.0 10.0762690397
36.02 10.0331026555
36.04 9.99038572409
36.06 9.94814449991
36.08 9.90640428966
36.1 9.86518941572
36.12 9.82452318205
36.14 9.78442784303
36.16 9.74492457547
36.18 9.70603345312
36.2 9.66777342484
36.22 9.63016229521
36.24 9.59321670843
36.26 9.55695213542
36.28 9.52138286338
36.3 9.48652198889
36.32 9.45238141363
36.34 9.41897184308
36.36 9.38630278792
36.38 9.35438256863
36.4 9.32321832222
36.42 9.29281601223
36.44 9.26318044089
36.46 9.23431526409
36.48 9.20622300866
36.5 9.1789050922
36.52 9.15236184503
36.54 9.12659253466
36.56 9.10159539219
36.58 9.07736764091
36.6 9.05390552711
36.62 9.0312043524
36.64 9.00925850851
36.66 8.98806151334
36.68 8.96760604906
36.7 8.94788400189
36.72 8.92888650316
36.74 8.91060397225
36.76 8.89302616064
36.78 8.8761421975
36.8 8.85994063631
36.82 8.84440950296
36.84 8.82953634457
36.86 8.8153082795
36.88 8.80171204816
36.9 8.78873406458
36.92 8.77636046861
36.94 8.76457717879
36.96 8.75336994535
36.98 8.74272440389
37.0 8.73262612879
37.02 8.723060687
37.04 8.71401369148
37.06 8.70547085441
37.08 8.69741804006
37.1 8.68984131687
37.12 8.682727009
37.14 8.67606174684
37.16 8.66983251634
37.18 8.66402670732
37.2 8.65863216007
37.22 8.65363721059
37.24 8.64903073384
37.26 8.64480218521
37.28 8.64094163979
37.3 8.63743982941
37.32 8.63428817728
37.34 8.63147882995
37.36 8.6290046868
37.38 8.62685942643
37.4 8.62503753034
37.42 8.6235343034
37.44 8.62234589131
37.46 8.62146929474
37.48 8.62090238032
37.5 8.62064388817
37.52 8.62069343619
37.54 8.62105152095
37.56 8.62171951519
37.58 8.62269966203
37.6 8.6239950658
37.62 8.62560967965
37.64 8.62754828996
37.66 8.62981649758
37.68 8.6324206961
37.7 8.63536804712
37.72 8.63866645277
37.74 8.6423245255
37.76 8.64635155535
37.78 8.65075747476
37.8 8.6555528212
37.82 8.6607486976
37.84 8.66635673095
37.86 8.67238902904
37.88 8.67885813561
37.9 8.68577698412
37.92 8.69315885012
37.94 8.7010173027
37.96 8.70936615473
37.98 8.71821941265
38.0 8.72759122536
38.02 8.73749583269
38.04 8.74794751377
38.06 8.75896053483
38.08 8.77054909737
38.1 8.78272728607
38.12 8.79550901716
38.14 8.80890798701
38.16 8.82293762114
38.18 8.83761102393
38.2 8.85294092879
38.22 8.86893964931
38.24 8.885619031
38.26 8.90299040427
38.28 8.92106453812
38.3 8.9398515952
38.32 8.95936108784
38.34 8.97960183558
38.36 9.00058192363
38.38 9.0223086633
38.4 9.04478855324
38.42 9.0680272428
38.44 9.0920294967
38.46 9.11679916127
38.48 9.1423391328
38.5 9.16865132731
38.52 9.19573665249
38.54 9.22359498134
38.56 9.2522251281
38.58 9.28162482593
38.6 9.3117907071
38.62 9.34271828512
38.64 9.37440193927
38.66 9.40683490159
38.68 9.44000924605
38.7 9.47391588051
38.72 9.50854454098
38.74 9.54388378868
38.76 9.57992100961
38.78 9.61664241717
38.8 9.65403305694
38.82 9.69207681509
38.84 9.73075642902
38.86 9.77005350097
38.88 9.80994851503
38.9 9.85042085626
38.92 9.89144883354
38.94 9.93300970471
38.96 9.97507970495
38.98 10.0176340779
39.0 10.0606471097
39.02 10.1040921655
39.04 10.1479417289
39.06 10.1921674441
39.08 10.2367401603
39.1 10.2816299784
39.12 10.3268063004
39.14 10.3722378804
39.16 10.4178928779
39.18 10.4637389129
39.2 10.5097431221
39.22 10.5558722173
39.24 10.6020925443
39.26 10.6483701432
39.28 10.6946708094
39.3 10.7409601547
39.32 10.7872036695
39.34 10.8333667844
39.36 10.8794149314
39.38 10.9253136057
39.4 10.9710284257
39.42 11.0165251921
39.44 11.0617699472
39.46 11.1067290306
39.48 11.1513691351
39.5 11.1956573596
39.52 11.2395612607
39.54 11.2830489009
39.56 11.3260888961
39.58 11.3686504582
39.6 11.4107034371
39.62 11.4522183582
39.64 11.4931664577
39.66 11.5335197145
39.68 11.5732508787
39.7 11.6123334975
39.72 11.6507419368
39.74 11.6884514006
39.76 11.7254379461
39.78 11.7616784962
39.8 11.7971508486
39.82 11.8318336816
39.84 11.8657065567
39.86 11.898749919
39.88 11.9309450935
39.9 11.96227428
39.92 11.9927205442
39.94 12.0222678074
39.96 12.0509008331
39.98 12.0786052124
