0.0 0.0207826566595
0.02 0.0215002793464
0.04 0.0221961471845
0.06 0.0228702100858
0.08 0.0235224630684
0.1 0.0241529451229
0.12 0.0247617379636
0.14 0.0253489646594
0.16 0.0259147881587
0.18 0.0264594097304
0.2 0.0269830672885
0.22 0.0274860336584
0.24 0.0279686147485
0.26 0.0284311476708
0.28 0.0288739987887
0.3 0.0292975617213
0.32 0.0297022553044
0.34 0.0300885215159
0.36 0.0304568233729
0.38 0.030807642814
0.4 0.0311414785701
0.42 0.0314588440325
0.44 0.0317602651253
0.46 0.0320462781962
0.48 0.0323174279231
0.5 0.0325742652509
0.52 0.0328173453637
0.54 0.0330472257052
0.56 0.0332644640373
0.58 0.0334696165696
0.6 0.0336632361379
0.62 0.0338458704634
0.64 0.0340180604797
0.66 0.0341803387447
0.68 0.0343332279331
0.7 0.0344772394271
0.72 0.0346128719953
0.74 0.034740610576
0.76 0.0348609251617
0.78 0.0349742697866
0.8 0.0350810816313
0.82 0.035181780229
0.84 0.0352767667882
0.86 0.0353664236348
0.88 0.0354511137538
0.9 0.0355311804604
0.92 0.0356069471706
0.94 0.0356787172912
0.96 0.0357467742138
0.98 0.0358113814159
1.0 0.0358727826583
1.02 0.0359312022913
1.04 0.0359868456372
1.06 0.0360398994728
1.08 0.0360905325756
1.1 0.0361388963639
1.12 0.036185125573
1.14 0.0362293390165
1.16 0.0362716403704
1.18 0.0363121190116
1.2 0.0363508508802
1.22 0.0363878993562
1.24 0.0364233161532
1.26 0.0364571422082
1.28 0.0364894085605
1.3 0.0365201372107
1.32 0.0365493419562
1.34 0.0365770291746
1.36 0.0366031985802
1.38 0.0366278439064
1.4 0.036650953538
1.42 0.0366725110706
1.44 0.0366924957929
1.46 0.0367108830925
1.48 0.0367276447781
1.5 0.0367427493092
1.52 0.0367561619435
1.54 0.0367678447865
1.56 0.0367777567591
1.58 0.0367858534687
1.6 0.0367920869946
1.62 0.0367964055924
1.64 0.036798753315
1.66 0.0367990695562
1.68 0.0367972885352
1.7 0.0367933387007
1.72 0.0367871420981
1.74 0.0367786136763
1.76 0.0367676605611
1.78 0.0367541812976
1.8 0.0367380650719
1.82 0.03671919092
1.84 0.036697426937
1.86 0.036672629498
1.88 0.0366446424843
1.9 0.0366132965583
1.92 0.0365784084482
1.94 0.0365397803099
1.96 0.0364971991103
1.98 0.0364504361038
2.0 0.0363992463534
2.02 0.0363433683538
2.04 0.0362825237107
2.06 0.0362164169388
2.08 0.0361447353311
2.1 0.0360671489432
2.12 0.0359833106699
2.14 0.0358928564387
2.16 0.0357954054978
2.18 0.0356905608319
2.2 0.03557790967
2.22 0.0354570241193
2.24 0.0353274619023
2.26 0.0351887672028
2.28 0.0350404716233
2.3 0.0348820952465
2.32 0.0347131477963
2.34 0.0345331299007
2.36 0.034341534449
2.38 0.034137848037
2.4 0.0339215525011
2.42 0.0336921265308
2.44 0.0334490473514
2.46 0.0331917924843
2.48 0.0329198415581
2.5 0.0326326781812
2.52 0.0323297918651
2.54 0.0320106799757
2.56 0.0316748497304
2.58 0.0313218202195
2.6 0.0309511244336
2.62 0.0305623113132
2.64 0.0301549477948
2.66 0.0297286208468
2.68 0.0292829394952
2.7 0.0288175368221
2.72 0.0283320719352
2.74 0.0278262318911
2.76 0.0272997335758
2.78 0.0267523255273
2.8 0.0261837896864
2.82 0.0255939430838
2.84 0.0249826394385
2.86 0.0243497706708
2.88 0.0236952683203
2.9 0.0230191048547
2.92 0.0223212948783
2.94 0.0216018962146
2.96 0.0208610108713
2.98 0.0200987858782
3.0 0.0193154139892
3.02 0.0185111342475
3.04 0.0176862324134
3.06 0.0168410412357
3.08 0.0159759405943
3.1 0.015091357471
3.12 0.0141877657875
3.14 0.013265686078
3.16 0.0123256850203
3.18 0.0113683748039
3.2 0.0103944123624
3.22 0.00940449844009
3.24 0.00839937653205
3.26 0.00737983166962
3.28 0.00634668907364
3.3 0.00530081267315
3.32 0.00424310351179
3.34 0.00317449800776
3.36 0.0020959661226
3.38 0.00100850942853
3.4 -8.68409441218e-05
3.42 -0.00118902642567
3.44 -0.0022969632084
3.46 -0.00340954453269
3.48 -0.00452564300262
3.5 -0.00564411298345
3.52 -0.00676379301311
3.54 -0.00788350824886
3.56 -0.00900207294838
3.58 -0.0101182929136
3.6 -0.0112309679908
3.62 -0.0123388945142
3.64 -0.0134408677238
3.66 -0.014535684193
3.68 -0.0156221441629
3.7 -0.0166990538549
3.72 -0.0177652277167
3.74 -0.0188194906021
3.76 -0.0198606798746
3.78 -0.0208876474253
3.8 -0.0218992616222
3.82 -0.0228944091415
3.84 -0.0238719967302
3.86 -0.0248309528494
3.88 -0.0257702292381
3.9 -0.0266888023299
3.92 -0.0275856746361
3.94 -0.0284598759519
3.96 -0.0293104645074
3.98 -0.0301365279966
4.0 -0.0309371844995
4.02 -0.0317115833338
4.04 -0.0324589057827
4.06 -0.0331783657375
4.08 -0.0338692102847
4.1 -0.0345307201416
4.12 -0.035162210136
4.14 -0.0357630294381
4.16 -0.0363325619518
4.18 -0.0368702264027
4.2 -0.0373754766006
4.22 -0.0378478014896
4.24 -0.0382867252346
4.26 -0.038691807293
4.28 -0.0390626423692
4.3 -0.0393988604732
4.32 -0.0397001268321
4.34 -0.0399661418865
4.36 -0.0401966412618
4.38 -0.0403913957095
4.4 -0.0405502110404
4.42 -0.0406729281443
4.44 -0.0407594229698
4.46 -0.0408096064313
4.48 -0.0408234245424
4.5 -0.0408008583109
4.52 -0.0407419238947
4.54 -0.0406466725414
4.56 -0.0405151907893
4.58 -0.0403476004204
4.6 -0.0401440586716
4.62 -0.0399047583068
4.64 -0.0396299277289
4.66 -0.0393198311112
4.68 -0.0389747685522
4.7 -0.0385950761865
4.72 -0.0381811262707
4.74 -0.0377333273498
4.76 -0.0372521242721
4.78 -0.0367379983047
4.8 -0.0361914671258
4.82 -0.0356130847966
4.84 -0.0350034417639
4.86 -0.0343631646427
4.88 -0.0336929161657
4.9 -0.0329933948215
4.92 -0.0322653346438
4.94 -0.0315095047416
4.96 -0.0307267088656
4.98 -0.0299177848108
5.0 -0.0290836037532
5.02 -0.0282250694906
5.04 -0.0273431175374
5.06 -0.026438714174
5.08 -0.0255128553009
5.1 -0.0245665652545
5.12 -0.023600895477
5.14 -0.0226169230363
5.16 -0.0216157490927
5.18 -0.0205984971982
5.2 -0.0195663115188
5.22 -0.0185203549178
5.24 -0.0174618069582
5.26 -0.0163918617945
5.28 -0.0153117259661
5.3 -0.0142226161164
5.32 -0.0131257566221
5.34 -0.0120223771548
5.36 -0.0109137101745
5.38 -0.00980098839445
5.4 -0.00868544217537
5.42 -0.00756829688847
5.44 -0.00645077031065
5.46 -0.00533406992851
5.48 -0.00421939032132
5.5 -0.00310791051737
5.52 -0.00200079138962
5.54 -0.000899173101193
5.56 0.000195827422447
5.58 0.00128311892732
5.6 0.00236163821602
5.62 0.00343035243754
5.64 0.00448826127322
5.66 0.00553439904292
5.68 0.00656783667094
5.7 0.00758768353507
5.72 0.00859308920818
5.74 0.00958324502985
5.76 0.010557385558
5.78 0.0115147898604
5.8 0.0124547826676
5.82 0.0133767353445
5.84 0.0142800667334
5.86 0.015164243813
5.88 0.0160287822042
5.9 0.0168732465156
5.92 0.0176972505228
5.94 0.0185004571888
5.96 0.0192825785319
5.98 0.0200433753255
6.0 0.0207826566589
6.02 0.0215002793467
6.04 0.0221961471844
6.06 0.022870210086
6.08 0.0235224630683
6.1 0.0241529451229
6.12 0.0247617379638
6.14 0.0253489646595
6.16 0.0259147881583
6.18 0.0264594097306
6.2 0.0269830672888
6.22 0.0274860336576
6.24 0.027968614749
6.26 0.0284311476706
6.28 0.0288739987888
6.3 0.0292975617211
6.32 0.0297022553046
6.34 0.0300885215158
6.36 0.0304568233729
6.38 0.030807642814
6.4 0.0311414785703
6.42 0.0314588440323
6.44 0.0317602651254
6.46 0.0320462781962
6.48 0.0323174279233
6.5 0.0325742652504
6.52 0.0328173453641
6.54 0.0330472257049
6.56 0.0332644640373
6.58 0.0334696165698
6.6 0.0336632361376
6.62 0.0338458704639
6.64 0.0340180604794
6.66 0.034180338745
6.68 0.0343332279329
6.7 0.0344772394272
6.72 0.0346128719953
6.74 0.034740610576
6.76 0.0348609251615
6.78 0.034974269787
6.8 0.0350810816308
6.82 0.0351817802288
6.84 0.035276766789
6.86 0.0353664236344
6.88 0.0354511137541
6.9 0.0355311804599
6.92 0.0356069471709
6.94 0.0356787172912
6.96 0.0357467742138
6.98 0.0358113814159
7.0 0.0358727826583
7.02 0.0359312022913
7.04 0.0359868456372
7.06 0.0360398994727
7.08 0.0360905325758
7.1 0.0361388963638
7.12 0.036185125573
7.14 0.0362293390165
7.16 0.0362716403704
7.18 0.0363121190116
7.2 0.0363508508802
7.22 0.0363878993562
7.24 0.0364233161532
7.26 0.0364571422082
7.28 0.0364894085605
7.3 0.0365201372107
7.32 0.0365493419562
7.34 0.0365770291746
7.36 0.0366031985802
7.38 0.0366278439064
7.4 0.036650953538
7.42 0.0366725110706
7.44 0.0366924957929
7.46 0.0367108830925
7.48 0.0367276447781
7.5 0.0367427493092
7.52 0.0367561619435
7.54 0.0367678447865
7.56 0.0367777567591
7.58 0.0367858534687
7.6 0.0367920869946
7.62 0.0367964055924
7.64 0.0367987533149
7.66 0.0367990695565
7.68 0.0367972885351
7.7 0.0367933387007
7.72 0.0367871420981
7.74 0.0367786136763
7.76 0.0367676605611
7.78 0.0367541812975
7.8 0.036738065072
7.82 0.03671919092
7.84 0.0366974269372
7.86 0.0366726294974
7.88 0.0366446424851
7.9 0.0366132965579
7.92 0.0365784084484
7.94 0.0365397803096
7.96 0.0364971991104
7.98 0.0364504361036
8.0 0.0363992463537
8.02 0.0363433683537
8.04 0.0362825237108
8.06 0.0362164169386
8.08 0.0361447353312
8.1 0.0360671489432
8.12 0.0359833106698
8.14 0.035892856439
8.16 0.0357954054978
8.18 0.0356905608317
8.2 0.0355779096698
8.22 0.0354570241197
8.24 0.0353274619021
8.26 0.035188767203
8.28 0.035040471623
8.3 0.0348820952469
8.32 0.034713147796
8.34 0.0345331299006
8.36 0.0343415344492
8.38 0.034137848037
8.4 0.033921552501
8.42 0.0336921265308
8.44 0.0334490473518
8.46 0.0331917924842
8.48 0.0329198415578
8.5 0.0326326781812
8.52 0.0323297918653
8.54 0.0320106799756
8.56 0.0316748497301
8.58 0.0313218202199
8.6 0.0309511244334
8.62 0.0305623113132
8.64 0.0301549477948
8.66 0.0297286208467
8.68 0.0292829394952
8.7 0.0288175368224
8.72 0.028332071935
8.74 0.0278262318912
8.76 0.0272997335756
8.78 0.0267523255275
8.8 0.0261837896863
8.82 0.0255939430839
8.84 0.0249826394386
8.86 0.0243497706705
8.88 0.0236952683207
8.9 0.0230191048541
8.92 0.0223212948791
8.94 0.0216018962144
8.96 0.0208610108708
8.98 0.0200987858784
9.0 0.0193154139888
9.02 0.0185111342485
9.04 0.0176862324125
9.06 0.0168410412364
9.08 0.0159759405936
9.1 0.0150913574716
9.12 0.014187765787
9.14 0.0132656860786
9.16 0.0123256850204
9.18 0.0113683748032
9.2 0.0103944123628
9.22 0.00940449843991
9.24 0.00839937653255
9.26 0.00737983166916
9.28 0.00634668907377
9.3 0.00530081267323
9.32 0.00424310351161
9.34 0.00317449800768
9.36 0.00209596612295
9.38 0.00100850942843
9.4 -8.68409442798e-05
9.42 -0.0011890264256
9.44 -0.0022969632084
9.46 -0.00340954453269
9.48 -0.00452564300262
9.5 -0.00564411298345
9.52 -0.00676379301311
9.54 -0.00788350824886
9.56 -0.00900207294922
9.58 -0.0101182929119
9.6 -0.0112309679916
9.62 -0.0123388945142
9.64 -0.0134408677238
9.66 -0.014535684193
9.68 -0.015622144164
9.7 -0.0166990538527
9.72 -0.0177652277178
9.74 -0.0188194906021
9.76 -0.0198606798746
9.78 -0.0208876474253
9.8 -0.0218992616224
9.82 -0.0228944091411
9.84 -0.0238719967305
9.86 -0.0248309528494
9.88 -0.0257702292381
9.9 -0.0266888023313
9.92 -0.0275856746334
9.94 -0.0284598759532
9.96 -0.0293104645084
9.98 -0.0301365279947
10.0 -0.0309371845004
10.02 -0.0317115833338
10.04 -0.0324589057827
10.06 -0.0331783657375
10.08 -0.0338692102847
10.1 -0.0345307201428
10.12 -0.0351622101336
10.14 -0.0357630294392
10.16 -0.0363325619518
10.18 -0.0368702264027
10.2 -0.0373754766006
10.22 -0.0378478014896
10.24 -0.0382867252346
10.26 -0.038691807293
10.28 -0.0390626423692
10.3 -0.0393988604732
10.32 -0.0397001268296
10.34 -0.0399661418916
10.36 -0.0401966412605
10.38 -0.0403913957072
10.4 -0.0405502110416
10.42 -0.0406729281443
10.44 -0.0407594229698
10.46 -0.0408096064313
10.48 -0.0408234245424
10.5 -0.0408008583109
10.52 -0.0407419238947
10.54 -0.0406466725414
10.56 -0.0405151907893
10.58 -0.0403476004204
10.6 -0.0401440586716
10.62 -0.0399047583068
10.64 -0.0396299277289
10.66 -0.0393198311112
10.68 -0.0389747685522
10.7 -0.0385950761865
10.72 -0.0381811262707
10.74 -0.0377333273498
10.76 -0.0372521242721
10.78 -0.0367379983047
10.8 -0.0361914671258
10.82 -0.0356130847966
10.84 -0.0350034417639
10.86 -0.0343631646427
10.88 -0.0336929161657
10.9 -0.0329933948215
10.92 -0.0322653346447
10.94 -0.0315095047399
10.96 -0.0307267088665
10.98 -0.0299177848108
11.0 -0.0290836037532
11.02 -0.0282250694906
11.04 -0.0273431175374
11.06 -0.0264387141748
11.08 -0.0255128552993
11.1 -0.0245665652552
11.12 -0.023600895477
11.14 -0.0226169230364
11.16 -0.0216157490923
11.18 -0.0205984971984
11.2 -0.0195663115188
11.22 -0.0185203549178
11.24 -0.0174618069592
11.26 -0.0163918617924
11.28 -0.0153117259672
11.3 -0.0142226161164
11.32 -0.0131257566221
11.34 -0.0120223771548
11.36 -0.0109137101741
11.38 -0.00980098839533
11.4 -0.00868544217493
11.42 -0.00756829688836
11.44 -0.00645077031087
11.46 -0.0053340699284
11.48 -0.00421939032132
11.5 -0.00310791051744
11.52 -0.00200079138948
11.54 -0.000899173101337
11.56 0.000195827422938
11.58 0.00128311892655
11.6 0.00236163821637
11.62 0.00343035243754
11.64 0.00448826127322
11.66 0.0055343990431
11.68 0.00656783667058
11.7 0.00758768353524
11.72 0.00859308920818
11.74 0.00958324502985
11.76 0.0105573855578
11.78 0.0115147898613
11.8 0.0124547826659
11.82 0.0133767353457
11.84 0.014280066733
11.86 0.015164243813
11.88 0.0160287822045
11.9 0.0168732465158
11.92 0.0176972505219
11.94 0.0185004571893
11.96 0.0192825785319
11.98 0.0200433753253
12.0 0.0207826566598
12.02 0.0215002793455
12.04 0.0221961471853
12.06 0.0228702100856
12.08 0.0235224630684
12.1 0.0241529451229
12.12 0.0247617379639
12.14 0.0253489646588
12.16 0.0259147881589
12.18 0.0264594097306
12.2 0.0269830672884
12.22 0.0274860336582
12.24 0.0279686147486
12.26 0.0284311476709
12.28 0.0288739987886
12.3 0.0292975617212
12.32 0.0297022553045
12.34 0.0300885215159
12.36 0.030456823373
12.38 0.0308076428139
12.4 0.0311414785703
12.42 0.0314588440323
12.44 0.0317602651253
12.46 0.0320462781962
12.48 0.0323174279234
12.5 0.0325742652507
12.52 0.0328173453635
12.54 0.0330472257055
12.56 0.0332644640372
12.58 0.0334696165697
12.6 0.0336632361378
12.62 0.0338458704634
12.64 0.0340180604797
12.66 0.0341803387446
12.68 0.0343332279331
12.7 0.0344772394273
12.72 0.0346128719952
12.74 0.034740610576
12.76 0.0348609251616
12.78 0.0349742697868
12.8 0.0350810816312
12.82 0.0351817802287
12.84 0.035276766789
12.86 0.0353664236344
12.88 0.0354511137538
12.9 0.0355311804606
12.92 0.0356069471706
12.94 0.0356787172912
12.96 0.0357467742138
12.98 0.0358113814159
13.0 0.0358727826585
13.02 0.035931202291
13.04 0.0359868456373
13.06 0.0360398994727
13.08 0.0360905325759
13.1 0.0361388963636
13.12 0.0361851255733
13.14 0.0362293390164
13.16 0.0362716403703
13.18 0.0363121190118
13.2 0.0363508508801
13.22 0.0363878993564
13.24 0.0364233161527
13.26 0.0364571422085
13.28 0.0364894085605
13.3 0.0365201372107
13.32 0.0365493419562
13.34 0.0365770291746
13.36 0.0366031985802
13.38 0.0366278439064
13.4 0.036650953538
13.42 0.0366725110706
13.44 0.0366924957929
13.46 0.0367108830925
13.48 0.0367276447781
13.5 0.0367427493092
13.52 0.0367561619435
13.54 0.0367678447865
13.56 0.0367777567591
13.58 0.0367858534687
13.6 0.0367920869946
13.62 0.0367964055924
13.64 0.0367987533149
13.66 0.0367990695565
13.68 0.0367972885351
13.7 0.0367933387007
13.72 0.0367871420982
13.74 0.0367786136762
13.76 0.0367676605611
13.78 0.0367541812978
13.8 0.0367380650716
13.82 0.0367191909201
13.84 0.0366974269372
13.86 0.0366726294974
13.88 0.0366446424852
13.9 0.0366132965577
13.92 0.0365784084484
13.94 0.0365397803096
13.96 0.0364971991108
13.98 0.0364504361034
14.0 0.0363992463535
14.02 0.0363433683537
14.04 0.0362825237111
14.06 0.0362164169385
14.08 0.0361447353311
14.1 0.0360671489432
14.12 0.0359833106703
14.14 0.0358928564385
14.16 0.0357954054979
14.18 0.0356905608315
14.2 0.0355779096704
14.22 0.0354570241192
14.24 0.0353274619022
14.26 0.035188767203
14.28 0.035040471623
14.3 0.0348820952467
14.32 0.0347131477961
14.34 0.0345331299013
14.36 0.0343415344486
14.38 0.0341378480367
14.4 0.0339215525017
14.42 0.0336921265306
14.44 0.0334490473515
14.46 0.0331917924843
14.48 0.0329198415578
14.5 0.0326326781812
14.52 0.0323297918652
14.54 0.0320106799756
14.56 0.0316748497306
14.58 0.0313218202195
14.6 0.0309511244333
14.62 0.0305623113135
14.64 0.0301549477952
14.66 0.029728620846
14.68 0.0292829394954
14.7 0.0288175368224
14.72 0.0283320719351
14.74 0.0278262318907
14.76 0.0272997335763
14.78 0.0267523255274
14.8 0.0261837896859
14.82 0.0255939430838
14.84 0.0249826394389
14.86 0.0243497706705
14.88 0.0236952683205
14.9 0.0230191048545
14.92 0.0223212948784
14.94 0.0216018962146
14.96 0.0208610108712
14.98 0.0200987858783
15.0 0.0193154139892
15.02 0.0185111342477
15.04 0.0176862324126
15.06 0.0168410412366
15.08 0.0159759405939
15.1 0.0150913574711
15.12 0.0141877657875
15.14 0.013265686078
15.16 0.0123256850205
15.18 0.0113683748035
15.2 0.0103944123625
15.22 0.00940449844017
15.24 0.00839937653205
15.26 0.0073798316698
15.28 0.00634668907328
15.3 0.00530081267341
15.32 0.00424310351188
15.34 0.00317449800732
15.36 0.00209596612321
15.38 0.00100850942791
15.4 -8.68409439331e-05
15.42 -0.00118902642567
15.44 -0.00229696320825
15.46 -0.00340954453276
15.48 -0.00452564300228
15.5 -0.00564411298424
15.52 -0.00676379301254
15.54 -0.00788350824948
15.56 -0.00900207294738
15.58 -0.0101182929141
15.6 -0.0112309679908
15.62 -0.0123388945142
15.64 -0.0134408677238
15.66 -0.014535684193
15.68 -0.0156221441629
15.7 -0.0166990538549
15.72 -0.0177652277167
15.74 -0.0188194906021
15.76 -0.0198606798746
15.78 -0.0208876474253
15.8 -0.0218992616224
15.82 -0.0228944091411
15.84 -0.0238719967305
15.86 -0.0248309528502
15.88 -0.0257702292365
15.9 -0.0266888023317
15.92 -0.0275856746343
15.94 -0.0284598759528
15.96 -0.0293104645084
15.98 -0.0301365279947
16.0 -0.0309371845004
16.02 -0.0317115833338
16.04 -0.0324589057827
16.06 -0.0331783657375
16.08 -0.0338692102847
16.1 -0.0345307201416
16.12 -0.035162210136
16.14 -0.0357630294381
16.16 -0.0363325619516
16.18 -0.0368702264031
16.2 -0.0373754766003
16.22 -0.0378478014896
16.24 -0.0382867252346
16.26 -0.038691807293
16.28 -0.0390626423692
16.3 -0.0393988604732
16.32 -0.0397001268321
16.34 -0.0399661418865
16.36 -0.0401966412618
16.38 -0.0403913957095
16.4 -0.0405502110404
16.42 -0.0406729281443
16.44 -0.0407594229698
16.46 -0.0408096064313
16.48 -0.0408234245424
16.5 -0.0408008583109
16.52 -0.0407419238947
16.54 -0.0406466725414
16.56 -0.0405151907893
16.58 -0.0403476004204
16.6 -0.0401440586691
16.62 -0.0399047583119
16.64 -0.0396299277264
16.66 -0.0393198311112
16.68 -0.0389747685522
16.7 -0.0385950761865
16.72 -0.0381811262707
16.74 -0.0377333273498
16.76 -0.0372521242721
16.78 -0.0367379983047
16.8 -0.0361914671258
16.82 -0.0356130847966
16.84 -0.0350034417625
16.86 -0.0343631646455
16.88 -0.0336929161643
16.9 -0.0329933948215
16.92 -0.0322653346438
16.94 -0.0315095047416
16.96 -0.0307267088656
16.98 -0.0299177848108
17.0 -0.0290836037532
17.02 -0.0282250694892
17.04 -0.0273431175402
17.06 -0.0264387141734
17.08 -0.0255128552993
17.1 -0.0245665652552
17.12 -0.0236008954768
17.14 -0.0226169230367
17.16 -0.0216157490919
17.18 -0.0205984971991
17.2 -0.0195663115186
17.22 -0.0185203549182
17.24 -0.0174618069577
17.26 -0.0163918617945
17.28 -0.0153117259661
17.3 -0.0142226161164
17.32 -0.013125756623
17.34 -0.0120223771529
17.36 -0.0109137101755
17.38 -0.00980098839522
17.4 -0.00868544217305
17.42 -0.00756829689097
17.44 -0.00645077030931
17.46 -0.00533406992912
17.48 -0.0042193903212
17.5 -0.00310791051723
17.52 -0.00200079138958
17.54 -0.000899173101265
17.56 0.000195827422447
17.58 0.00128311892766
17.6 0.00236163821585
17.62 0.00343035243714
17.64 0.00448826127279
17.66 0.00553439904393
17.68 0.00656783667058
17.7 0.00758768353534
17.72 0.00859308920763
17.74 0.00958324503012
17.76 0.0105573855579
17.78 0.0115147898605
17.8 0.0124547826675
17.82 0.0133767353446
17.84 0.0142800667333
17.86 0.015164243813
17.88 0.0160287822043
17.9 0.0168732465158
17.92 0.0176972505227
17.94 0.0185004571884
17.96 0.0192825785325
17.98 0.020043375325
18.0 0.0207826566592
18.02 0.0215002793468
18.04 0.0221961471843
18.06 0.0228702100864
18.08 0.0235224630674
18.1 0.024152945124
18.12 0.0247617379637
18.14 0.0253489646585
18.16 0.0259147881589
18.18 0.0264594097306
18.2 0.0269830672886
18.22 0.027486033658
18.24 0.0279686147486
18.26 0.0284311476713
18.28 0.0288739987883
18.3 0.0292975617206
18.32 0.0297022553053
18.34 0.0300885215154
18.36 0.0304568233732
18.38 0.0308076428138
18.4 0.0311414785703
18.42 0.0314588440324
18.44 0.0317602651252
18.46 0.0320462781962
18.48 0.0323174279235
18.5 0.0325742652506
18.52 0.0328173453635
18.54 0.0330472257053
18.56 0.0332644640378
18.58 0.033469616569
18.6 0.0336632361382
18.62 0.0338458704634
18.64 0.0340180604799
18.66 0.0341803387445
18.68 0.0343332279332
18.7 0.0344772394272
18.72 0.0346128719953
18.74 0.0347406105758
18.76 0.0348609251618
18.78 0.0349742697868
18.8 0.035081081631
18.82 0.0351817802293
18.84 0.0352767667881
18.86 0.0353664236351
18.88 0.0354511137533
18.9 0.0355311804608
18.92 0.0356069471702
18.94 0.0356787172916
18.96 0.0357467742138
18.98 0.0358113814155
19.0 0.0358727826585
19.02 0.0359312022913
19.04 0.0359868456372
19.06 0.0360398994725
19.08 0.0360905325763
19.1 0.0361388963635
19.12 0.0361851255733
19.14 0.0362293390163
19.16 0.0362716403703
19.18 0.0363121190116
19.2 0.0363508508804
19.22 0.0363878993562
19.24 0.0364233161532
19.26 0.0364571422082
19.28 0.0364894085605
19.3 0.0365201372107
19.32 0.0365493419562
19.34 0.0365770291745
19.36 0.0366031985804
19.38 0.0366278439061
19.4 0.0366509535383
19.42 0.0366725110704
19.44 0.0366924957929
19.46 0.0367108830925
19.48 0.0367276447781
19.5 0.0367427493092
19.52 0.0367561619435
19.54 0.0367678447865
19.56 0.0367777567591
19.58 0.0367858534688
19.6 0.0367920869946
19.62 0.0367964055922
19.64 0.0367987533152
19.66 0.0367990695562
19.68 0.0367972885352
19.7 0.0367933387007
19.72 0.0367871420982
19.74 0.0367786136761
19.76 0.0367676605615
19.78 0.0367541812975
19.8 0.0367380650718
19.82 0.0367191909199
19.84 0.0366974269373
19.86 0.0366726294977
19.88 0.0366446424846
19.9 0.0366132965581
19.92 0.0365784084484
19.94 0.0365397803098
19.96 0.0364971991106
19.98 0.0364504361032
20.0 0.0363992463541
20.02 0.0363433683529
20.04 0.0362825237119
20.06 0.0362164169381
20.08 0.0361447353313
20.1 0.0360671489428
20.12 0.0359833106707
20.14 0.0358928564384
20.16 0.0357954054979
20.18 0.0356905608314
20.2 0.0355779096705
20.22 0.0354570241192
20.24 0.0353274619025
20.26 0.0351887672026
20.28 0.0350404716229
20.3 0.0348820952469
20.32 0.034713147796
20.34 0.0345331299012
20.36 0.034341534449
20.38 0.0341378480362
20.4 0.0339215525021
20.42 0.0336921265302
20.44 0.0334490473521
20.46 0.0331917924834
20.48 0.0329198415584
20.5 0.0326326781817
20.52 0.0323297918647
20.54 0.0320106799754
20.56 0.0316748497307
20.58 0.0313218202198
20.6 0.0309511244334
20.62 0.0305623113128
20.64 0.0301549477953
20.66 0.0297286208464
20.68 0.0292829394955
20.7 0.0288175368222
20.72 0.0283320719352
20.74 0.0278262318903
20.76 0.0272997335766
20.78 0.0267523255276
20.8 0.0261837896857
20.82 0.0255939430838
20.84 0.0249826394392
20.86 0.0243497706701
20.88 0.0236952683209
20.9 0.0230191048544
20.92 0.0223212948784
20.94 0.0216018962146
20.96 0.0208610108709
20.98 0.0200987858782
21.0 0.0193154139898
21.02 0.018511134247
21.04 0.0176862324133
21.06 0.0168410412358
21.08 0.015975940595
21.1 0.0150913574697
21.12 0.0141877657886
21.14 0.0132656860781
21.16 0.0123256850192
21.18 0.0113683748049
21.2 0.0103944123616
21.22 0.00940449844045
21.24 0.00839937653255
21.26 0.00737983166914
21.28 0.00634668907321
21.3 0.00530081267332
21.32 0.00424310351232
21.34 0.00317449800702
21.36 0.00209596612391
21.38 0.00100850942744
21.4 -8.68409439331e-05
21.42 -0.00118902642567
21.44 -0.00229696320835
21.46 -0.00340954453256
21.48 -0.00452564300238
21.5 -0.00564411298475
21.52 -0.00676379301153
21.54 -0.00788350824999
21.56 -0.00900207294772
21.58 -0.0101182929134
21.6 -0.0112309679911
21.62 -0.0123388945142
21.64 -0.0134408677236
21.66 -0.0145356841934
21.68 -0.0156221441638
21.7 -0.0166990538527
21.72 -0.017765227717
21.74 -0.0188194906036
21.76 -0.0198606798739
21.78 -0.0208876474255
21.8 -0.021899261622
21.82 -0.0228944091413
21.84 -0.0238719967305
21.86 -0.0248309528502
21.88 -0.0257702292365
21.9 -0.0266888023317
21.92 -0.0275856746343
21.94 -0.0284598759528
21.96 -0.0293104645074
21.98 -0.0301365279964
22.0 -0.0309371844999
22.02 -0.0317115833335
22.04 -0.0324589057827
22.06 -0.0331783657375
22.08 -0.0338692102847
22.1 -0.0345307201416
22.12 -0.035162210136
22.14 -0.0357630294381
22.16 -0.0363325619518
22.18 -0.0368702264027
22.2 -0.0373754766006
22.22 -0.0378478014894
22.24 -0.038286725235
22.26 -0.0386918072928
22.28 -0.0390626423692
22.3 -0.0393988604732
22.32 -0.0397001268296
22.34 -0.0399661418943
22.36 -0.0401966412538
22.38 -0.0403913957122
22.4 -0.0405502110404
22.42 -0.0406729281443
22.44 -0.0407594229698
22.46 -0.0408096064313
22.48 -0.0408234245424
22.5 -0.0408008583109
22.52 -0.0407419238947
22.54 -0.0406466725414
22.56 -0.0405151907893
22.58 -0.0403476004204
22.6 -0.0401440586716
22.62 -0.0399047583068
22.64 -0.0396299277289
22.66 -0.0393198311114
22.68 -0.0389747685517
22.7 -0.0385950761867
22.72 -0.0381811262707
22.74 -0.0377333273498
22.76 -0.0372521242719
22.78 -0.0367379983052
22.8 -0.0361914671256
22.82 -0.0356130847966
22.84 -0.0350034417639
22.86 -0.0343631646439
22.88 -0.0336929161632
22.9 -0.0329933948228
22.92 -0.0322653346438
22.94 -0.0315095047416
22.96 -0.0307267088656
22.98 -0.0299177848108
23.0 -0.0290836037532
23.02 -0.0282250694906
23.04 -0.0273431175374
23.06 -0.0264387141744
23.08 -0.0255128553
23.1 -0.0245665652545
23.12 -0.0236008954779
23.14 -0.0226169230358
23.16 -0.0216157490921
23.18 -0.0205984971991
23.2 -0.01956631152
23.22 -0.0185203549153
23.24 -0.017461806959
23.26 -0.0163918617951
23.28 -0.0153117259658
23.3 -0.0142226161163
23.32 -0.0131257566232
23.34 -0.0120223771528
23.36 -0.0109137101755
23.38 -0.00980098839522
23.4 -0.00868544217305
23.42 -0.00756829689069
23.44 -0.00645077031009
23.46 -0.00533406992811
23.48 -0.00421939032189
23.5 -0.00310791051641
23.52 -0.00200079139086
23.54 -0.000899173101022
23.56 0.000195827423108
23.58 0.00128311892739
23.6 0.00236163821597
23.62 0.00343035243654
23.64 0.00448826127362
23.66 0.00553439904424
23.68 0.00656783666925
23.7 0.00758768353601
23.72 0.00859308920763
23.74 0.0095832450304
23.76 0.0105573855574
23.78 0.0115147898607
23.8 0.0124547826679
23.82 0.0133767353438
23.84 0.0142800667337
23.86 0.0151642438129
23.88 0.0160287822045
23.9 0.0168732465161
23.92 0.0176972505213
23.94 0.0185004571904
23.96 0.0192825785313
23.98 0.020043375325
24.0 0.0207826566597
24.02 0.0215002793466
24.04 0.0221961471843
24.06 0.022870210086
24.08 0.0235224630681
24.1 0.0241529451239
24.12 0.0247617379632
24.14 0.0253489646591
24.16 0.0259147881585
24.18 0.026459409731
24.2 0.0269830672881
24.22 0.0274860336582
24.24 0.0279686147488
24.26 0.0284311476711
24.28 0.0288739987884
24.3 0.0292975617211
24.32 0.0297022553046
24.34 0.0300885215157
24.36 0.0304568233732
24.38 0.0308076428142
24.4 0.0311414785696
24.42 0.0314588440325
24.44 0.0317602651256
24.46 0.0320462781959
24.48 0.0323174279235
24.5 0.0325742652502
24.52 0.0328173453641
24.54 0.0330472257052
24.56 0.0332644640373
24.58 0.03346961657
24.6 0.033663236137
24.62 0.0338458704641
24.64 0.0340180604796
24.66 0.0341803387444
24.68 0.0343332279334
24.7 0.0344772394269
24.72 0.034612871995
24.74 0.0347406105771
24.76 0.0348609251607
24.78 0.0349742697871
24.8 0.035081081631
24.82 0.0351817802294
24.84 0.0352767667881
24.86 0.0353664236346
24.88 0.035451113754
24.9 0.0355311804605
24.92 0.0356069471702
24.94 0.0356787172916
24.96 0.0357467742139
24.98 0.0358113814158
25.0 0.035872782658
25.02 0.0359312022917
25.04 0.0359868456369
25.06 0.0360398994726
25.08 0.0360905325764
25.1 0.0361388963634
25.12 0.0361851255733
25.14 0.0362293390161
25.16 0.0362716403702
25.18 0.0363121190124
25.2 0.0363508508797
25.22 0.0363878993566
25.24 0.0364233161527
25.26 0.0364571422086
25.28 0.0364894085602
25.3 0.0365201372108
25.32 0.0365493419562
25.34 0.0365770291745
25.36 0.0366031985804
25.38 0.0366278439063
25.4 0.036650953538
25.42 0.0366725110706
25.44 0.0366924957929
25.46 0.0367108830925
25.48 0.0367276447781
25.5 0.0367427493092
25.52 0.0367561619435
25.54 0.0367678447865
25.56 0.0367777567591
25.58 0.0367858534687
25.6 0.0367920869948
25.62 0.0367964055921
25.64 0.0367987533152
25.66 0.0367990695562
25.68 0.0367972885352
25.7 0.0367933387009
25.72 0.0367871420978
25.74 0.0367786136764
25.76 0.0367676605612
25.78 0.0367541812975
25.8 0.0367380650722
25.82 0.0367191909196
25.84 0.0366974269376
25.86 0.0366726294976
25.88 0.0366446424846
25.9 0.0366132965577
25.92 0.0365784084492
25.94 0.0365397803095
25.96 0.0364971991104
25.98 0.0364504361032
26.0 0.0363992463541
26.02 0.0363433683533
26.04 0.0362825237106
26.06 0.0362164169392
26.08 0.0361447353314
26.1 0.0360671489421
26.12 0.035983310671
26.14 0.0358928564379
26.16 0.0357954054984
26.18 0.035690560832
26.2 0.0355779096694
26.22 0.0354570241199
26.24 0.0353274619023
26.26 0.0351887672021
26.28 0.0350404716238
26.3 0.0348820952464
26.32 0.0347131477959
26.34 0.0345331299015
26.36 0.0343415344481
26.38 0.0341378480378
26.4 0.033921552501
26.42 0.0336921265305
26.44 0.0334490473516
26.46 0.0331917924846
26.48 0.0329198415572
26.5 0.0326326781824
26.52 0.0323297918651
26.54 0.0320106799742
26.56 0.0316748497315
26.58 0.031321820219
26.6 0.030951124434
26.62 0.0305623113135
26.64 0.0301549477939
26.66 0.0297286208477
26.68 0.0292829394949
26.7 0.0288175368215
26.72 0.0283320719361
26.74 0.0278262318904
26.76 0.0272997335762
26.78 0.026752325527
26.8 0.0261837896863
26.82 0.0255939430847
26.84 0.0249826394378
26.86 0.0243497706705
26.88 0.0236952683205
26.9 0.0230191048551
26.92 0.0223212948777
26.94 0.0216018962153
26.96 0.0208610108709
26.98 0.0200987858774
27.0 0.0193154139898
27.02 0.0185111342471
27.04 0.0176862324137
27.06 0.0168410412361
27.08 0.0159759405935
27.1 0.0150913574722
27.12 0.014187765787
27.14 0.0132656860778
27.16 0.0123256850198
27.18 0.0113683748044
27.2 0.0103944123623
27.22 0.00940449844056
27.24 0.00839937653088
27.26 0.00737983167081
27.28 0.00634668907301
27.3 0.00530081267305
27.32 0.00424310351259
27.34 0.00317449800697
27.36 0.00209596612225
27.38 0.00100850942973
27.4 -8.6840944248e-05
27.42 -0.00118902642669
27.44 -0.00229696320778
27.46 -0.00340954453283
27.48 -0.00452564300238
27.5 -0.005644112984
27.52 -0.006763793012
27.54 -0.00788350825003
27.56 -0.00900207294872
27.58 -0.0101182929125
27.6 -0.0112309679907
27.62 -0.0123388945146
27.64 -0.0134408677236
27.66 -0.0145356841933
27.68 -0.0156221441629
27.7 -0.0166990538548
27.72 -0.0177652277167
27.74 -0.0188194906021
27.76 -0.0198606798749
27.78 -0.020887647425
27.8 -0.0218992616227
27.82 -0.0228944091404
27.84 -0.0238719967309
27.86 -0.0248309528502
27.88 -0.0257702292365
27.9 -0.0266888023317
27.92 -0.0275856746358
27.94 -0.0284598759498
27.96 -0.0293104645106
27.98 -0.0301365279933
28.0 -0.0309371845011
28.02 -0.0317115833349
28.04 -0.0324589057805
28.06 -0.0331783657386
28.08 -0.0338692102847
28.1 -0.0345307201408
28.12 -0.0351622101375
28.14 -0.0357630294373
28.16 -0.0363325619516
28.18 -0.0368702264031
28.2 -0.0373754766003
28.22 -0.0378478014896
28.24 -0.0382867252365
28.26 -0.0386918072892
28.28 -0.0390626423711
28.3 -0.0393988604732
28.32 -0.0397001268321
28.34 -0.0399661418865
28.36 -0.040196641263
28.38 -0.0403913957072
28.4 -0.0405502110416
28.42 -0.0406729281443
28.44 -0.0407594229698
28.46 -0.0408096064313
28.48 -0.0408234245424
28.5 -0.0408008583109
28.52 -0.0407419238947
28.54 -0.0406466725414
28.56 -0.0405151907893
28.58 -0.0403476004204
28.6 -0.0401440586691
28.62 -0.0399047583119
28.64 -0.0396299277264
28.66 -0.0393198311112
28.68 -0.0389747685522
28.7 -0.0385950761865
28.72 -0.0381811262707
28.74 -0.0377333273498
28.76 -0.0372521242721
28.78 -0.0367379983047
28.8 -0.0361914671258
28.82 -0.0356130847978
28.84 -0.0350034417602
28.86 -0.0343631646466
28.88 -0.0336929161643
28.9 -0.032993394822
28.92 -0.0322653346429
28.94 -0.031509504742
28.96 -0.0307267088656
28.98 -0.0299177848116
29.0 -0.0290836037518
29.02 -0.0282250694913
29.04 -0.0273431175374
29.06 -0.0264387141744
29.08 -0.0255128553
29.1 -0.0245665652549
29.12 -0.023600895477
29.14 -0.0226169230363
29.16 -0.0216157490927
29.18 -0.0205984971978
29.2 -0.0195663115192
29.22 -0.0185203549182
29.24 -0.0174618069582
29.26 -0.0163918617937
29.28 -0.0153117259664
29.3 -0.0142226161169
29.32 -0.0131257566215
29.34 -0.0120223771546
29.36 -0.0109137101753
29.38 -0.00980098839506
29.4 -0.00868544217261
29.42 -0.00756829689119
29.44 -0.00645077030953
29.46 -0.00533406992868
29.48 -0.00421939032142
29.5 -0.00310791051649
29.52 -0.00200079139084
29.54 -0.000899173101066
29.56 0.00019582742284
29.58 0.00128311892715
29.6 0.00236163821621
29.62 0.00343035243775
29.64 0.00448826127217
29.66 0.00553439904411
29.68 0.0065678366708
29.7 0.00758768353426
29.72 0.00859308920952
29.74 0.00958324502867
29.76 0.010557385558
29.78 0.011514789861
29.8 0.0124547826674
29.82 0.0133767353437
29.84 0.0142800667344
29.86 0.0151642438128
29.88 0.0160287822041
29.9 0.0168732465158
29.92 0.0176972505227
29.94 0.0185004571886
29.96 0.019282578532
29.98 0.0200433753253
30.0 0.0207826566592
30.02 0.0215002793467
30.04 0.0221961471843
30.06 0.0228702100865
30.08 0.0235224630674
30.1 0.0241529451234
30.12 0.0247617379646
30.14 0.0253489646579
30.16 0.0259147881595
30.18 0.0264594097305
30.2 0.026983067288
30.22 0.0274860336588
30.24 0.0279686147479
30.26 0.0284311476711
30.28 0.0288739987887
30.3 0.0292975617213
30.32 0.0297022553048
30.34 0.0300885215155
30.36 0.0304568233732
30.38 0.030807642814
30.4 0.0311414785703
30.42 0.0314588440314
30.44 0.0317602651262
30.46 0.032046278196
30.48 0.0323174279231
30.5 0.0325742652511
30.52 0.0328173453633
30.54 0.0330472257051
30.56 0.0332644640377
30.58 0.0334696165699
30.6 0.0336632361375
30.62 0.0338458704636
30.64 0.0340180604799
30.66 0.0341803387445
30.68 0.0343332279331
30.7 0.0344772394268
30.72 0.0346128719956
30.74 0.0347406105761
30.76 0.034860925161
30.78 0.0349742697877
30.8 0.0350810816306
30.82 0.0351817802297
30.84 0.0352767667876
30.86 0.0353664236346
30.88 0.0354511137546
30.9 0.0355311804599
30.92 0.0356069471707
30.94 0.0356787172916
30.96 0.0357467742135
30.98 0.0358113814158
31.0 0.0358727826583
31.02 0.0359312022915
31.04 0.035986845637
31.06 0.0360398994725
31.08 0.0360905325763
31.1 0.0361388963636
31.12 0.036185125573
31.14 0.0362293390162
31.16 0.0362716403704
31.18 0.0363121190121
31.2 0.0363508508799
31.22 0.0363878993563
31.24 0.036423316153
31.26 0.0364571422084
31.28 0.0364894085604
31.3 0.0365201372107
31.32 0.0365493419563
31.34 0.0365770291743
31.36 0.0366031985803
31.38 0.0366278439064
31.4 0.036650953538
31.42 0.0366725110706
31.44 0.0366924957929
31.46 0.0367108830925
31.48 0.0367276447781
31.5 0.0367427493092
31.52 0.0367561619435
31.54 0.0367678447863
31.56 0.0367777567594
31.58 0.0367858534685
31.6 0.0367920869946
31.62 0.0367964055924
31.64 0.036798753315
31.66 0.036799069556
31.68 0.0367972885355
31.7 0.0367933387006
31.72 0.0367871420981
31.74 0.0367786136763
31.76 0.0367676605606
31.78 0.0367541812984
31.8 0.0367380650717
31.82 0.0367191909197
31.84 0.0366974269374
31.86 0.0366726294974
31.88 0.0366446424852
31.9 0.0366132965577
31.92 0.0365784084484
31.94 0.0365397803098
31.96 0.0364971991106
31.98 0.0364504361029
32.0 0.0363992463548
32.02 0.0363433683528
32.04 0.0362825237111
32.06 0.0362164169385
32.08 0.0361447353317
32.1 0.0360671489421
32.12 0.0359833106714
32.14 0.0358928564374
32.16 0.0357954054989
32.18 0.0356905608319
32.2 0.0355779096689
32.22 0.0354570241206
32.24 0.0353274619017
32.26 0.0351887672029
32.28 0.035040471623
32.3 0.0348820952472
32.32 0.0347131477959
32.34 0.0345331299007
32.36 0.0343415344489
32.38 0.0341378480368
32.4 0.0339215525017
32.42 0.0336921265303
32.44 0.0334490473522
32.46 0.0331917924838
32.48 0.0329198415577
32.5 0.0326326781818
32.52 0.0323297918655
32.54 0.0320106799735
32.56 0.0316748497326
32.58 0.0313218202182
32.6 0.0309511244342
32.62 0.0305623113137
32.64 0.0301549477937
32.66 0.0297286208477
32.68 0.0292829394947
32.7 0.0288175368219
32.72 0.0283320719362
32.74 0.0278262318904
32.76 0.0272997335755
32.78 0.0267523255276
32.8 0.0261837896862
32.82 0.0255939430839
32.84 0.0249826394384
32.86 0.0243497706709
32.88 0.0236952683211
32.9 0.0230191048538
32.92 0.0223212948787
32.94 0.0216018962143
32.96 0.0208610108715
32.98 0.0200987858772
33.0 0.0193154139905
33.02 0.0185111342467
33.04 0.0176862324136
33.06 0.0168410412364
33.08 0.0159759405929
33.1 0.0150913574724
33.12 0.0141877657863
33.14 0.0132656860793
33.16 0.0123256850194
33.18 0.0113683748041
33.2 0.010394412362
33.22 0.00940449844045
33.24 0.00839937653205
33.26 0.00737983167006
33.28 0.0063466890723
33.3 0.00530081267394
33.32 0.00424310351241
33.34 0.00317449800724
33.36 0.00209596612269
33.38 0.00100850942799
33.4 -8.68409428614e-05
33.42 -0.00118902642711
33.44 -0.00229696320763
33.46 -0.00340954453254
33.48 -0.0045256430031
33.5 -0.00564411298285
33.52 -0.00676379301358
33.54 -0.00788350824924
33.56 -0.00900207294828
33.58 -0.0101182929133
33.6 -0.0112309679912
33.62 -0.012338894513
33.64 -0.0134408677243
33.66 -0.0145356841932
33.68 -0.0156221441629
33.7 -0.0166990538549
33.72 -0.0177652277173
33.74 -0.018819490601
33.76 -0.0198606798748
33.78 -0.0208876474257
33.8 -0.0218992616218
33.82 -0.0228944091425
33.84 -0.0238719967286
33.86 -0.0248309528516
33.88 -0.0257702292354
33.9 -0.0266888023327
33.92 -0.0275856746349
33.94 -0.0284598759502
33.96 -0.0293104645106
33.98 -0.0301365279933
34.0 -0.030937184502
34.02 -0.0317115833331
34.04 -0.0324589057804
34.06 -0.0331783657418
34.08 -0.0338692102812
34.1 -0.0345307201428
34.12 -0.035162210136
34.14 -0.0357630294381
34.16 -0.0363325619518
34.18 -0.0368702264027
34.2 -0.0373754766006
34.22 -0.0378478014896
34.24 -0.0382867252346
34.26 -0.038691807293
34.28 -0.0390626423692
34.3 -0.0393988604732
34.32 -0.0397001268321
34.34 -0.039966141884
34.36 -0.040196641268
34.38 -0.0403913957047
34.4 -0.0405502110416
34.42 -0.0406729281443
34.44 -0.0407594229698
34.46 -0.0408096064313
34.48 -0.0408234245424
34.5 -0.0408008583109
34.52 -0.0407419238947
34.54 -0.0406466725414
34.56 -0.0405151907881
34.58 -0.0403476004229
34.6 -0.04014405867
34.62 -0.039904758307
34.64 -0.0396299277289
34.66 -0.0393198311112
34.68 -0.0389747685522
34.7 -0.0385950761865
34.72 -0.0381811262707
34.74 -0.0377333273521
34.76 -0.0372521242675
34.78 -0.0367379983068
34.8 -0.0361914671263
34.82 -0.0356130847975
34.84 -0.0350034417602
34.86 -0.0343631646466
34.88 -0.0336929161643
34.9 -0.032993394822
34.92 -0.0322653346438
34.94 -0.0315095047403
34.96 -0.0307267088665
34.98 -0.0299177848108
35.0 -0.0290836037532
35.02 -0.0282250694906
35.04 -0.0273431175374
35.06 -0.026438714174
35.08 -0.0255128553009
35.1 -0.0245665652545
35.12 -0.0236008954773
35.14 -0.0226169230358
35.16 -0.0216157490929
35.18 -0.0205984971972
35.2 -0.0195663115205
35.22 -0.0185203549176
35.24 -0.0174618069582
35.26 -0.0163918617937
35.28 -0.0153117259662
35.3 -0.0142226161173
35.32 -0.0131257566222
35.34 -0.0120223771528
35.36 -0.0109137101763
35.38 -0.00980098839396
35.4 -0.00868544217543
35.42 -0.00756829688786
35.44 -0.00645077031121
35.46 -0.00533406992895
35.48 -0.00421939032121
35.5 -0.00310791051708
35.52 -0.00200079138916
35.54 -0.000899173102119
35.56 0.000195827422987
35.58 0.00128311892776
35.6 0.0023616382149
35.62 0.00343035243818
35.64 0.0044882612727
35.66 0.00553439904393
35.68 0.00656783667081
35.7 0.00758768353399
35.72 0.00859308920944
35.74 0.00958324502919
35.76 0.0105573855574
35.78 0.0115147898615
35.8 0.0124547826665
35.82 0.0133767353452
35.84 0.0142800667335
35.86 0.0151642438128
35.88 0.0160287822044
35.9 0.0168732465154
35.92 0.0176972505222
35.94 0.0185004571897
35.96 0.0192825785318
35.98 0.0200433753251
36.0 0.0207826566594
36.02 0.0215002793465
36.04 0.0221961471839
36.06 0.0228702100862
36.08 0.0235224630685
36.1 0.0241529451227
36.12 0.0247617379648
36.14 0.0253489646577
36.16 0.0259147881598
36.18 0.0264594097297
36.2 0.026983067288
36.22 0.0274860336596
36.24 0.0279686147474
36.26 0.0284311476714
36.28 0.0288739987887
36.3 0.0292975617212
36.32 0.0297022553038
36.34 0.0300885215171
36.36 0.0304568233719
36.38 0.0308076428146
36.4 0.0311414785699
36.42 0.0314588440324
36.44 0.0317602651251
36.46 0.0320462781964
36.48 0.0323174279229
36.5 0.0325742652511
36.52 0.0328173453635
36.54 0.0330472257049
36.56 0.0332644640386
36.58 0.0334696165682
36.6 0.0336632361388
36.62 0.0338458704628
36.64 0.0340180604797
36.66 0.0341803387458
36.68 0.034333227932
36.7 0.0344772394277
36.72 0.0346128719952
36.74 0.0347406105761
36.76 0.034860925161
36.78 0.0349742697875
36.8 0.0350810816311
36.82 0.0351817802289
36.84 0.0352767667883
36.86 0.0353664236346
36.88 0.0354511137539
36.9 0.0355311804608
36.92 0.0356069471695
36.94 0.0356787172922
36.96 0.0357467742135
36.98 0.0358113814158
37.0 0.0358727826588
37.02 0.0359312022906
37.04 0.0359868456378
37.06 0.0360398994718
37.08 0.0360905325768
37.1 0.0361388963634
37.12 0.0361851255727
37.14 0.036229339017
37.16 0.0362716403702
37.18 0.036312119012
37.2 0.0363508508799
37.22 0.036387899356
37.24 0.0364233161536
37.26 0.0364571422081
37.28 0.0364894085605
37.3 0.0365201372107
37.32 0.0365493419563
37.34 0.0365770291742
37.36 0.0366031985805
37.38 0.0366278439063
37.4 0.036650953538
37.42 0.0366725110706
37.44 0.0366924957929
37.46 0.0367108830925
37.48 0.0367276447781
37.5 0.0367427493092
37.52 0.0367561619435
37.54 0.0367678447863
37.56 0.0367777567594
37.58 0.0367858534685
37.6 0.0367920869946
37.62 0.0367964055924
37.64 0.036798753315
37.66 0.0367990695562
37.68 0.0367972885352
37.7 0.0367933387006
37.72 0.0367871420985
37.74 0.0367786136759
37.76 0.0367676605611
37.78 0.0367541812982
37.8 0.0367380650716
37.82 0.0367191909197
37.84 0.0366974269374
37.86 0.0366726294974
37.88 0.036644642485
37.9 0.0366132965581
37.92 0.036578408448
37.94 0.0365397803103
37.96 0.0364971991102
37.98 0.0364504361032
38.0 0.0363992463546
38.02 0.0363433683528
38.04 0.0362825237111
38.06 0.0362164169385
38.08 0.0361447353317
38.1 0.0360671489428
38.12 0.03598331067
38.14 0.0358928564386
38.16 0.0357954054978
38.18 0.035690560832
38.2 0.0355779096697
38.22 0.0354570241202
38.24 0.0353274619017
38.26 0.0351887672026
38.28 0.0350404716235
38.3 0.034882095247
38.32 0.0347131477954
38.34 0.0345331299018
38.36 0.0343415344479
38.38 0.0341378480376
38.4 0.0339215525016
38.42 0.0336921265298
38.44 0.0334490473524
38.46 0.0331917924838
38.48 0.0329198415578
38.5 0.0326326781816
38.52 0.0323297918656
38.54 0.0320106799744
38.56 0.0316748497309
38.58 0.0313218202194
38.6 0.0309511244334
38.62 0.0305623113136
38.64 0.0301549477948
38.66 0.0297286208472
38.68 0.0292829394947
38.7 0.0288175368219
38.72 0.0283320719355
38.74 0.0278262318919
38.76 0.0272997335738
38.78 0.0267523255292
38.8 0.0261837896862
38.82 0.0255939430826
38.84 0.0249826394395
38.86 0.0243497706699
38.88 0.0236952683215
38.9 0.0230191048538
38.92 0.0223212948787
38.94 0.0216018962146
38.96 0.0208610108709
38.98 0.020098785878
39.0 0.0193154139895
39.02 0.0185111342473
39.04 0.0176862324132
39.06 0.0168410412358
39.08 0.0159759405948
39.1 0.0150913574712
39.12 0.0141877657867
39.14 0.0132656860791
39.16 0.012325685019
39.18 0.0113683748049
39.2 0.010394412361
39.22 0.00940449844167
39.24 0.00839937653209
39.26 0.00737983166878
39.28 0.00634668907295
39.3 0.00530081267393
39.32 0.00424310351241
39.34 0.00317449800706
39.36 0.00209596612304
39.38 0.00100850942825
39.4 -8.68409437127e-05
39.42 -0.00118902642654
39.44 -0.00229696320793
39.46 -0.00340954453281
39.48 -0.00452564300228
39.5 -0.00564411298439
39.52 -0.00676379301132
39.54 -0.00788350825036
39.56 -0.00900207294828
39.58 -0.0101182929133
39.6 -0.0112309679912
39.62 -0.012338894513
39.64 -0.0134408677246
39.66 -0.0145356841927
39.68 -0.0156221441636
39.7 -0.016699053854
39.72 -0.0177652277164
39.74 -0.0188194906038
39.76 -0.0198606798734
39.78 -0.0208876474257
39.8 -0.0218992616218
39.82 -0.0228944091413
39.84 -0.0238719967311
39.86 -0.024830952849
39.88 -0.0257702292381
39.9 -0.0266888023309
39.92 -0.0275856746358
39.94 -0.0284598759505
39.96 -0.0293104645092
39.98 -0.030136527994
