0.0 0.116407688647
0.02 0.130855816555
0.04 0.145183685713
0.06 0.159384268142
0.08 0.173451016473
0.1 0.187377861765
0.12 0.20115920889
0.14 0.214789929211
0.16 0.228265350974
0.18 0.241581247558
0.2 0.254733823394
0.22 0.26771969824
0.24 0.280535889428
0.26 0.293179792751
0.28 0.305649161743
0.3 0.317942085835
0.32 0.330056967368
0.34 0.341992497819
0.36 0.353747633176
0.38 0.365321568904
0.4 0.376713714507
0.42 0.387923667847
0.44 0.398951189497
0.46 0.409796177225
0.48 0.420458640704
0.5 0.430938676689
0.52 0.441236444782
0.54 0.451352143896
0.56 0.461285989505
0.58 0.471038191964
0.6 0.480608935749
0.62 0.48999836003
0.64 0.49920654037
0.66 0.508233471926
0.68 0.517079053957
0.7 0.525743075947
0.72 0.534225205264
0.74 0.542524976435
0.76 0.550641782157
0.78 0.558574865898
0.8 0.566323316403
0.82 0.573886063762
0.84 0.581261877366
0.86 0.588449365574
0.88 0.595446977054
0.9 0.602253003906
0.92 0.608865586383
0.94 0.615282719267
0.96 0.621502259778
0.98 0.627521936972
1.0 0.633339362488
1.02 0.638952042728
1.04 0.644357392085
1.06 0.649552747392
1.08 0.654535383224
1.1 0.659302528218
1.12 0.663851381865
1.14 0.668179132111
1.16 0.672282973164
1.18 0.676160123717
1.2 0.679807845213
1.22 0.683223460025
1.24 0.686404369521
1.26 0.689348071669
1.28 0.692052178176
1.3 0.694514430906
1.32 0.696732717563
1.34 0.698705086243
1.36 0.70042975911
1.38 0.701905144656
1.4 0.703129848756
1.42 0.704102684231
1.44 0.704822678915
1.46 0.705289082107
1.48 0.705501369429
1.5 0.705459245896
1.52 0.705162647365
1.54 0.704611740157
1.56 0.703806919043
1.58 0.702748803445
1.6 0.701438232007
1.62 0.699876255549
1.64 0.698064128475
1.66 0.696003298669
1.68 0.693695396144
1.7 0.691142220233
1.72 0.688345725851
1.74 0.68530800859
1.76 0.68203128901
1.78 0.678517896168
1.8 0.674770250609
1.82 0.670790846867
1.84 0.666582235744
1.86 0.662147006504
1.88 0.657487769003
1.9 0.652607136198
1.92 0.647507706808
1.94 0.642192048726
1.96 0.636662682816
1.98 0.630922067774
2.0 0.62497258566
2.02 0.618816528734
2.04 0.612456087178
2.06 0.605893338358
2.08 0.599130237238
2.1 0.592168608378
2.12 0.585010139373
2.14 0.577656375943
2.16 0.570108718589
2.18 0.562368421044
2.2 0.554436590286
2.22 0.546314188437
2.24 0.538002036301
2.26 0.529500818654
2.28 0.520811091321
2.3 0.51193328988
2.32 0.502867740096
2.34 0.493614669927
2.36 0.484174223155
2.38 0.474546474506
2.4 0.464731446179
2.42 0.454729125818
2.44 0.444539485617
2.46 0.434162502754
2.48 0.423598180753
2.5 0.412846571845
2.52 0.401907800225
2.54 0.390782085847
2.56 0.379469768893
2.58 0.367971334692
2.6 0.356287438751
2.62 0.344418932018
2.64 0.332366886071
2.66 0.320132618055
2.68 0.307717715216
2.7 0.295124058953
2.72 0.282353848018
2.74 0.269409620882
2.76 0.256294276936
2.78 0.243011096516
2.8 0.229563759311
2.82 0.215956361329
2.84 0.202193429931
2.86 0.18827993695
2.88 0.17422130975
2.9 0.160023439872
2.92 0.1456926895
2.94 0.131235895171
2.96 0.116660369028
2.98 0.101973897247
3.0 0.0871847356939
3.02 0.0723016026828
3.04 0.0573336688979
3.06 0.0422905442304
3.08 0.027182261941
3.1 0.0120192596188
3.12 -0.0031876424013
3.14 -0.0184272656701
3.16 -0.0336881006882
3.18 -0.0489583367327
3.2 -0.0642258938958
3.22 -0.0794784575249
3.24 -0.0947035145474
3.26 -0.109888391729
3.28 -0.125020295441
3.3 -0.14008635282
3.32 -0.155073653851
3.34 -0.169969294422
3.36 -0.18476041974
3.38 -0.199434267817
3.4 -0.213978213027
3.42 -0.228379809122
3.44 -0.242626831354
3.46 -0.256707317792
3.48 -0.270609608994
3.5 -0.284322386215
3.52 -0.297834707563
3.54 -0.311136041964
3.56 -0.324216300831
3.58 -0.337065866672
3.6 -0.34967561939
3.62 -0.362036959122
3.64 -0.374141825882
3.66 -0.38598271632
3.68 -0.397552696574
3.7 -0.408845411955
3.72 -0.41985509312
3.74 -0.430576558682
3.76 -0.441005214444
3.78 -0.451137049078
3.8 -0.460968626739
3.82 -0.470497076115
3.84 -0.479720076769
3.86 -0.488635842183
3.88 -0.497243100433
3.9 -0.50554107171
3.92 -0.513529444252
3.94 -0.5212083474
3.96 -0.528578323152
3.98 -0.535640295924
4.0 -0.542395540727
4.02 -0.548845650467
4.04 -0.554992501951
4.06 -0.560838221305
4.08 -0.566385149176
4.1 -0.571635805018
4.12 -0.576592852706
4.14 -0.581259064386
4.16 -0.585637287339
4.18 -0.589730408742
4.2 -0.59354132388
4.22 -0.597072903544
4.24 -0.600327963507
4.26 -0.603309235687
4.28 -0.606019339807
4.3 -0.608460758229
4.32 -0.610635811141
4.34 -0.612546634753
4.36 -0.614195161446
4.38 -0.615583101618
4.4 -0.616711927781
4.42 -0.617582861836
4.44 -0.618196864111
4.46 -0.618554624006
4.48 -0.618656555352
4.5 -0.618502791464
4.52 -0.618093185528
4.54 -0.617427310736
4.56 -0.616504465773
4.58 -0.615323679872
4.6 -0.613883722995
4.62 -0.612183116784
4.64 -0.610220148306
4.66 -0.60799288613
4.68 -0.605499199065
4.7 -0.602736776463
4.72 -0.599703150458
4.74 -0.596395721215
4.76 -0.592811782495
4.78 -0.588948550372
4.8 -0.584803192424
4.82 -0.580372858572
4.84 -0.575654713964
4.86 -0.570645971008
4.88 -0.565343924812
4.9 -0.559745986482
4.92 -0.553849719369
4.94 -0.547652873518
4.96 -0.541153421379
4.98 -0.534349592546
5.0 -0.527239908216
5.02 -0.519823215013
5.04 -0.512098717357
5.06 -0.504066009215
5.08 -0.495725103541
5.1 -0.487076460687
5.12 -0.478121014577
5.14 -0.468860196258
5.16 -0.459295955739
5.18 -0.449430780564
5.2 -0.439267712017
5.22 -0.428810357956
5.24 -0.418062902805
5.26 -0.407030114136
5.28 -0.395717345885
5.3 -0.384130538197
5.32 -0.372276213746
5.34 -0.360161470522
5.36 -0.347793971081
5.38 -0.335181928589
5.4 -0.322334089117
5.42 -0.30925971077
5.44 -0.29596853998
5.46 -0.282470784179
5.48 -0.268777082168
5.5 -0.254898471647
5.52 -0.240846354342
5.54 -0.226632459096
5.56 -0.212268802962
5.58 -0.197767650831
5.6 -0.183141473703
5.62 -0.168402905957
5.64 -0.153564702053
5.66 -0.138639692681
5.68 -0.123640741064
5.7 -0.108580699508
5.72 -0.0934723662768
5.74 -0.0783284437147
5.76 -0.0631614971829
5.78 -0.0479839156489
5.8 -0.0328078737376
5.82 -0.0176452959257
5.84 -0.00250782257631
5.86 0.012593221503
5.88 0.0276468561667
5.9 0.0426424723636
5.92 0.0575698558915
5.94 0.0724192082862
5.96 0.0871811649021
5.98 0.101846809936
6.0 0.11640768864
6.02 0.130855816558
6.04 0.145183685712
6.06 0.159384268143
6.08 0.173451016472
6.1 0.187377861763
6.12 0.201159208894
6.14 0.214789929212
6.16 0.22826535097
6.18 0.24158124756
6.2 0.254733823398
6.22 0.267719698233
6.24 0.280535889433
6.26 0.293179792745
6.28 0.30564916175
6.3 0.317942085832
6.32 0.330056967369
6.34 0.341992497819
6.36 0.353747633176
6.38 0.365321568904
6.4 0.376713714508
6.42 0.387923667844
6.44 0.398951189499
6.46 0.409796177225
6.48 0.420458640706
6.5 0.430938676685
6.52 0.441236444787
6.54 0.45135214389
6.56 0.461285989507
6.58 0.471038191964
6.6 0.480608935747
6.62 0.489998360035
6.64 0.499206540365
6.66 0.508233471933
6.68 0.517079053954
6.7 0.52574307595
6.72 0.534225205258
6.74 0.542524976438
6.76 0.550641782154
6.78 0.558574865907
6.8 0.566323316396
6.82 0.57388606376
6.84 0.581261877374
6.86 0.58844936557
6.88 0.595446977056
6.9 0.602253003901
6.92 0.608865586385
6.94 0.615282719267
6.96 0.62150225978
6.98 0.62752193697
7.0 0.63333936249
7.02 0.638952042728
7.04 0.644357392085
7.06 0.649552747391
7.08 0.654535383225
7.1 0.659302528218
7.12 0.663851381865
7.14 0.668179132111
7.16 0.672282973164
7.18 0.676160123717
7.2 0.679807845213
7.22 0.683223460025
7.24 0.686404369521
7.26 0.689348071669
7.28 0.692052178176
7.3 0.694514430906
7.32 0.696732717563
7.34 0.698705086243
7.36 0.70042975911
7.38 0.701905144656
7.4 0.703129848756
7.42 0.704102684231
7.44 0.704822678915
7.46 0.705289082107
7.48 0.705501369429
7.5 0.705459245896
7.52 0.705162647365
7.54 0.704611740157
7.56 0.703806919043
7.58 0.702748803445
7.6 0.701438232007
7.62 0.699876255549
7.64 0.698064128473
7.66 0.696003298673
7.68 0.693695396142
7.7 0.691142220233
7.72 0.688345725851
7.74 0.68530800859
7.76 0.68203128901
7.78 0.678517896168
7.8 0.674770250608
7.82 0.670790846868
7.84 0.666582235746
7.86 0.662147006498
7.88 0.657487769011
7.9 0.652607136194
7.92 0.64750770681
7.94 0.642192048722
7.96 0.636662682818
7.98 0.630922067772
8.0 0.624972585664
8.02 0.618816528732
8.04 0.612456087178
8.06 0.605893338357
8.08 0.599130237239
8.1 0.592168608378
8.12 0.585010139371
8.14 0.577656375947
8.16 0.57010871859
8.18 0.562368421038
8.2 0.554436590287
8.22 0.546314188441
8.24 0.538002036298
8.26 0.529500818658
8.28 0.520811091316
8.3 0.511933289888
8.32 0.502867740091
8.34 0.493614669923
8.36 0.484174223162
8.38 0.474546474503
8.4 0.464731446178
8.42 0.45472912582
8.44 0.444539485619
8.46 0.434162502752
8.48 0.423598180752
8.5 0.412846571843
8.52 0.401907800229
8.54 0.390782085845
8.56 0.37946976889
8.58 0.367971334696
8.6 0.356287438749
8.62 0.344418932018
8.64 0.332366886071
8.66 0.320132618053
8.68 0.307717715219
8.7 0.295124058956
8.72 0.282353848014
8.74 0.269409620883
8.76 0.256294276935
8.78 0.243011096514
8.8 0.229563759315
8.82 0.215956361326
8.84 0.202193429933
8.86 0.188279936947
8.88 0.174221309754
8.9 0.160023439866
8.92 0.145692689508
8.94 0.131235895168
8.96 0.116660369026
8.98 0.101973897248
9.0 0.0871847356873
9.02 0.0723016026991
9.04 0.0573336688821
9.06 0.0422905442426
9.08 0.0271822619299
9.1 0.0120192596257
9.12 -0.00318764240928
9.14 -0.018427265658
9.16 -0.0336881006904
9.18 -0.0489583367404
9.2 -0.064225893892
9.22 -0.0794784575268
9.24 -0.0947035145406
9.26 -0.109888391736
9.28 -0.125020295438
9.3 -0.140086352822
9.32 -0.155073653847
9.34 -0.169969294426
9.36 -0.184760419737
9.38 -0.199434267815
9.4 -0.213978213035
9.42 -0.228379809119
9.44 -0.242626831354
9.46 -0.256707317792
9.48 -0.270609608994
9.5 -0.284322386215
9.52 -0.297834707563
9.54 -0.311136041964
9.56 -0.32421630084
9.58 -0.337065866654
9.6 -0.349675619399
9.62 -0.362036959122
9.64 -0.374141825882
9.66 -0.38598271632
9.68 -0.397552696583
9.7 -0.408845411938
9.72 -0.419855093129
9.74 -0.430576558682
9.76 -0.441005214444
9.78 -0.451137049078
9.8 -0.46096862674
9.82 -0.470497076113
9.84 -0.47972007677
9.86 -0.488635842183
9.88 -0.497243100433
9.9 -0.505541071722
9.92 -0.513529444228
9.94 -0.521208347412
9.96 -0.528578323163
9.98 -0.535640295903
10.0 -0.542395540738
10.02 -0.548845650467
10.04 -0.554992501951
10.06 -0.560838221305
10.08 -0.566385149176
10.1 -0.571635805033
10.12 -0.576592852676
10.14 -0.581259064401
10.16 -0.585637287339
10.18 -0.589730408742
10.2 -0.59354132388
10.22 -0.597072903544
10.24 -0.600327963507
10.26 -0.603309235687
10.28 -0.606019339807
10.3 -0.608460758229
10.32 -0.61063581111
10.34 -0.612546634814
10.36 -0.61419516143
10.38 -0.615583101588
10.4 -0.616711927796
10.42 -0.617582861836
10.44 -0.618196864111
10.46 -0.618554624006
10.48 -0.618656555352
10.5 -0.618502791464
10.52 -0.618093185528
10.54 -0.617427310736
10.56 -0.616504465773
10.58 -0.615323679872
10.6 -0.613883722995
10.62 -0.612183116784
10.64 -0.610220148306
10.66 -0.60799288613
10.68 -0.605499199065
10.7 -0.602736776463
10.72 -0.599703150458
10.74 -0.596395721215
10.76 -0.592811782495
10.78 -0.588948550372
10.8 -0.584803192424
10.82 -0.580372858572
10.84 -0.575654713964
10.86 -0.570645971008
10.88 -0.565343924812
10.9 -0.559745986482
10.92 -0.55384971938
10.94 -0.547652873495
10.96 -0.541153421391
10.98 -0.534349592546
11.0 -0.527239908216
11.02 -0.519823215013
11.04 -0.512098717357
11.06 -0.504066009224
11.08 -0.495725103523
11.1 -0.487076460696
11.12 -0.478121014577
11.14 -0.468860196263
11.16 -0.459295955728
11.18 -0.44943078057
11.2 -0.439267712017
11.22 -0.428810357956
11.24 -0.418062902814
11.26 -0.407030114118
11.28 -0.395717345894
11.3 -0.384130538197
11.32 -0.372276213746
11.34 -0.360161470522
11.36 -0.347793971079
11.38 -0.335181928593
11.4 -0.322334089116
11.42 -0.309259710767
11.44 -0.295968539986
11.46 -0.282470784176
11.48 -0.268777082168
11.5 -0.25489847165
11.52 -0.240846354334
11.54 -0.226632459103
11.56 -0.21226880295
11.58 -0.197767650843
11.6 -0.183141473699
11.62 -0.168402905957
11.64 -0.153564702053
11.66 -0.138639692679
11.68 -0.123640741068
11.7 -0.108580699506
11.72 -0.0934723662768
11.74 -0.0783284437147
11.76 -0.0631614971848
11.78 -0.0479839156393
11.8 -0.0328078737548
11.82 -0.0176452959122
11.84 -0.00250782258016
11.86 0.0125932215052
11.88 0.0276468561654
11.9 0.0426424723667
11.92 0.0575698558806
11.94 0.0724192082932
11.96 0.0871811649021
11.98 0.101846809932
12.0 0.116407688651
12.02 0.130855816545
12.04 0.145183685721
12.06 0.15938426814
12.08 0.173451016473
12.1 0.187377861765
12.12 0.201159208894
12.14 0.214789929204
12.16 0.228265350976
12.18 0.241581247561
12.2 0.254733823393
12.22 0.26771969824
12.24 0.280535889427
12.26 0.293179792754
12.28 0.305649161741
12.3 0.317942085834
12.32 0.33005696737
12.34 0.341992497815
12.36 0.35374763318
12.38 0.365321568902
12.4 0.376713714508
12.42 0.387923667844
12.44 0.398951189499
12.46 0.409796177224
12.48 0.420458640708
12.5 0.430938676687
12.52 0.441236444782
12.54 0.451352143895
12.56 0.461285989504
12.58 0.471038191967
12.6 0.480608935748
12.62 0.48999836003
12.64 0.49920654037
12.66 0.508233471927
12.68 0.517079053954
12.7 0.525743075952
12.72 0.534225205262
12.74 0.542524976435
12.76 0.550641782157
12.78 0.558574865899
12.8 0.566323316403
12.82 0.573886063758
12.84 0.581261877374
12.86 0.58844936557
12.88 0.595446977055
12.9 0.602253003904
12.92 0.608865586384
12.94 0.615282719267
12.96 0.62150225978
12.98 0.62752193697
13.0 0.633339362492
13.02 0.638952042724
13.04 0.644357392087
13.06 0.649552747391
13.08 0.654535383227
13.1 0.659302528213
13.12 0.66385138187
13.14 0.66817913211
13.16 0.672282973163
13.18 0.676160123718
13.2 0.679807845212
13.22 0.683223460027
13.24 0.686404369516
13.26 0.689348071671
13.28 0.692052178176
13.3 0.694514430906
13.32 0.696732717563
13.34 0.698705086243
13.36 0.70042975911
13.38 0.701905144656
13.4 0.703129848756
13.42 0.704102684231
13.44 0.704822678915
13.46 0.705289082107
13.48 0.705501369429
13.5 0.705459245896
13.52 0.705162647365
13.54 0.704611740157
13.56 0.703806919043
13.58 0.702748803445
13.6 0.701438232007
13.62 0.699876255549
13.64 0.698064128473
13.66 0.696003298673
13.68 0.693695396142
13.7 0.691142220233
13.72 0.68834572585
13.74 0.685308008592
13.76 0.682031289009
13.78 0.678517896169
13.8 0.674770250607
13.82 0.670790846869
13.84 0.666582235746
13.86 0.662147006498
13.88 0.657487769012
13.9 0.652607136193
13.92 0.647507706809
13.94 0.642192048723
13.96 0.63666268282
13.98 0.630922067774
14.0 0.624972585659
14.02 0.618816528732
14.04 0.612456087182
14.06 0.605893338355
14.08 0.599130237235
14.1 0.592168608381
14.12 0.585010139377
14.14 0.577656375939
14.16 0.570108718589
14.18 0.562368421041
14.2 0.55443659029
14.22 0.546314188435
14.24 0.5380020363
14.26 0.529500818658
14.28 0.520811091316
14.3 0.511933289884
14.32 0.502867740093
14.34 0.493614669934
14.36 0.484174223151
14.38 0.474546474502
14.4 0.464731446185
14.42 0.454729125818
14.44 0.444539485616
14.46 0.434162502754
14.48 0.423598180752
14.5 0.412846571843
14.52 0.401907800227
14.54 0.390782085846
14.56 0.379469768895
14.58 0.367971334691
14.6 0.356287438748
14.62 0.344418932022
14.64 0.332366886077
14.66 0.320132618045
14.68 0.307717715221
14.7 0.295124058956
14.72 0.282353848015
14.74 0.269409620877
14.76 0.256294276946
14.78 0.243011096514
14.8 0.229563759304
14.82 0.215956361333
14.84 0.202193429932
14.86 0.188279936952
14.88 0.174221309745
14.9 0.160023439876
14.92 0.145692689498
14.94 0.13123589517
14.96 0.116660369028
14.98 0.101973897251
15.0 0.0871847356913
15.02 0.0723016026837
15.04 0.0573336688901
15.06 0.0422905442424
15.08 0.0271822619371
15.1 0.0120192596177
15.12 -0.0031876424013
15.14 -0.0184272656701
15.16 -0.0336881006874
15.18 -0.0489583367365
15.2 -0.0642258938907
15.22 -0.079478457527
15.24 -0.0947035145474
15.26 -0.109888391727
15.28 -0.125020295445
15.3 -0.14008635282
15.32 -0.155073653847
15.34 -0.169969294424
15.36 -0.184760419737
15.38 -0.19943426782
15.4 -0.213978213031
15.42 -0.228379809122
15.44 -0.242626831346
15.46 -0.256707317796
15.48 -0.27060960899
15.5 -0.284322386225
15.52 -0.297834707554
15.54 -0.311136041973
15.56 -0.32421630082
15.58 -0.337065866678
15.6 -0.34967561939
15.62 -0.362036959122
15.64 -0.374141825882
15.66 -0.38598271632
15.68 -0.397552696574
15.7 -0.408845411955
15.72 -0.41985509312
15.74 -0.430576558682
15.76 -0.441005214444
15.78 -0.451137049078
15.8 -0.46096862674
15.82 -0.470497076113
15.84 -0.47972007677
15.86 -0.488635842192
15.88 -0.497243100415
15.9 -0.50554107173
15.92 -0.513529444231
15.94 -0.52120834741
15.96 -0.528578323163
15.98 -0.535640295903
16.0 -0.542395540738
16.02 -0.548845650467
16.04 -0.554992501951
16.06 -0.560838221305
16.08 -0.566385149176
16.1 -0.571635805018
16.12 -0.576592852706
16.14 -0.581259064386
16.16 -0.585637287338
16.18 -0.589730408744
16.2 -0.59354132388
16.22 -0.597072903544
16.24 -0.600327963507
16.26 -0.603309235687
16.28 -0.606019339807
16.3 -0.608460758229
16.32 -0.610635811141
16.34 -0.612546634753
16.36 -0.614195161446
16.38 -0.615583101618
16.4 -0.616711927781
16.42 -0.617582861836
16.44 -0.618196864111
16.46 -0.618554624006
16.48 -0.618656555352
16.5 -0.618502791464
16.52 -0.618093185528
16.54 -0.617427310736
16.56 -0.616504465773
16.58 -0.615323679872
16.6 -0.613883722964
16.62 -0.612183116845
16.64 -0.610220148275
16.66 -0.60799288613
16.68 -0.605499199065
16.7 -0.602736776463
16.72 -0.599703150458
16.74 -0.596395721215
16.76 -0.592811782495
16.78 -0.588948550372
16.8 -0.584803192424
16.82 -0.580372858572
16.84 -0.575654713949
16.86 -0.57064597104
16.88 -0.565343924797
16.9 -0.559745986482
16.92 -0.553849719369
16.94 -0.547652873518
16.96 -0.541153421379
16.98 -0.534349592546
17.0 -0.527239908216
17.02 -0.519823215001
17.04 -0.512098717381
17.06 -0.504066009211
17.08 -0.495725103523
17.1 -0.487076460696
17.12 -0.478121014576
17.14 -0.46886019626
17.16 -0.459295955731
17.18 -0.449430780572
17.2 -0.439267712016
17.22 -0.428810357962
17.24 -0.418062902799
17.26 -0.407030114136
17.28 -0.395717345885
17.3 -0.384130538197
17.32 -0.372276213753
17.34 -0.360161470508
17.36 -0.347793971088
17.38 -0.335181928595
17.4 -0.322334089097
17.42 -0.309259710797
17.44 -0.295968539965
17.46 -0.282470784182
17.48 -0.268777082165
17.5 -0.254898471654
17.52 -0.240846354332
17.54 -0.226632459099
17.56 -0.212268802962
17.58 -0.197767650828
17.6 -0.183141473705
17.62 -0.16840290596
17.64 -0.153564702061
17.66 -0.138639692668
17.68 -0.123640741068
17.7 -0.108580699502
17.72 -0.0934723662886
17.74 -0.0783284437088
17.76 -0.0631614971819
17.78 -0.047983915651
17.8 -0.0328078737365
17.82 -0.0176452959216
17.84 -0.00250782258038
17.86 0.0125932214978
17.88 0.027646856173
17.9 0.0426424723656
17.92 0.0575698558888
17.94 0.0724192082823
17.96 0.0871811649091
17.98 0.101846809929
18.0 0.116407688644
18.02 0.13085581656
18.04 0.145183685709
18.06 0.159384268151
18.08 0.173451016454
18.1 0.187377861783
18.12 0.201159208891
18.14 0.214789929199
18.16 0.228265350981
18.18 0.241581247559
18.2 0.254733823397
18.22 0.267719698231
18.24 0.280535889433
18.26 0.293179792753
18.28 0.305649161743
18.3 0.317942085821
18.32 0.330056967384
18.34 0.341992497813
18.36 0.353747633175
18.38 0.365321568909
18.4 0.376713714506
18.42 0.387923667845
18.44 0.398951189496
18.46 0.409796177228
18.48 0.420458640706
18.5 0.430938676689
18.52 0.441236444772
18.54 0.451352143903
18.56 0.461285989509
18.58 0.471038191955
18.6 0.480608935757
18.62 0.489998360028
18.64 0.499206540372
18.66 0.508233471923
18.68 0.517079053959
18.7 0.52574307595
18.72 0.534225205261
18.74 0.542524976431
18.76 0.55064178216
18.78 0.558574865903
18.8 0.566323316398
18.82 0.573886063766
18.84 0.581261877364
18.86 0.588449365577
18.88 0.595446977047
18.9 0.602253003911
18.92 0.608865586379
18.94 0.615282719272
18.96 0.621502259776
18.98 0.627521936972
19.0 0.633339362489
19.02 0.638952042728
19.04 0.644357392085
19.06 0.64955274739
19.08 0.654535383228
19.1 0.659302528214
19.12 0.663851381869
19.14 0.668179132109
19.16 0.672282973163
19.18 0.676160123716
19.2 0.679807845215
19.22 0.683223460025
19.24 0.686404369521
19.26 0.689348071669
19.28 0.692052178176
19.3 0.694514430906
19.32 0.696732717563
19.34 0.698705086242
19.36 0.70042975911
19.38 0.701905144654
19.4 0.70312984876
19.42 0.704102684229
19.44 0.704822678915
19.46 0.705289082107
19.48 0.705501369429
19.5 0.705459245896
19.52 0.705162647365
19.54 0.704611740157
19.56 0.703806919043
19.58 0.702748803445
19.6 0.701438232008
19.62 0.699876255546
19.64 0.698064128476
19.66 0.696003298669
19.68 0.693695396144
19.7 0.691142220233
19.72 0.68834572585
19.74 0.68530800859
19.76 0.682031289013
19.78 0.678517896165
19.8 0.674770250611
19.82 0.670790846868
19.84 0.666582235745
19.86 0.6621470065
19.88 0.657487769005
19.9 0.652607136198
19.92 0.647507706809
19.94 0.642192048723
19.96 0.636662682822
19.98 0.630922067771
20.0 0.624972585663
20.02 0.618816528729
20.04 0.612456087189
20.06 0.605893338347
20.08 0.599130237241
20.1 0.592168608374
20.12 0.585010139381
20.14 0.577656375939
20.16 0.570108718589
20.18 0.562368421039
20.2 0.554436590292
20.22 0.546314188435
20.24 0.538002036301
20.26 0.52950081866
20.28 0.520811091312
20.3 0.511933289884
20.32 0.502867740094
20.34 0.493614669932
20.36 0.484174223156
20.38 0.474546474495
20.4 0.464731446191
20.42 0.454729125812
20.44 0.444539485623
20.46 0.434162502744
20.48 0.423598180758
20.5 0.412846571849
20.52 0.401907800222
20.54 0.390782085843
20.56 0.379469768895
20.58 0.367971334698
20.6 0.356287438749
20.62 0.344418932007
20.64 0.332366886088
20.66 0.32013261804
20.68 0.307717715226
20.7 0.295124058954
20.72 0.282353848014
20.74 0.269409620874
20.76 0.256294276944
20.78 0.243011096521
20.8 0.229563759303
20.82 0.215956361327
20.84 0.202193429941
20.86 0.188279936942
20.88 0.174221309757
20.9 0.160023439866
20.92 0.145692689504
20.94 0.131235895174
20.96 0.116660369021
20.98 0.101973897247
21.0 0.0871847357059
21.02 0.0723016026687
21.04 0.0573336689024
21.06 0.0422905442282
21.08 0.0271822619509
21.1 0.0120192596041
21.12 -0.00318764238967
21.14 -0.0184272656681
21.16 -0.0336881006998
21.18 -0.0489583367252
21.2 -0.0642258939003
21.22 -0.0794784575211
21.24 -0.0947035145406
21.26 -0.109888391742
21.28 -0.125020295436
21.3 -0.140086352824
21.32 -0.155073653839
21.34 -0.169969294435
21.36 -0.184760419723
21.38 -0.199434267827
21.4 -0.213978213031
21.42 -0.228379809122
21.44 -0.242626831344
21.46 -0.2567073178
21.48 -0.270609608988
21.5 -0.284322386231
21.52 -0.297834707543
21.54 -0.311136041978
21.56 -0.324216300823
21.58 -0.337065866671
21.6 -0.349675619394
21.62 -0.362036959122
21.64 -0.374141825881
21.66 -0.385982716322
21.68 -0.397552696582
21.7 -0.408845411938
21.72 -0.419855093119
21.74 -0.430576558702
21.76 -0.441005214434
21.78 -0.451137049084
21.8 -0.460968626729
21.82 -0.470497076119
21.84 -0.47972007677
21.86 -0.488635842192
21.88 -0.497243100415
21.9 -0.50554107173
21.92 -0.513529444231
21.94 -0.52120834741
21.96 -0.528578323152
21.98 -0.535640295924
22.0 -0.542395540729
22.02 -0.548845650467
22.04 -0.554992501951
22.06 -0.560838221305
22.08 -0.566385149176
22.1 -0.571635805018
22.12 -0.576592852706
22.14 -0.581259064386
22.16 -0.585637287339
22.18 -0.589730408742
22.2 -0.59354132388
22.22 -0.597072903544
22.24 -0.600327963509
22.26 -0.603309235686
22.28 -0.606019339807
22.3 -0.608460758229
22.32 -0.61063581111
22.34 -0.612546634845
22.36 -0.614195161352
22.38 -0.61558310165
22.4 -0.616711927781
22.42 -0.617582861836
22.44 -0.618196864111
22.46 -0.618554624006
22.48 -0.618656555352
22.5 -0.618502791464
22.52 -0.618093185528
22.54 -0.617427310736
22.56 -0.616504465773
22.58 -0.615323679872
22.6 -0.613883722995
22.62 -0.612183116784
22.64 -0.610220148306
22.66 -0.60799288613
22.68 -0.605499199064
22.7 -0.602736776464
22.72 -0.599703150458
22.74 -0.596395721215
22.76 -0.592811782494
22.78 -0.588948550374
22.8 -0.584803192423
22.82 -0.580372858572
22.84 -0.575654713964
22.86 -0.570645971023
22.88 -0.565343924784
22.9 -0.559745986496
22.92 -0.553849719369
22.94 -0.547652873518
22.96 -0.541153421379
22.98 -0.534349592546
23.0 -0.527239908216
23.02 -0.519823215013
23.04 -0.512098717357
23.06 -0.504066009217
23.08 -0.495725103537
23.1 -0.487076460683
23.12 -0.478121014589
23.14 -0.468860196252
23.16 -0.459295955732
23.18 -0.449430780572
23.2 -0.439267712033
23.22 -0.428810357926
23.24 -0.418062902818
23.26 -0.40703011414
23.28 -0.395717345881
23.3 -0.384130538194
23.32 -0.372276213759
23.34 -0.360161470505
23.36 -0.347793971088
23.38 -0.335181928595
23.4 -0.322334089097
23.42 -0.309259710792
23.44 -0.295968539976
23.46 -0.282470784171
23.48 -0.268777082177
23.5 -0.254898471635
23.52 -0.240846354354
23.54 -0.226632459094
23.56 -0.212268802959
23.58 -0.197767650827
23.6 -0.183141473702
23.62 -0.16840290597
23.64 -0.15356470205
23.66 -0.138639692664
23.68 -0.123640741085
23.7 -0.108580699494
23.72 -0.0934723662886
23.74 -0.0783284437029
23.76 -0.0631614971937
23.78 -0.0479839156451
23.8 -0.0328078737327
23.82 -0.0176452959293
23.84 -0.00250782257653
23.86 0.0125932215011
23.88 0.0276468561665
23.9 0.0426424723727
23.92 0.057569855871
23.94 0.072419208312
23.96 0.0871811648876
23.98 0.10184680993
24.0 0.116407688653
24.02 0.130855816555
24.04 0.145183685709
24.06 0.159384268144
24.08 0.173451016466
24.1 0.187377861782
24.12 0.201159208879
24.14 0.214789929211
24.16 0.228265350971
24.18 0.241581247567
24.2 0.254733823387
24.22 0.267719698237
24.24 0.280535889434
24.26 0.293179792752
24.28 0.305649161743
24.3 0.317942085827
24.32 0.330056967371
24.34 0.341992497819
24.36 0.353747633175
24.38 0.365321568915
24.4 0.376713714493
24.42 0.387923667848
24.44 0.398951189503
24.46 0.409796177224
24.48 0.420458640706
24.5 0.430938676683
24.52 0.441236444784
24.54 0.451352143901
24.56 0.461285989498
24.58 0.471038191971
24.6 0.480608935741
24.62 0.48999836004
24.64 0.499206540365
24.66 0.508233471924
24.68 0.517079053963
24.7 0.525743075944
24.72 0.53422520526
24.74 0.54252497645
24.76 0.550641782142
24.78 0.558574865908
24.8 0.566323316398
24.82 0.573886063769
24.84 0.58126187736
24.86 0.588449365573
24.88 0.595446977056
24.9 0.602253003908
24.92 0.608865586379
24.94 0.61528271927
24.96 0.621502259779
24.98 0.627521936975
25.0 0.633339362482
25.02 0.638952042733
25.04 0.644357392081
25.06 0.649552747389
25.08 0.654535383234
25.1 0.659302528211
25.12 0.663851381869
25.14 0.668179132107
25.16 0.672282973163
25.18 0.676160123724
25.2 0.679807845206
25.22 0.683223460029
25.24 0.686404369516
25.26 0.689348071673
25.28 0.692052178172
25.3 0.694514430908
25.32 0.696732717563
25.34 0.698705086242
25.36 0.70042975911
25.38 0.701905144656
25.4 0.703129848756
25.42 0.704102684231
25.44 0.704822678915
25.46 0.705289082107
25.48 0.705501369429
25.5 0.705459245896
25.52 0.705162647365
25.54 0.704611740157
25.56 0.703806919043
25.58 0.702748803445
25.6 0.701438232009
25.62 0.699876255545
25.64 0.698064128476
25.66 0.696003298669
25.68 0.693695396144
25.7 0.691142220232
25.72 0.688345725852
25.74 0.685308008592
25.76 0.682031289009
25.78 0.678517896168
25.8 0.674770250609
25.82 0.670790846867
25.84 0.666582235749
25.86 0.662147006499
25.88 0.657487769005
25.9 0.652607136193
25.92 0.647507706817
25.94 0.642192048722
25.96 0.636662682816
25.98 0.630922067774
26.0 0.624972585663
26.02 0.618816528733
26.04 0.612456087173
26.06 0.605893338363
26.08 0.599130237242
26.1 0.592168608365
26.12 0.585010139385
26.14 0.577656375932
26.16 0.570108718599
26.18 0.562368421044
26.2 0.554436590276
26.22 0.54631418845
26.24 0.5380020363
26.26 0.529500818643
26.28 0.52081109133
26.3 0.511933289878
26.32 0.502867740092
26.34 0.493614669933
26.36 0.484174223149
26.38 0.474546474516
26.4 0.464731446174
26.42 0.454729125816
26.44 0.444539485616
26.46 0.434162502761
26.48 0.423598180738
26.5 0.412846571865
26.52 0.401907800224
26.54 0.390782085826
26.56 0.379469768908
26.58 0.367971334683
26.6 0.35628743876
26.62 0.344418932019
26.64 0.332366886059
26.66 0.320132618072
26.68 0.307717715211
26.7 0.295124058941
26.72 0.282353848031
26.74 0.269409620873
26.76 0.25629427694
26.78 0.243011096513
26.8 0.22956375931
26.82 0.215956361343
26.84 0.202193429921
26.86 0.188279936947
26.88 0.17422130975
26.9 0.160023439881
26.92 0.145692689488
26.94 0.131235895187
26.96 0.116660369021
26.98 0.101973897237
27.0 0.0871847357048
27.02 0.0723016026729
27.04 0.0573336689063
27.06 0.0422905442354
27.08 0.0271822619268
27.1 0.0120192596368
27.12 -0.00318764240928
27.14 -0.0184272656742
27.16 -0.0336881006878
27.18 -0.0489583367331
27.2 -0.0642258938926
27.22 -0.0794784575171
27.24 -0.09470351457
27.26 -0.109888391707
27.28 -0.12502029545
27.3 -0.140086352824
27.32 -0.15507365384
27.34 -0.169969294428
27.36 -0.18476041975
27.38 -0.199434267798
27.4 -0.21397821303
27.42 -0.228379809139
27.44 -0.242626831339
27.46 -0.2567073178
27.48 -0.270609608988
27.5 -0.284322386219
27.52 -0.297834707554
27.54 -0.311136041973
27.56 -0.324216300834
27.58 -0.337065866668
27.6 -0.349675619383
27.62 -0.362036959129
27.64 -0.374141825881
27.66 -0.385982716319
27.68 -0.397552696579
27.7 -0.408845411953
27.72 -0.41985509312
27.74 -0.430576558682
27.76 -0.441005214448
27.78 -0.451137049075
27.8 -0.46096862674
27.82 -0.470497076106
27.84 -0.479720076776
27.86 -0.488635842192
27.88 -0.497243100415
27.9 -0.50554107173
27.92 -0.51352944425
27.94 -0.521208347373
27.96 -0.528578323192
27.98 -0.535640295884
28.0 -0.542395540748
28.02 -0.54884565048
28.04 -0.554992501926
28.06 -0.560838221317
28.08 -0.566385149176
28.1 -0.57163580501
28.12 -0.576592852724
28.14 -0.581259064377
28.16 -0.585637287338
28.18 -0.589730408744
28.2 -0.59354132388
28.22 -0.597072903544
28.24 -0.600327963531
28.26 -0.60330923564
28.28 -0.60601933983
28.3 -0.608460758229
28.32 -0.610635811141
28.34 -0.612546634753
28.36 -0.61419516146
28.38 -0.615583101588
28.4 -0.616711927796
28.42 -0.617582861836
28.44 -0.618196864111
28.46 -0.618554624006
28.48 -0.618656555352
28.5 -0.618502791464
28.52 -0.618093185528
28.54 -0.617427310736
28.56 -0.616504465773
28.58 -0.615323679872
28.6 -0.613883722964
28.62 -0.612183116845
28.64 -0.610220148275
28.66 -0.60799288613
28.68 -0.605499199065
28.7 -0.602736776463
28.72 -0.599703150458
28.74 -0.596395721215
28.76 -0.592811782495
28.78 -0.588948550372
28.8 -0.584803192424
28.82 -0.580372858587
28.84 -0.575654713919
28.86 -0.570645971055
28.88 -0.565343924797
28.9 -0.559745986484
28.92 -0.553849719365
28.94 -0.54765287352
28.96 -0.541153421379
28.98 -0.534349592556
29.0 -0.527239908196
29.02 -0.519823215023
29.04 -0.512098717357
29.06 -0.504066009217
29.08 -0.495725103537
29.1 -0.487076460689
29.12 -0.478121014577
29.14 -0.468860196258
29.16 -0.459295955739
29.18 -0.449430780558
29.2 -0.439267712023
29.22 -0.428810357962
29.24 -0.418062902801
29.26 -0.407030114132
29.28 -0.395717345885
29.3 -0.384130538201
29.32 -0.372276213743
29.34 -0.360161470516
29.36 -0.347793971096
29.38 -0.335181928593
29.4 -0.322334089085
29.42 -0.309259710803
29.44 -0.295968539966
29.46 -0.28247078418
29.48 -0.268777082166
29.5 -0.254898471643
29.52 -0.240846354349
29.54 -0.226632459103
29.56 -0.212268802948
29.58 -0.197767650833
29.6 -0.183141473707
29.62 -0.168402905951
29.64 -0.153564702064
29.66 -0.138639692672
29.68 -0.123640741061
29.7 -0.10858069952
29.72 -0.0934723662596
29.74 -0.0783284437301
29.76 -0.0631614971829
29.78 -0.047983915637
29.8 -0.0328078737467
29.82 -0.0176452959334
29.84 -0.00250782256046
29.86 0.0125932214959
29.88 0.0276468561689
29.9 0.0426424723656
29.92 0.0575698558888
29.94 0.072419208288
29.96 0.0871811648999
29.98 0.101846809927
30.0 0.116407688651
30.02 0.130855816557
30.04 0.145183685707
30.06 0.159384268157
30.08 0.173451016454
30.1 0.187377861768
30.12 0.201159208912
30.14 0.214789929183
30.16 0.228265350993
30.18 0.241581247551
30.2 0.254733823391
30.22 0.26771969825
30.24 0.280535889417
30.26 0.29317979275
30.28 0.305649161754
30.3 0.317942085827
30.32 0.330056967375
30.34 0.341992497815
30.36 0.353747633179
30.38 0.365321568906
30.4 0.376713714506
30.42 0.387923667831
30.44 0.398951189511
30.46 0.409796177226
30.48 0.420458640699
30.5 0.430938676698
30.52 0.441236444772
30.54 0.45135214389
30.56 0.461285989516
30.58 0.471038191962
30.6 0.48060893575
30.62 0.489998360029
30.64 0.499206540374
30.66 0.508233471924
30.68 0.517079053957
30.7 0.52574307594
30.72 0.53422520527
30.74 0.542524976439
30.76 0.550641782144
30.78 0.558574865919
30.8 0.566323316386
30.82 0.573886063777
30.84 0.581261877353
30.86 0.588449365573
30.88 0.595446977066
30.9 0.602253003895
30.92 0.608865586387
30.94 0.61528271927
30.96 0.621502259777
30.98 0.627521936967
31.0 0.633339362494
31.02 0.638952042729
31.04 0.644357392083
31.06 0.64955274739
31.08 0.654535383228
31.1 0.659302528216
31.12 0.663851381866
31.14 0.668179132106
31.16 0.672282973166
31.18 0.676160123721
31.2 0.679807845207
31.22 0.683223460031
31.24 0.686404369516
31.26 0.689348071672
31.28 0.692052178173
31.3 0.694514430908
31.32 0.696732717565
31.34 0.698705086239
31.36 0.700429759111
31.38 0.701905144656
31.4 0.703129848756
31.42 0.704102684231
31.44 0.704822678915
31.46 0.705289082107
31.48 0.705501369429
31.5 0.705459245896
31.52 0.705162647365
31.54 0.704611740155
31.56 0.703806919047
31.58 0.702748803443
31.6 0.701438232007
31.62 0.699876255549
31.64 0.698064128475
31.66 0.696003298667
31.68 0.693695396148
31.7 0.691142220228
31.72 0.688345725855
31.74 0.685308008593
31.76 0.682031288999
31.78 0.67851789618
31.8 0.674770250606
31.82 0.670790846865
31.84 0.666582235747
31.86 0.662147006503
31.88 0.657487769006
31.9 0.652607136193
31.92 0.64750770681
31.94 0.642192048723
31.96 0.636662682822
31.98 0.630922067765
32.0 0.624972585676
32.02 0.618816528722
32.04 0.61245608718
32.06 0.605893338355
32.08 0.599130237244
32.1 0.592168608365
32.12 0.58501013939
32.14 0.577656375925
32.16 0.570108718606
32.18 0.562368421044
32.2 0.554436590267
32.22 0.546314188458
32.24 0.538002036291
32.26 0.529500818656
32.28 0.520811091316
32.3 0.511933289893
32.32 0.502867740088
32.34 0.493614669926
32.36 0.484174223154
32.38 0.474546474503
32.4 0.464731446185
32.42 0.454729125811
32.44 0.44453948563
32.46 0.434162502746
32.48 0.423598180749
32.5 0.412846571848
32.52 0.401907800239
32.54 0.390782085813
32.56 0.379469768925
32.58 0.367971334669
32.6 0.356287438767
32.62 0.34441893202
32.64 0.332366886054
32.66 0.320132618073
32.68 0.307717715207
32.7 0.29512405895
32.72 0.282353848033
32.74 0.269409620868
32.76 0.256294276935
32.78 0.24301109652
32.8 0.229563759306
32.82 0.215956361334
32.84 0.202193429928
32.86 0.188279936952
32.88 0.174221309761
32.9 0.16002343986
32.92 0.145692689502
32.94 0.131235895172
32.96 0.116660369034
32.98 0.101973897227
33.0 0.0871847357183
33.02 0.0723016026641
33.04 0.0573336689085
33.06 0.0422905442404
33.08 0.0271822619124
33.1 0.0120192596472
33.12 -0.00318764241921
33.14 -0.0184272656587
33.16 -0.0336881006895
33.18 -0.0489583367391
33.2 -0.0642258938975
33.22 -0.0794784575211
33.24 -0.0947035145474
33.26 -0.109888391727
33.28 -0.125020295452
33.3 -0.140086352814
33.32 -0.155073653836
33.34 -0.169969294434
33.36 -0.184760419742
33.38 -0.199434267817
33.4 -0.213978213015
33.42 -0.228379809147
33.44 -0.242626831332
33.46 -0.256707317795
33.48 -0.270609609005
33.5 -0.284322386201
33.52 -0.297834707575
33.54 -0.311136041962
33.56 -0.324216300833
33.58 -0.337065866672
33.6 -0.349675619388
33.62 -0.362036959115
33.64 -0.374141825887
33.66 -0.385982716321
33.68 -0.397552696574
33.7 -0.408845411955
33.72 -0.419855093127
33.74 -0.430576558673
33.76 -0.44100521444
33.78 -0.451137049089
33.8 -0.460968626728
33.82 -0.470497076129
33.84 -0.479720076751
33.86 -0.488635842209
33.88 -0.497243100399
33.9 -0.505541071739
33.92 -0.513529444246
33.94 -0.521208347375
33.96 -0.528578323192
33.98 -0.535640295884
34.0 -0.542395540759
34.02 -0.548845650457
34.04 -0.554992501924
34.06 -0.560838221358
34.08 -0.566385149134
34.1 -0.571635805033
34.12 -0.576592852706
34.14 -0.581259064386
34.16 -0.585637287339
34.18 -0.589730408742
34.2 -0.59354132388
34.22 -0.597072903544
34.24 -0.600327963507
34.26 -0.603309235687
34.28 -0.606019339807
34.3 -0.608460758229
34.32 -0.610635811141
34.34 -0.612546634722
34.36 -0.614195161522
34.38 -0.615583101558
34.4 -0.616711927796
34.42 -0.617582861836
34.44 -0.618196864111
34.46 -0.618554624006
34.48 -0.618656555352
34.5 -0.618502791464
34.52 -0.618093185528
34.54 -0.617427310736
34.56 -0.616504465758
34.58 -0.615323679902
34.6 -0.613883722978
34.62 -0.612183116785
34.64 -0.610220148306
34.66 -0.60799288613
34.68 -0.605499199065
34.7 -0.602736776463
34.72 -0.599703150458
34.74 -0.596395721238
34.76 -0.592811782449
34.78 -0.588948550394
34.8 -0.584803192426
34.82 -0.580372858586
34.84 -0.575654713919
34.86 -0.570645971055
34.88 -0.565343924797
34.9 -0.559745986484
34.92 -0.553849719377
34.94 -0.547652873497
34.96 -0.541153421391
34.98 -0.534349592546
35.0 -0.527239908216
35.02 -0.519823215013
35.04 -0.512098717357
35.06 -0.504066009215
35.08 -0.495725103541
35.1 -0.487076460687
35.12 -0.478121014578
35.14 -0.468860196256
35.16 -0.45929595574
35.18 -0.449430780551
35.2 -0.439267712037
35.22 -0.428810357955
35.24 -0.418062902801
35.26 -0.407030114132
35.28 -0.395717345879
35.3 -0.384130538212
35.32 -0.372276213749
35.34 -0.360161470492
35.36 -0.347793971111
35.38 -0.335181928574
35.4 -0.322334089121
35.42 -0.309259710761
35.44 -0.295968539989
35.46 -0.28247078418
35.48 -0.26877708217
35.5 -0.254898471642
35.52 -0.240846354336
35.54 -0.226632459109
35.56 -0.212268802951
35.58 -0.19776765083
35.6 -0.183141473718
35.62 -0.168402905943
35.64 -0.153564702065
35.66 -0.138639692674
35.68 -0.123640741055
35.7 -0.108580699526
35.72 -0.0934723662575
35.74 -0.0783284437304
35.76 -0.0631614971887
35.78 -0.0479839156252
35.8 -0.0328078737624
35.82 -0.0176452959097
35.84 -0.00250782257845
35.86 0.0125932215032
35.88 0.0276468561676
35.9 0.0426424723606
35.92 0.0575698558797
35.94 0.0724192083046
35.96 0.0871811648991
35.98 0.10184680993
36.0 0.116407688648
36.02 0.130855816553
36.04 0.145183685702
36.06 0.159384268151
36.08 0.173451016473
36.1 0.187377861759
36.12 0.201159208913
36.14 0.214789929183
36.16 0.228265350999
36.18 0.241581247538
36.2 0.254733823391
36.22 0.267719698263
36.24 0.280535889406
36.26 0.293179792761
36.28 0.305649161748
36.3 0.317942085828
36.32 0.330056967362
36.34 0.341992497837
36.36 0.353747633157
36.38 0.365321568915
36.4 0.376713714505
36.42 0.387923667845
36.44 0.398951189498
36.46 0.409796177225
36.48 0.4204586407
36.5 0.430938676695
36.52 0.441236444781
36.54 0.451352143886
36.56 0.461285989529
36.58 0.471038191938
36.6 0.480608935772
36.62 0.48999836001
36.64 0.499206540373
36.66 0.508233471945
36.68 0.517079053939
36.7 0.525743075956
36.72 0.534225205262
36.74 0.542524976439
36.76 0.550641782144
36.78 0.558574865913
36.8 0.5663233164
36.82 0.57388606376
36.84 0.581261877368
36.86 0.588449365573
36.88 0.595446977053
36.9 0.60225300391
36.92 0.60886558637
36.94 0.615282719279
36.96 0.621502259777
36.98 0.627521936967
37.0 0.633339362499
37.02 0.638952042717
37.04 0.644357392096
37.06 0.649552747377
37.08 0.654535383233
37.1 0.65930252822
37.12 0.663851381859
37.14 0.668179132117
37.16 0.672282973161
37.18 0.67616012372
37.2 0.679807845207
37.22 0.683223460027
37.24 0.686404369524
37.26 0.689348071667
37.28 0.692052178176
37.3 0.694514430906
37.32 0.696732717565
37.34 0.698705086239
37.36 0.700429759112
37.38 0.701905144656
37.4 0.703129848756
37.42 0.704102684231
37.44 0.704822678915
37.46 0.705289082107
37.48 0.705501369429
37.5 0.705459245896
37.52 0.705162647365
37.54 0.704611740155
37.56 0.703806919047
37.58 0.702748803443
37.6 0.701438232007
37.62 0.699876255549
37.64 0.698064128475
37.66 0.696003298669
37.68 0.693695396144
37.7 0.691142220231
37.72 0.688345725854
37.74 0.685308008589
37.76 0.682031289009
37.78 0.678517896172
37.8 0.674770250611
37.82 0.670790846862
37.84 0.666582235747
37.86 0.662147006503
37.88 0.657487769003
37.9 0.6526071362
37.92 0.647507706802
37.94 0.642192048732
37.96 0.636662682819
37.98 0.630922067761
38.0 0.624972585678
38.02 0.618816528722
38.04 0.61245608718
38.06 0.605893338355
38.08 0.599130237244
38.1 0.592168608372
38.12 0.585010139375
38.14 0.577656375941
38.16 0.570108718589
38.18 0.562368421046
38.2 0.554436590281
38.22 0.546314188451
38.24 0.538002036291
38.26 0.529500818654
38.28 0.520811091321
38.3 0.511933289891
38.32 0.502867740078
38.34 0.493614669946
38.36 0.484174223135
38.38 0.474546474522
38.4 0.464731446182
38.42 0.454729125799
38.44 0.444539485636
38.46 0.434162502746
38.48 0.423598180749
38.5 0.412846571847
38.52 0.401907800239
38.54 0.390782085825
38.56 0.379469768901
38.58 0.36797133469
38.6 0.356287438749
38.62 0.34441893202
38.64 0.332366886074
38.66 0.320132618063
38.68 0.307717715207
38.7 0.29512405895
38.72 0.28235384802
38.74 0.269409620894
38.76 0.25629427691
38.78 0.243011096541
38.8 0.229563759312
38.82 0.215956361306
38.84 0.202193429948
38.86 0.188279936936
38.88 0.174221309769
38.9 0.16002343986
38.92 0.145692689502
38.94 0.131235895179
38.96 0.116660369019
38.98 0.101973897245
39.0 0.0871847356975
39.02 0.0723016026797
39.04 0.0573336688949
39.06 0.0422905442357
39.08 0.0271822619416
39.1 0.0120192596292
39.12 -0.00318764241533
39.14 -0.0184272656606
39.16 -0.0336881007006
39.18 -0.0489583367169
39.2 -0.0642258939194
39.22 -0.0794784574995
39.24 -0.0947035145484
39.26 -0.109888391746
39.28 -0.125020295436
39.3 -0.140086352826
39.32 -0.15507365383
39.34 -0.169969294436
39.36 -0.184760419739
39.38 -0.199434267811
39.4 -0.213978213031
39.42 -0.228379809132
39.44 -0.242626831347
39.46 -0.256707317795
39.48 -0.27060960899
39.5 -0.284322386222
39.52 -0.297834707547
39.54 -0.311136041976
39.56 -0.324216300833
39.58 -0.337065866672
39.6 -0.349675619393
39.62 -0.362036959106
39.64 -0.374141825897
39.66 -0.385982716312
39.68 -0.397552696581
39.7 -0.408845411952
39.72 -0.419855093112
39.74 -0.430576558708
39.76 -0.441005214423
39.78 -0.451137049089
39.8 -0.460968626728
39.82 -0.470497076114
39.84 -0.479720076782
39.86 -0.488635842177
39.88 -0.497243100433
39.9 -0.505541071721
39.92 -0.51352944425
39.94 -0.521208347383
39.96 -0.528578323172
39.98 -0.535640295893
