0.0 28.9626461245
0.02 29.2196813868
0.04 29.4752586543
0.06 29.7292471043
0.08 29.9815193237
0.1 30.2319514189
0.12 30.480423114
0.14 30.7268178366
0.16 30.9710227912
0.18 31.2129290205
0.2 31.4524314544
0.22 31.6894289479
0.24 31.9238243067
0.26 32.1555243025
0.28 32.384439676
0.3 32.6104851312
0.32 32.8335793182
0.34 33.0536448072
0.36 33.2706080528
0.38 33.4843993499
0.4 33.6949527815
0.42 33.9022061585
0.44 34.1061009525
0.46 34.3065822217
0.48 34.5035985313
0.5 34.6971018674
0.52 34.8870475462
0.54 35.073394119
0.56 35.2561032721
0.58 35.4351397243
0.6 35.61047112
0.62 35.7820679207
0.64 35.9499032937
0.66 36.1139529991
0.68 36.2741952758
0.7 36.4306107258
0.72 36.5831821989
0.74 36.7318946764
0.76 36.8767351558
0.78 37.0176925348
0.8 37.1547574976
0.82 37.287922401
0.84 37.4171811629
0.86 37.5425291519
0.88 37.663963079
0.9 37.7814808914
0.92 37.8950816686
0.94 38.0047655213
0.96 38.1105334924
0.98 38.2123874615
1.0 38.310330052
1.02 38.4043645416
1.04 38.4944947755
1.06 38.5807250831
1.08 38.6630601988
1.1 38.7415051846
1.12 38.8160653579
1.14 38.8867462216
1.16 38.9535533981
1.18 39.0164925668
1.2 39.0755694054
1.22 39.1307895337
1.24 39.1821584627
1.26 39.2296815448
1.28 39.2733639296
1.3 39.313210522
1.32 39.3492259435
1.34 39.3814144977
1.36 39.4097801382
1.38 39.4343264404
1.4 39.4550565765
1.42 39.471973293
1.44 39.4850788925
1.46 39.4943752178
1.48 39.4998636395
1.5 39.5015450466
1.52 39.4994198406
1.54 39.4934879323
1.56 39.4837487422
1.58 39.4702012035
1.6 39.4528437689
1.62 39.4316744203
1.64 39.4066906821
1.66 39.3778896371
1.68 39.3452679466
1.7 39.3088218732
1.72 39.2685473077
1.74 39.2244397987
1.76 39.1764945865
1.78 39.1247066403
1.8 39.0690706984
1.82 39.0095813135
1.84 38.9462329002
1.86 38.879019787
1.88 38.8079362723
1.9 38.7329766834
1.92 38.6541354397
1.94 38.5714071201
1.96 38.4847865333
1.98 38.3942687923
2.0 38.2998493926
2.02 38.201524294
2.04 38.0992900058
2.06 37.9931436756
2.08 37.8830831815
2.1 37.7691072273
2.12 37.6512154415
2.14 37.5294084779
2.16 37.4036881208
2.18 37.2740573913
2.2 37.1405206566
2.22 37.0030837416
2.24 36.8617540423
2.26 36.7165406405
2.28 36.5674544206
2.3 36.4145081868
2.32 36.2577167817
2.34 36.0970972048
2.36 35.9326687314
2.38 35.7644530309
2.4 35.5924742851
2.42 35.4167593046
2.44 35.237337644
2.46 35.0542417156
2.48 34.8675068999
2.5 34.6771716537
2.52 34.483277615
2.54 34.2858697035
2.56 34.0849962174
2.58 33.8807089246
2.6 33.6730631493
2.62 33.4621178519
2.64 33.247935703
2.66 33.0305831505
2.68 32.8101304782
2.7 32.586651858
2.72 32.360225392
2.74 32.1309331467
2.76 31.8988611768
2.78 31.6640995398
2.8 31.4267422998
2.82 31.18688752
2.84 30.9446372454
2.86 30.7000974721
2.88 30.4533781066
2.9 30.2045929114
2.92 29.9538594396
2.94 29.7012989565
2.96 29.4470363482
2.98 29.1912000191
3.0 28.9339217753
3.02 28.6753366963
3.04 28.4155829953
3.06 28.1548018659
3.08 27.8931373188
3.1 27.6307360062
3.12 27.367747036
3.14 27.1043217758
3.16 26.8406136472
3.18 26.5767779115
3.2 26.3129714473
3.22 26.0493525207
3.24 25.7860805495
3.26 25.5233158617
3.28 25.2612194502
3.3 24.9999527233
3.32 24.7396772543
3.34 24.4805545284
3.36 24.2227456911
3.38 23.9664112969
3.4 23.7117110604
3.42 23.4588036111
3.44 23.2078462528
3.46 22.9589947279
3.48 22.7124029897
3.5 22.4682229809
3.52 22.2266044224
3.54 21.98769461
3.56 21.7516382227
3.58 21.5185771419
3.6 21.2886502818
3.62 21.0619934333
3.64 20.8387391199
3.66 20.6190164671
3.68 20.4029510861
3.7 20.1906649706
3.72 19.9822764079
3.74 19.7778999041
3.76 19.5776461231
3.78 19.3816218398
3.8 19.189929906
3.82 19.002669231
3.84 18.8199347731
3.86 18.6418175453
3.88 18.4684046319
3.9 18.2997792162
3.92 18.1360206191
3.94 17.9772043473
3.96 17.823402151
3.98 17.674682089
4.0 17.5311086023
4.02 17.3927425934
4.04 17.2596415119
4.06 17.1318594452
4.08 17.0094472122
4.1 16.8924524612
4.12 16.7809197697
4.14 16.6748907456
4.16 16.5744041289
4.18 16.4794958939
4.2 16.3901993492
4.22 16.3065452372
4.24 16.2285618307
4.26 16.1562750259
4.28 16.0897084329
4.3 16.02888346
4.32 15.9738193951
4.34 15.9245334801
4.36 15.8810409801
4.38 15.8433552458
4.4 15.8114877702
4.42 15.7854482365
4.44 15.7652445598
4.46 15.7508829214
4.48 15.7423677939
4.5 15.7397019602
4.52 15.742886522
4.54 15.751920903
4.56 15.7668028407
4.58 15.7875283734
4.6 15.8140918164
4.62 15.8464857312
4.64 15.8847008881
4.66 15.9287262192
4.68 15.9785487656
4.7 16.034153617
4.72 16.0955238453
4.74 16.1626404313
4.76 16.235482186
4.78 16.3140256671
4.8 16.3982450898
4.82 16.488112235
4.84 16.5835963525
4.86 16.6846640628
4.88 16.7912792552
4.9 16.903402987
4.92 17.020993379
4.94 17.1440055144
4.96 17.2723913362
4.98 17.4060995481
5.0 17.5450755177
5.02 17.6892611826
5.04 17.8385949627
5.06 17.9930116758
5.08 18.1524424611
5.1 18.3168147091
5.12 18.4860519994
5.14 18.6600740472
5.16 18.8387966598
5.18 19.022131703
5.2 19.2099870778
5.22 19.4022667103
5.24 19.5988705519
5.26 19.7996945936
5.28 20.0046308923
5.3 20.2135676115
5.32 20.4263890748
5.34 20.642975834
5.36 20.8632047508
5.38 21.0869490928
5.4 21.314078643
5.42 21.5444598236
5.44 21.7779558327
5.46 22.0144267942
5.48 22.253729921
5.5 22.4957196888
5.52 22.740248023
5.54 22.9871644949
5.56 23.2363165288
5.58 23.4875496175
5.6 23.7407075459
5.62 23.9956326223
5.64 24.2521659152
5.66 24.5101474955
5.68 24.7694166822
5.7 25.0298122913
5.72 25.2911728866
5.74 25.55333703
5.76 25.8161435327
5.78 26.0794317035
5.8 26.3430415953
5.82 26.606814247
5.84 26.8705919211
5.86 27.1342183354
5.88 27.3975388883
5.9 27.6604008757
5.92 27.922653701
5.94 28.1841490745
5.96 28.4447412043
5.98 28.7042869766
6.0 28.9626461245
6.02 29.2196813868
6.04 29.4752586543
6.06 29.7292471043
6.08 29.9815193237
6.1 30.2319514189
6.12 30.480423114
6.14 30.7268178366
6.16 30.9710227912
6.18 31.2129290205
6.2 31.4524314544
6.22 31.6894289479
6.24 31.9238243067
6.26 32.1555243025
6.28 32.384439676
6.3 32.6104851312
6.32 32.8335793182
6.34 33.0536448072
6.36 33.2706080528
6.38 33.4843993499
6.4 33.6949527815
6.42 33.9022061585
6.44 34.1061009525
6.46 34.3065822217
6.48 34.5035985313
6.5 34.6971018674
6.52 34.8870475462
6.54 35.073394119
6.56 35.2561032721
6.58 35.4351397243
6.6 35.61047112
6.62 35.7820679207
6.64 35.9499032937
6.66 36.1139529991
6.68 36.2741952758
6.7 36.4306107258
6.72 36.5831821989
6.74 36.7318946764
6.76 36.8767351558
6.78 37.0176925348
6.8 37.1547574976
6.82 37.287922401
6.84 37.4171811629
6.86 37.5425291519
6.88 37.663963079
6.9 37.7814808914
6.92 37.8950816686
6.94 38.0047655213
6.96 38.1105334924
6.98 38.2123874614
7.0 38.310330052
7.02 38.4043645416
7.04 38.4944947755
7.06 38.5807250831
7.08 38.6630601988
7.1 38.7415051846
7.12 38.8160653579
7.14 38.8867462216
7.16 38.9535533981
7.18 39.0164925668
7.2 39.0755694054
7.22 39.1307895337
7.24 39.1821584627
7.26 39.2296815448
7.28 39.2733639296
7.3 39.313210522
7.32 39.3492259435
7.34 39.3814144977
7.36 39.4097801382
7.38 39.4343264404
7.4 39.4550565765
7.42 39.471973293
7.44 39.4850788925
7.46 39.4943752178
7.48 39.4998636395
7.5 39.5015450466
7.52 39.4994198406
7.54 39.4934879323
7.56 39.4837487422
7.58 39.4702012035
7.6 39.4528437689
7.62 39.4316744203
7.64 39.4066906821
7.66 39.3778896372
7.68 39.3452679466
7.7 39.3088218732
7.72 39.2685473077
7.74 39.2244397987
7.76 39.1764945865
7.78 39.1247066403
7.8 39.0690706984
7.82 39.0095813135
7.84 38.9462329002
7.86 38.879019787
7.88 38.8079362723
7.9 38.7329766834
7.92 38.6541354397
7.94 38.5714071201
7.96 38.4847865333
7.98 38.3942687923
8.0 38.2998493926
8.02 38.201524294
8.04 38.0992900058
8.06 37.9931436756
8.08 37.8830831815
8.1 37.7691072273
8.12 37.6512154414
8.14 37.5294084779
8.16 37.4036881208
8.18 37.2740573913
8.2 37.1405206566
8.22 37.0030837416
8.24 36.8617540423
8.26 36.7165406405
8.28 36.5674544206
8.3 36.4145081868
8.32 36.2577167817
8.34 36.0970972048
8.36 35.9326687314
8.38 35.7644530309
8.4 35.5924742851
8.42 35.4167593046
8.44 35.237337644
8.46 35.0542417156
8.48 34.8675068999
8.5 34.6771716537
8.52 34.483277615
8.54 34.2858697035
8.56 34.0849962173
8.58 33.8807089246
8.6 33.6730631493
8.62 33.4621178519
8.64 33.247935703
8.66 33.0305831505
8.68 32.8101304782
8.7 32.586651858
8.72 32.360225392
8.74 32.1309331467
8.76 31.8988611768
8.78 31.6640995398
8.8 31.4267422998
8.82 31.18688752
8.84 30.9446372454
8.86 30.7000974721
8.88 30.4533781066
8.9 30.2045929114
8.92 29.9538594396
8.94 29.7012989565
8.96 29.4470363482
8.98 29.1912000191
9.0 28.9339217752
9.02 28.6753366963
9.04 28.4155829953
9.06 28.1548018659
9.08 27.8931373188
9.1 27.6307360062
9.12 27.367747036
9.14 27.1043217758
9.16 26.8406136471
9.18 26.5767779115
9.2 26.3129714473
9.22 26.0493525207
9.24 25.7860805495
9.26 25.5233158617
9.28 25.2612194502
9.3 24.9999527233
9.32 24.7396772543
9.34 24.4805545284
9.36 24.2227456911
9.38 23.9664112969
9.4 23.7117110604
9.42 23.4588036111
9.44 23.2078462528
9.46 22.9589947279
9.48 22.7124029897
9.5 22.4682229809
9.52 22.2266044224
9.54 21.98769461
9.56 21.7516382227
9.58 21.5185771419
9.6 21.2886502818
9.62 21.0619934333
9.64 20.8387391199
9.66 20.6190164671
9.68 20.4029510861
9.7 20.1906649707
9.72 19.9822764079
9.74 19.7778999041
9.76 19.5776461231
9.78 19.3816218398
9.8 19.189929906
9.82 19.002669231
9.84 18.8199347731
9.86 18.6418175453
9.88 18.4684046319
9.9 18.2997792162
9.92 18.1360206191
9.94 17.9772043473
9.96 17.823402151
9.98 17.674682089
10.0 17.5311086023
10.02 17.3927425934
10.04 17.2596415119
10.06 17.1318594452
10.08 17.0094472122
10.1 16.8924524612
10.12 16.7809197697
10.14 16.6748907456
10.16 16.5744041289
10.18 16.4794958939
10.2 16.3901993492
10.22 16.3065452372
10.24 16.2285618307
10.26 16.1562750259
10.28 16.0897084329
10.3 16.02888346
10.32 15.9738193951
10.34 15.92453348
10.36 15.8810409801
10.38 15.8433552458
10.4 15.8114877702
10.42 15.7854482365
10.44 15.7652445598
10.46 15.7508829214
10.48 15.7423677939
10.5 15.7397019602
10.52 15.742886522
10.54 15.751920903
10.56 15.7668028407
10.58 15.7875283734
10.6 15.8140918164
10.62 15.8464857312
10.64 15.8847008881
10.66 15.9287262192
10.68 15.9785487656
10.7 16.034153617
10.72 16.0955238453
10.74 16.1626404313
10.76 16.235482186
10.78 16.3140256671
10.8 16.3982450898
10.82 16.488112235
10.84 16.5835963525
10.86 16.6846640628
10.88 16.7912792552
10.9 16.903402987
10.92 17.020993379
10.94 17.1440055144
10.96 17.2723913362
10.98 17.4060995481
11.0 17.5450755177
11.02 17.6892611826
11.04 17.8385949627
11.06 17.9930116758
11.08 18.1524424611
11.1 18.3168147091
11.12 18.4860519994
11.14 18.6600740472
11.16 18.8387966598
11.18 19.0221317029
11.2 19.2099870778
11.22 19.4022667103
11.24 19.5988705519
11.26 19.7996945936
11.28 20.0046308923
11.3 20.2135676115
11.32 20.4263890748
11.34 20.642975834
11.36 20.8632047508
11.38 21.0869490928
11.4 21.314078643
11.42 21.5444598236
11.44 21.7779558327
11.46 22.0144267942
11.48 22.253729921
11.5 22.4957196888
11.52 22.740248023
11.54 22.9871644949
11.56 23.2363165288
11.58 23.4875496175
11.6 23.7407075459
11.62 23.9956326223
11.64 24.2521659152
11.66 24.5101474955
11.68 24.7694166822
11.7 25.0298122913
11.72 25.2911728866
11.74 25.55333703
11.76 25.8161435327
11.78 26.0794317035
11.8 26.3430415953
11.82 26.606814247
11.84 26.8705919211
11.86 27.1342183354
11.88 27.3975388883
11.9 27.6604008757
11.92 27.922653701
11.94 28.1841490745
11.96 28.4447412043
11.98 28.7042869766
12.0 28.9626461245
12.02 29.2196813868
12.04 29.4752586543
12.06 29.7292471043
12.08 29.9815193237
12.1 30.2319514189
12.12 30.480423114
12.14 30.7268178366
12.16 30.9710227912
12.18 31.2129290205
12.2 31.4524314544
12.22 31.6894289479
12.24 31.9238243067
12.26 32.1555243025
12.28 32.384439676
12.3 32.6104851312
12.32 32.8335793182
12.34 33.0536448072
12.36 33.2706080528
12.38 33.4843993499
12.4 33.6949527815
12.42 33.9022061585
12.44 34.1061009525
12.46 34.3065822217
12.48 34.5035985313
12.5 34.6971018674
12.52 34.8870475462
12.54 35.073394119
12.56 35.2561032721
12.58 35.4351397243
12.6 35.61047112
12.62 35.7820679207
12.64 35.9499032937
12.66 36.1139529991
12.68 36.2741952758
12.7 36.4306107258
12.72 36.5831821989
12.74 36.7318946764
12.76 36.8767351558
12.78 37.0176925348
12.8 37.1547574976
12.82 37.287922401
12.84 37.4171811629
12.86 37.5425291519
12.88 37.663963079
12.9 37.7814808914
12.92 37.8950816686
12.94 38.0047655213
12.96 38.1105334924
12.98 38.2123874614
13.0 38.310330052
13.02 38.4043645416
13.04 38.4944947755
13.06 38.5807250831
13.08 38.6630601988
13.1 38.7415051846
13.12 38.8160653579
13.14 38.8867462216
13.16 38.9535533981
13.18 39.0164925668
13.2 39.0755694054
13.22 39.1307895337
13.24 39.1821584627
13.26 39.2296815448
13.28 39.2733639296
13.3 39.313210522
13.32 39.3492259435
13.34 39.3814144977
13.36 39.4097801382
13.38 39.4343264404
13.4 39.4550565765
13.42 39.471973293
13.44 39.4850788925
13.46 39.4943752178
13.48 39.4998636395
13.5 39.5015450466
13.52 39.4994198406
13.54 39.4934879323
13.56 39.4837487422
13.58 39.4702012035
13.6 39.4528437689
13.62 39.4316744203
13.64 39.4066906821
13.66 39.3778896372
13.68 39.3452679466
13.7 39.3088218732
13.72 39.2685473077
13.74 39.2244397987
13.76 39.1764945865
13.78 39.1247066403
13.8 39.0690706984
13.82 39.0095813135
13.84 38.9462329002
13.86 38.879019787
13.88 38.8079362723
13.9 38.7329766834
13.92 38.6541354397
13.94 38.5714071201
13.96 38.4847865333
13.98 38.3942687923
14.0 38.2998493926
14.02 38.201524294
14.04 38.0992900058
14.06 37.9931436756
14.08 37.8830831815
14.1 37.7691072273
14.12 37.6512154415
14.14 37.5294084779
14.16 37.4036881208
14.18 37.2740573913
14.2 37.1405206566
14.22 37.0030837416
14.24 36.8617540423
14.26 36.7165406405
14.28 36.5674544206
14.3 36.4145081868
14.32 36.2577167817
14.34 36.0970972048
14.36 35.9326687314
14.38 35.7644530309
14.4 35.5924742851
14.42 35.4167593046
14.44 35.237337644
14.46 35.0542417156
14.48 34.8675068999
14.5 34.6771716537
14.52 34.483277615
14.54 34.2858697035
14.56 34.0849962174
14.58 33.8807089246
14.6 33.6730631493
14.62 33.4621178519
14.64 33.247935703
14.66 33.0305831504
14.68 32.8101304782
14.7 32.586651858
14.72 32.360225392
14.74 32.1309331467
14.76 31.8988611768
14.78 31.6640995398
14.8 31.4267422998
14.82 31.18688752
14.84 30.9446372454
14.86 30.7000974721
14.88 30.4533781066
14.9 30.2045929114
14.92 29.9538594396
14.94 29.7012989565
14.96 29.4470363482
14.98 29.1912000192
15.0 28.9339217753
15.02 28.6753366963
15.04 28.4155829953
15.06 28.1548018659
15.08 27.8931373188
15.1 27.6307360062
15.12 27.367747036
15.14 27.1043217758
15.16 26.8406136472
15.18 26.5767779115
15.2 26.3129714473
15.22 26.0493525207
15.24 25.7860805495
15.26 25.5233158617
15.28 25.2612194502
15.3 24.9999527233
15.32 24.7396772543
15.34 24.4805545284
15.36 24.2227456911
15.38 23.9664112969
15.4 23.7117110604
15.42 23.4588036111
15.44 23.2078462528
15.46 22.9589947279
15.48 22.7124029897
15.5 22.4682229809
15.52 22.2266044224
15.54 21.98769461
15.56 21.7516382227
15.58 21.5185771418
15.6 21.2886502818
15.62 21.0619934333
15.64 20.8387391199
15.66 20.6190164671
15.68 20.4029510861
15.7 20.1906649706
15.72 19.9822764079
15.74 19.7778999041
15.76 19.5776461231
15.78 19.3816218398
15.8 19.189929906
15.82 19.002669231
15.84 18.8199347731
15.86 18.6418175453
15.88 18.4684046319
15.9 18.2997792162
15.92 18.1360206191
15.94 17.9772043473
15.96 17.823402151
15.98 17.674682089
16.0 17.5311086023
16.02 17.3927425934
16.04 17.2596415119
16.06 17.1318594452
16.08 17.0094472122
16.1 16.8924524612
16.12 16.7809197697
16.14 16.6748907456
16.16 16.5744041289
16.18 16.4794958939
16.2 16.3901993492
16.22 16.3065452372
16.24 16.2285618307
16.26 16.1562750259
16.28 16.0897084329
16.3 16.02888346
16.32 15.9738193951
16.34 15.9245334801
16.36 15.8810409801
16.38 15.8433552458
16.4 15.8114877702
16.42 15.7854482365
16.44 15.7652445598
16.46 15.7508829214
16.48 15.7423677939
16.5 15.7397019602
16.52 15.742886522
16.54 15.751920903
16.56 15.7668028407
16.58 15.7875283734
16.6 15.8140918164
16.62 15.8464857312
16.64 15.8847008881
16.66 15.9287262192
16.68 15.9785487656
16.7 16.034153617
16.72 16.0955238453
16.74 16.1626404313
16.76 16.235482186
16.78 16.3140256671
16.8 16.3982450898
16.82 16.488112235
16.84 16.5835963525
16.86 16.6846640627
16.88 16.7912792552
16.9 16.903402987
16.92 17.020993379
16.94 17.1440055144
16.96 17.2723913362
16.98 17.4060995481
17.0 17.5450755177
17.02 17.6892611826
17.04 17.8385949627
17.06 17.9930116758
17.08 18.1524424611
17.1 18.3168147091
17.12 18.4860519994
17.14 18.6600740472
17.16 18.8387966598
17.18 19.0221317029
17.2 19.2099870778
17.22 19.4022667102
17.24 19.5988705519
17.26 19.7996945936
17.28 20.0046308923
17.3 20.2135676115
17.32 20.4263890748
17.34 20.642975834
17.36 20.8632047508
17.38 21.0869490928
17.4 21.314078643
17.42 21.5444598236
17.44 21.7779558327
17.46 22.0144267942
17.48 22.253729921
17.5 22.4957196888
17.52 22.740248023
17.54 22.9871644949
17.56 23.2363165288
17.58 23.4875496175
17.6 23.7407075459
17.62 23.9956326223
17.64 24.2521659152
17.66 24.5101474955
17.68 24.7694166822
17.7 25.0298122913
17.72 25.2911728866
17.74 25.55333703
17.76 25.8161435327
17.78 26.0794317035
17.8 26.3430415953
17.82 26.606814247
17.84 26.8705919211
17.86 27.1342183354
17.88 27.3975388883
17.9 27.6604008757
17.92 27.922653701
17.94 28.1841490745
17.96 28.4447412043
17.98 28.7042869766
18.0 28.9626461245
18.02 29.2196813868
18.04 29.4752586543
18.06 29.7292471043
18.08 29.9815193237
18.1 30.2319514189
18.12 30.480423114
18.14 30.7268178366
18.16 30.9710227912
18.18 31.2129290205
18.2 31.4524314544
18.22 31.6894289479
18.24 31.9238243067
18.26 32.1555243025
18.28 32.384439676
18.3 32.6104851312
18.32 32.8335793182
18.34 33.0536448072
18.36 33.2706080528
18.38 33.4843993499
18.4 33.6949527815
18.42 33.9022061585
18.44 34.1061009525
18.46 34.3065822217
18.48 34.5035985313
18.5 34.6971018674
18.52 34.8870475462
18.54 35.073394119
18.56 35.2561032721
18.58 35.4351397243
18.6 35.61047112
18.62 35.7820679207
18.64 35.9499032937
18.66 36.1139529991
18.68 36.2741952758
18.7 36.4306107258
18.72 36.5831821989
18.74 36.7318946764
18.76 36.8767351558
18.78 37.0176925348
18.8 37.1547574976
18.82 37.287922401
18.84 37.4171811629
18.86 37.5425291519
18.88 37.663963079
18.9 37.7814808914
18.92 37.8950816686
18.94 38.0047655213
18.96 38.1105334924
18.98 38.2123874615
19.0 38.310330052
19.02 38.4043645416
19.04 38.4944947755
19.06 38.5807250831
19.08 38.6630601988
19.1 38.7415051846
19.12 38.8160653579
19.14 38.8867462216
19.16 38.9535533981
19.18 39.0164925668
19.2 39.0755694054
19.22 39.1307895337
19.24 39.1821584627
19.26 39.2296815448
19.28 39.2733639296
19.3 39.313210522
19.32 39.3492259435
19.34 39.3814144977
19.36 39.4097801382
19.38 39.4343264404
19.4 39.4550565765
19.42 39.471973293
19.44 39.4850788925
19.46 39.4943752178
19.48 39.4998636395
19.5 39.5015450466
19.52 39.4994198406
19.54 39.4934879323
19.56 39.4837487422
19.58 39.4702012035
19.6 39.4528437689
19.62 39.4316744203
19.64 39.4066906821
19.66 39.3778896371
19.68 39.3452679466
19.7 39.3088218732
19.72 39.2685473077
19.74 39.2244397987
19.76 39.1764945866
19.78 39.1247066403
19.8 39.0690706984
19.82 39.0095813135
19.84 38.9462329002
19.86 38.879019787
19.88 38.8079362723
19.9 38.7329766834
19.92 38.6541354397
19.94 38.5714071201
19.96 38.4847865333
19.98 38.3942687923
20.0 38.2998493926
20.02 38.201524294
20.04 38.0992900058
20.06 37.9931436756
20.08 37.8830831815
20.1 37.7691072273
20.12 37.6512154415
20.14 37.5294084779
20.16 37.4036881208
20.18 37.2740573913
20.2 37.1405206566
20.22 37.0030837416
20.24 36.8617540423
20.26 36.7165406405
20.28 36.5674544206
20.3 36.4145081868
20.32 36.2577167817
20.34 36.0970972048
20.36 35.9326687314
20.38 35.7644530309
20.4 35.5924742851
20.42 35.4167593046
20.44 35.237337644
20.46 35.0542417156
20.48 34.8675068999
20.5 34.6771716537
20.52 34.4832776149
20.54 34.2858697035
20.56 34.0849962174
20.58 33.8807089246
20.6 33.6730631493
20.62 33.4621178519
20.64 33.247935703
20.66 33.0305831504
20.68 32.8101304782
20.7 32.586651858
20.72 32.360225392
20.74 32.1309331467
20.76 31.8988611768
20.78 31.6640995399
20.8 31.4267422998
20.82 31.18688752
20.84 30.9446372454
20.86 30.7000974721
20.88 30.4533781066
20.9 30.2045929114
20.92 29.9538594396
20.94 29.7012989565
20.96 29.4470363482
20.98 29.1912000191
21.0 28.9339217753
21.02 28.6753366963
21.04 28.4155829953
21.06 28.1548018659
21.08 27.8931373188
21.1 27.6307360062
21.12 27.367747036
21.14 27.1043217758
21.16 26.8406136471
21.18 26.5767779115
21.2 26.3129714473
21.22 26.0493525207
21.24 25.7860805495
21.26 25.5233158617
21.28 25.2612194502
21.3 24.9999527233
21.32 24.7396772543
21.34 24.4805545284
21.36 24.2227456911
21.38 23.9664112969
21.4 23.7117110604
21.42 23.4588036111
21.44 23.2078462528
21.46 22.9589947279
21.48 22.7124029897
21.5 22.4682229809
21.52 22.2266044224
21.54 21.98769461
21.56 21.7516382227
21.58 21.5185771419
21.6 21.2886502818
21.62 21.0619934333
21.64 20.8387391199
21.66 20.6190164671
21.68 20.4029510861
21.7 20.1906649707
21.72 19.9822764079
21.74 19.7778999041
21.76 19.5776461231
21.78 19.3816218398
21.8 19.1899299061
21.82 19.002669231
21.84 18.8199347731
21.86 18.6418175453
21.88 18.4684046319
21.9 18.2997792162
21.92 18.1360206191
21.94 17.9772043473
21.96 17.823402151
21.98 17.674682089
22.0 17.5311086023
22.02 17.3927425934
22.04 17.2596415119
22.06 17.1318594452
22.08 17.0094472122
22.1 16.8924524612
22.12 16.7809197697
22.14 16.6748907456
22.16 16.5744041289
22.18 16.4794958939
22.2 16.3901993492
22.22 16.3065452372
22.24 16.2285618307
22.26 16.1562750259
22.28 16.0897084329
22.3 16.02888346
22.32 15.9738193951
22.34 15.92453348
22.36 15.8810409802
22.38 15.8433552458
22.4 15.8114877702
22.42 15.7854482365
22.44 15.7652445598
22.46 15.7508829214
22.48 15.7423677939
22.5 15.7397019602
22.52 15.742886522
22.54 15.751920903
22.56 15.7668028407
22.58 15.7875283734
22.6 15.8140918164
22.62 15.8464857312
22.64 15.8847008881
22.66 15.9287262192
22.68 15.9785487656
22.7 16.034153617
22.72 16.0955238453
22.74 16.1626404313
22.76 16.235482186
22.78 16.3140256671
22.8 16.3982450898
22.82 16.488112235
22.84 16.5835963525
22.86 16.6846640628
22.88 16.7912792553
22.9 16.903402987
22.92 17.020993379
22.94 17.1440055144
22.96 17.2723913362
22.98 17.4060995481
23.0 17.5450755177
23.02 17.6892611826
23.04 17.8385949627
23.06 17.9930116758
23.08 18.1524424611
23.1 18.3168147091
23.12 18.4860519994
23.14 18.6600740472
23.16 18.8387966598
23.18 19.0221317029
23.2 19.2099870778
23.22 19.4022667103
23.24 19.5988705519
23.26 19.7996945936
23.28 20.0046308923
23.3 20.2135676115
23.32 20.4263890748
23.34 20.642975834
23.36 20.8632047508
23.38 21.0869490928
23.4 21.314078643
23.42 21.5444598236
23.44 21.7779558327
23.46 22.0144267942
23.48 22.253729921
23.5 22.4957196888
23.52 22.740248023
23.54 22.9871644949
23.56 23.2363165288
23.58 23.4875496175
23.6 23.7407075459
23.62 23.9956326223
23.64 24.2521659152
23.66 24.5101474955
23.68 24.7694166822
23.7 25.0298122914
23.72 25.2911728866
23.74 25.55333703
23.76 25.8161435327
23.78 26.0794317035
23.8 26.3430415953
23.82 26.606814247
23.84 26.8705919211
23.86 27.1342183354
23.88 27.3975388883
23.9 27.6604008757
23.92 27.922653701
23.94 28.1841490745
23.96 28.4447412043
23.98 28.7042869766
24.0 28.9626461245
24.02 29.2196813868
24.04 29.4752586543
24.06 29.7292471043
24.08 29.9815193237
24.1 30.2319514189
24.12 30.480423114
24.14 30.7268178366
24.16 30.9710227912
24.18 31.2129290205
24.2 31.4524314544
24.22 31.6894289479
24.24 31.9238243067
24.26 32.1555243025
24.28 32.384439676
24.3 32.6104851312
24.32 32.8335793182
24.34 33.0536448072
24.36 33.2706080528
24.38 33.4843993499
24.4 33.6949527815
24.42 33.9022061585
24.44 34.1061009525
24.46 34.3065822217
24.48 34.5035985313
24.5 34.6971018674
24.52 34.8870475462
24.54 35.073394119
24.56 35.2561032721
24.58 35.4351397243
24.6 35.61047112
24.62 35.7820679207
24.64 35.9499032937
24.66 36.1139529991
24.68 36.2741952758
24.7 36.4306107258
24.72 36.5831821989
24.74 36.7318946765
24.76 36.8767351558
24.78 37.0176925348
24.8 37.1547574976
24.82 37.287922401
24.84 37.4171811629
24.86 37.5425291519
24.88 37.663963079
24.9 37.7814808914
24.92 37.8950816686
24.94 38.0047655213
24.96 38.1105334924
24.98 38.2123874615
25.0 38.310330052
25.02 38.4043645416
25.04 38.4944947754
25.06 38.5807250831
25.08 38.6630601988
25.1 38.7415051846
25.12 38.8160653579
25.14 38.8867462216
25.16 38.9535533981
25.18 39.0164925668
25.2 39.0755694053
25.22 39.1307895338
25.24 39.1821584627
25.26 39.2296815448
25.28 39.2733639296
25.3 39.313210522
25.32 39.3492259435
25.34 39.3814144977
25.36 39.4097801382
25.38 39.4343264404
25.4 39.4550565765
25.42 39.471973293
25.44 39.4850788925
25.46 39.4943752178
25.48 39.4998636395
25.5 39.5015450466
25.52 39.4994198406
25.54 39.4934879323
25.56 39.4837487422
25.58 39.4702012035
25.6 39.4528437689
25.62 39.4316744203
25.64 39.4066906821
25.66 39.3778896371
25.68 39.3452679466
25.7 39.3088218732
25.72 39.2685473077
25.74 39.2244397987
25.76 39.1764945865
25.78 39.1247066403
25.8 39.0690706984
25.82 39.0095813135
25.84 38.9462329002
25.86 38.879019787
25.88 38.8079362723
25.9 38.7329766834
25.92 38.6541354397
25.94 38.5714071201
25.96 38.4847865333
25.98 38.3942687923
26.0 38.2998493926
26.02 38.201524294
26.04 38.0992900058
26.06 37.9931436756
26.08 37.8830831815
26.1 37.7691072273
26.12 37.6512154415
26.14 37.5294084779
26.16 37.4036881208
26.18 37.2740573913
26.2 37.1405206566
26.22 37.0030837416
26.24 36.8617540423
26.26 36.7165406405
26.28 36.5674544206
26.3 36.4145081868
26.32 36.2577167817
26.34 36.0970972048
26.36 35.9326687314
26.38 35.7644530309
26.4 35.5924742851
26.42 35.4167593046
26.44 35.237337644
26.46 35.0542417156
26.48 34.8675068999
26.5 34.6771716537
26.52 34.483277615
26.54 34.2858697035
26.56 34.0849962174
26.58 33.8807089246
26.6 33.6730631493
26.62 33.4621178519
26.64 33.247935703
26.66 33.0305831505
26.68 32.8101304782
26.7 32.586651858
26.72 32.360225392
26.74 32.1309331467
26.76 31.8988611768
26.78 31.6640995398
26.8 31.4267422998
26.82 31.18688752
26.84 30.9446372454
26.86 30.7000974721
26.88 30.4533781066
26.9 30.2045929114
26.92 29.9538594396
26.94 29.7012989565
26.96 29.4470363482
26.98 29.1912000191
27.0 28.9339217753
27.02 28.6753366963
27.04 28.4155829953
27.06 28.1548018659
27.08 27.8931373188
27.1 27.6307360062
27.12 27.367747036
27.14 27.1043217758
27.16 26.8406136472
27.18 26.5767779115
27.2 26.3129714473
27.22 26.0493525207
27.24 25.7860805495
27.26 25.5233158618
27.28 25.2612194502
27.3 24.9999527233
27.32 24.7396772543
27.34 24.4805545284
27.36 24.2227456911
27.38 23.9664112969
27.4 23.7117110604
27.42 23.4588036111
27.44 23.2078462528
27.46 22.9589947279
27.48 22.7124029897
27.5 22.4682229809
27.52 22.2266044224
27.54 21.98769461
27.56 21.7516382227
27.58 21.5185771419
27.6 21.2886502818
27.62 21.0619934333
27.64 20.8387391199
27.66 20.6190164671
27.68 20.4029510861
27.7 20.1906649707
27.72 19.9822764079
27.74 19.7778999041
27.76 19.5776461231
27.78 19.3816218398
27.8 19.189929906
27.82 19.002669231
27.84 18.819934773
27.86 18.6418175453
27.88 18.4684046319
27.9 18.2997792162
27.92 18.1360206191
27.94 17.9772043474
27.96 17.823402151
27.98 17.674682089
28.0 17.5311086023
28.02 17.3927425933
28.04 17.259641512
28.06 17.1318594452
28.08 17.0094472122
28.1 16.8924524612
28.12 16.7809197696
28.14 16.6748907456
28.16 16.5744041289
28.18 16.4794958939
28.2 16.3901993492
28.22 16.3065452372
28.24 16.2285618307
28.26 16.156275026
28.28 16.0897084329
28.3 16.02888346
28.32 15.9738193951
28.34 15.9245334801
28.36 15.8810409801
28.38 15.8433552458
28.4 15.8114877702
28.42 15.7854482365
28.44 15.7652445598
28.46 15.7508829214
28.48 15.7423677939
28.5 15.7397019602
28.52 15.742886522
28.54 15.751920903
28.56 15.7668028407
28.58 15.7875283734
28.6 15.8140918164
28.62 15.8464857312
28.64 15.8847008881
28.66 15.9287262192
28.68 15.9785487656
28.7 16.034153617
28.72 16.0955238453
28.74 16.1626404313
28.76 16.235482186
28.78 16.3140256671
28.8 16.3982450898
28.82 16.488112235
28.84 16.5835963525
28.86 16.6846640627
28.88 16.7912792552
28.9 16.903402987
28.92 17.020993379
28.94 17.1440055144
28.96 17.2723913362
28.98 17.4060995481
29.0 17.5450755177
29.02 17.6892611826
29.04 17.8385949627
29.06 17.9930116758
29.08 18.1524424611
29.1 18.3168147091
29.12 18.4860519994
29.14 18.6600740472
29.16 18.8387966598
29.18 19.022131703
29.2 19.2099870778
29.22 19.4022667102
29.24 19.5988705519
29.26 19.7996945936
29.28 20.0046308923
29.3 20.2135676115
29.32 20.4263890748
29.34 20.642975834
29.36 20.8632047508
29.38 21.0869490928
29.4 21.314078643
29.42 21.5444598236
29.44 21.7779558327
29.46 22.0144267942
29.48 22.253729921
29.5 22.4957196888
29.52 22.740248023
29.54 22.9871644949
29.56 23.2363165288
29.58 23.4875496175
29.6 23.7407075458
29.62 23.9956326223
29.64 24.2521659152
29.66 24.5101474955
29.68 24.7694166822
29.7 25.0298122913
29.72 25.2911728866
29.74 25.55333703
29.76 25.8161435327
29.78 26.0794317035
29.8 26.3430415953
29.82 26.606814247
29.84 26.8705919211
29.86 27.1342183354
29.88 27.3975388883
29.9 27.6604008757
29.92 27.922653701
29.94 28.1841490745
29.96 28.4447412043
29.98 28.7042869766
30.0 28.9626461245
30.02 29.2196813868
30.04 29.4752586543
30.06 29.7292471044
30.08 29.9815193237
30.1 30.2319514189
30.12 30.480423114
30.14 30.7268178366
30.16 30.9710227913
30.18 31.2129290205
30.2 31.4524314544
30.22 31.6894289479
30.24 31.9238243067
30.26 32.1555243025
30.28 32.384439676
30.3 32.6104851312
30.32 32.8335793182
30.34 33.0536448072
30.36 33.2706080528
30.38 33.4843993499
30.4 33.6949527815
30.42 33.9022061585
30.44 34.1061009525
30.46 34.3065822217
30.48 34.5035985313
30.5 34.6971018674
30.52 34.8870475462
30.54 35.073394119
30.56 35.2561032721
30.58 35.4351397243
30.6 35.61047112
30.62 35.7820679207
30.64 35.9499032937
30.66 36.1139529991
30.68 36.2741952758
30.7 36.4306107258
30.72 36.5831821989
30.74 36.7318946764
30.76 36.8767351558
30.78 37.0176925348
30.8 37.1547574976
30.82 37.287922401
30.84 37.4171811629
30.86 37.5425291519
30.88 37.663963079
30.9 37.7814808914
30.92 37.8950816687
30.94 38.0047655213
30.96 38.1105334924
30.98 38.2123874614
31.0 38.310330052
31.02 38.4043645416
31.04 38.4944947754
31.06 38.5807250831
31.08 38.6630601988
31.1 38.7415051846
31.12 38.8160653579
31.14 38.8867462216
31.16 38.9535533981
31.18 39.0164925668
31.2 39.0755694053
31.22 39.1307895338
31.24 39.1821584627
31.26 39.2296815448
31.28 39.2733639296
31.3 39.313210522
31.32 39.3492259435
31.34 39.3814144977
31.36 39.4097801382
31.38 39.4343264404
31.4 39.4550565765
31.42 39.471973293
31.44 39.4850788925
31.46 39.4943752178
31.48 39.4998636395
31.5 39.5015450466
31.52 39.4994198406
31.54 39.4934879323
31.56 39.4837487422
31.58 39.4702012035
31.6 39.4528437689
31.62 39.4316744203
31.64 39.4066906821
31.66 39.3778896371
31.68 39.3452679466
31.7 39.3088218732
31.72 39.2685473077
31.74 39.2244397987
31.76 39.1764945865
31.78 39.1247066403
31.8 39.0690706984
31.82 39.0095813135
31.84 38.9462329002
31.86 38.879019787
31.88 38.8079362723
31.9 38.7329766834
31.92 38.6541354397
31.94 38.5714071201
31.96 38.4847865333
31.98 38.3942687923
32.0 38.2998493926
32.02 38.201524294
32.04 38.0992900058
32.06 37.9931436756
32.08 37.8830831815
32.1 37.7691072273
32.12 37.6512154415
32.14 37.5294084779
32.16 37.4036881208
32.18 37.2740573913
32.2 37.1405206566
32.22 37.0030837416
32.24 36.8617540423
32.26 36.7165406405
32.28 36.5674544206
32.3 36.4145081868
32.32 36.2577167817
32.34 36.0970972048
32.36 35.9326687314
32.38 35.7644530309
32.4 35.5924742851
32.42 35.4167593046
32.44 35.237337644
32.46 35.0542417156
32.48 34.8675068999
32.5 34.6771716537
32.52 34.483277615
32.54 34.2858697035
32.56 34.0849962174
32.58 33.8807089246
32.6 33.6730631493
32.62 33.4621178519
32.64 33.247935703
32.66 33.0305831505
32.68 32.8101304782
32.7 32.586651858
32.72 32.360225392
32.74 32.1309331467
32.76 31.8988611768
32.78 31.6640995399
32.8 31.4267422998
32.82 31.18688752
32.84 30.9446372454
32.86 30.7000974721
32.88 30.4533781066
32.9 30.2045929113
32.92 29.9538594396
32.94 29.7012989565
32.96 29.4470363483
32.98 29.1912000191
33.0 28.9339217753
33.02 28.6753366963
33.04 28.4155829953
33.06 28.1548018659
33.08 27.8931373188
33.1 27.6307360062
33.12 27.367747036
33.14 27.1043217758
33.16 26.8406136471
33.18 26.5767779115
33.2 26.3129714473
33.22 26.0493525207
33.24 25.7860805495
33.26 25.5233158617
33.28 25.2612194502
33.3 24.9999527233
33.32 24.7396772543
33.34 24.4805545284
33.36 24.2227456911
33.38 23.9664112969
33.4 23.7117110604
33.42 23.4588036111
33.44 23.2078462528
33.46 22.9589947279
33.48 22.7124029897
33.5 22.468222981
33.52 22.2266044224
33.54 21.98769461
33.56 21.7516382227
33.58 21.5185771419
33.6 21.2886502818
33.62 21.0619934333
33.64 20.8387391199
33.66 20.6190164671
33.68 20.4029510861
33.7 20.1906649706
33.72 19.9822764079
33.74 19.7778999041
33.76 19.5776461231
33.78 19.3816218398
33.8 19.1899299061
33.82 19.002669231
33.84 18.8199347731
33.86 18.6418175453
33.88 18.468404632
33.9 18.2997792162
33.92 18.1360206191
33.94 17.9772043474
33.96 17.823402151
33.98 17.674682089
34.0 17.5311086022
34.02 17.3927425934
34.04 17.259641512
34.06 17.1318594452
34.08 17.0094472122
34.1 16.8924524612
34.12 16.7809197697
34.14 16.6748907456
34.16 16.5744041289
34.18 16.4794958939
34.2 16.3901993492
34.22 16.3065452372
34.24 16.2285618307
34.26 16.1562750259
34.28 16.0897084329
34.3 16.02888346
34.32 15.9738193951
34.34 15.9245334801
34.36 15.88104098
34.38 15.8433552459
34.4 15.8114877702
34.42 15.7854482365
34.44 15.7652445598
34.46 15.7508829214
34.48 15.7423677939
34.5 15.7397019602
34.52 15.742886522
34.54 15.751920903
34.56 15.7668028407
34.58 15.7875283734
34.6 15.8140918164
34.62 15.8464857312
34.64 15.8847008881
34.66 15.9287262192
34.68 15.9785487656
34.7 16.034153617
34.72 16.0955238453
34.74 16.1626404312
34.76 16.2354821861
34.78 16.314025667
34.8 16.3982450898
34.82 16.488112235
34.84 16.5835963525
34.86 16.6846640627
34.88 16.7912792552
34.9 16.903402987
34.92 17.020993379
34.94 17.1440055144
34.96 17.2723913362
34.98 17.4060995481
35.0 17.5450755177
35.02 17.6892611826
35.04 17.8385949627
35.06 17.9930116758
35.08 18.1524424611
35.1 18.3168147091
35.12 18.4860519994
35.14 18.6600740472
35.16 18.8387966598
35.18 19.022131703
35.2 19.2099870778
35.22 19.4022667103
35.24 19.5988705519
35.26 19.7996945936
35.28 20.0046308923
35.3 20.2135676115
35.32 20.4263890748
35.34 20.642975834
35.36 20.8632047508
35.38 21.0869490928
35.4 21.314078643
35.42 21.5444598236
35.44 21.7779558327
35.46 22.0144267942
35.48 22.253729921
35.5 22.4957196888
35.52 22.740248023
35.54 22.9871644949
35.56 23.2363165288
35.58 23.4875496175
35.6 23.7407075458
35.62 23.9956326223
35.64 24.2521659152
35.66 24.5101474955
35.68 24.7694166822
35.7 25.0298122913
35.72 25.2911728866
35.74 25.55333703
35.76 25.8161435327
35.78 26.0794317035
35.8 26.3430415953
35.82 26.606814247
35.84 26.8705919211
35.86 27.1342183354
35.88 27.3975388883
35.9 27.6604008757
35.92 27.922653701
35.94 28.1841490745
35.96 28.4447412043
35.98 28.7042869766
36.0 28.9626461245
36.02 29.2196813868
36.04 29.4752586543
36.06 29.7292471043
36.08 29.9815193237
36.1 30.2319514189
36.12 30.480423114
36.14 30.7268178366
36.16 30.9710227913
36.18 31.2129290205
36.2 31.4524314544
36.22 31.6894289479
36.24 31.9238243067
36.26 32.1555243025
36.28 32.384439676
36.3 32.6104851312
36.32 32.8335793182
36.34 33.0536448072
36.36 33.2706080528
36.38 33.4843993499
36.4 33.6949527815
36.42 33.9022061585
36.44 34.1061009525
36.46 34.3065822217
36.48 34.5035985313
36.5 34.6971018674
36.52 34.8870475462
36.54 35.073394119
36.56 35.2561032721
36.58 35.4351397243
36.6 35.61047112
36.62 35.7820679207
36.64 35.9499032937
36.66 36.1139529991
36.68 36.2741952758
36.7 36.4306107258
36.72 36.5831821989
36.74 36.7318946764
36.76 36.8767351558
36.78 37.0176925348
36.8 37.1547574976
36.82 37.287922401
36.84 37.4171811629
36.86 37.5425291519
36.88 37.663963079
36.9 37.7814808914
36.92 37.8950816686
36.94 38.0047655213
36.96 38.1105334924
36.98 38.2123874614
37.0 38.310330052
37.02 38.4043645416
37.04 38.4944947755
37.06 38.5807250831
37.08 38.6630601988
37.1 38.7415051846
37.12 38.8160653579
37.14 38.8867462216
37.16 38.9535533981
37.18 39.0164925668
37.2 39.0755694053
37.22 39.1307895337
37.24 39.1821584627
37.26 39.2296815448
37.28 39.2733639296
37.3 39.313210522
37.32 39.3492259435
37.34 39.3814144977
37.36 39.4097801382
37.38 39.4343264404
37.4 39.4550565765
37.42 39.471973293
37.44 39.4850788925
37.46 39.4943752178
37.48 39.4998636395
37.5 39.5015450466
37.52 39.4994198406
37.54 39.4934879323
37.56 39.4837487422
37.58 39.4702012035
37.6 39.4528437689
37.62 39.4316744203
37.64 39.4066906821
37.66 39.3778896371
37.68 39.3452679466
37.7 39.3088218732
37.72 39.2685473077
37.74 39.2244397987
37.76 39.1764945865
37.78 39.1247066403
37.8 39.0690706984
37.82 39.0095813135
37.84 38.9462329002
37.86 38.879019787
37.88 38.8079362723
37.9 38.7329766834
37.92 38.6541354397
37.94 38.5714071201
37.96 38.4847865333
37.98 38.3942687923
38.0 38.2998493926
38.02 38.201524294
38.04 38.0992900058
38.06 37.9931436756
38.08 37.8830831815
38.1 37.7691072273
38.12 37.6512154415
38.14 37.5294084779
38.16 37.4036881208
38.18 37.2740573913
38.2 37.1405206566
38.22 37.0030837416
38.24 36.8617540423
38.26 36.7165406405
38.28 36.5674544206
38.3 36.4145081868
38.32 36.2577167817
38.34 36.0970972048
38.36 35.9326687313
38.38 35.7644530309
38.4 35.5924742851
38.42 35.4167593046
38.44 35.2373376441
38.46 35.0542417156
38.48 34.8675068999
38.5 34.6771716537
38.52 34.483277615
38.54 34.2858697035
38.56 34.0849962174
38.58 33.8807089246
38.6 33.6730631493
38.62 33.4621178519
38.64 33.247935703
38.66 33.0305831505
38.68 32.8101304782
38.7 32.586651858
38.72 32.360225392
38.74 32.1309331467
38.76 31.8988611768
38.78 31.6640995399
38.8 31.4267422998
38.82 31.18688752
38.84 30.9446372454
38.86 30.7000974721
38.88 30.4533781066
38.9 30.2045929113
38.92 29.9538594396
38.94 29.7012989565
38.96 29.4470363482
38.98 29.1912000191
39.0 28.9339217753
39.02 28.6753366963
39.04 28.4155829953
39.06 28.1548018659
39.08 27.8931373188
39.1 27.6307360062
39.12 27.367747036
39.14 27.1043217758
39.16 26.8406136471
39.18 26.5767779115
39.2 26.3129714473
39.22 26.0493525207
39.24 25.7860805495
39.26 25.5233158617
39.28 25.2612194502
39.3 24.9999527233
39.32 24.7396772543
39.34 24.4805545284
39.36 24.2227456911
39.38 23.9664112969
39.4 23.7117110604
39.42 23.4588036111
39.44 23.2078462528
39.46 22.9589947279
39.48 22.7124029897
39.5 22.4682229809
39.52 22.2266044224
39.54 21.98769461
39.56 21.7516382227
39.58 21.5185771419
39.6 21.2886502818
39.62 21.0619934333
39.64 20.8387391199
39.66 20.6190164671
39.68 20.4029510861
39.7 20.1906649707
39.72 19.9822764079
39.74 19.7778999041
39.76 19.5776461231
39.78 19.3816218398
39.8 19.1899299061
39.82 19.002669231
39.84 18.819934773
39.86 18.6418175453
39.88 18.4684046319
39.9 18.2997792162
39.92 18.1360206191
39.94 17.9772043474
39.96 17.823402151
39.98 17.674682089
