0.0 -0.0310926149745
0.02 -0.02584607419
0.04 -0.0206624125269
0.06 -0.0155431188103
0.08 -0.0104895211261
0.1 -0.00550278948173
0.12 -0.00058393905497
0.14 0.00426616589199
0.16 0.00904680751321
0.18 0.0137574093749
0.2 0.0183975307794
0.22 0.0229668606979
0.24 0.02746521111
0.26 0.0318925099763
0.28 0.0362487937176
0.3 0.0405341993549
0.32 0.0447489562912
0.34 0.0488933778086
0.36 0.0529678522742
0.38 0.0569728341692
0.4 0.06090883494
0.42 0.0647764137195
0.44 0.068576167989
0.46 0.072308724234
0.48 0.075974728605
0.5 0.0795748376694
0.52 0.0831097092991
0.54 0.0865799937544
0.56 0.0899863249565
0.58 0.093329312108
0.6 0.0966095315762
0.62 0.0998275192196
0.64 0.102983763096
0.66 0.106078696676
0.68 0.10911269254
0.7 0.112086056659
0.72 0.114999023253
0.74 0.117851750282
0.76 0.120644315609
0.78 0.123376713815
0.8 0.126048853786
0.82 0.128660556972
0.84 0.131211556422
0.86 0.133701496601
0.88 0.136129933903
0.9 0.138496338001
0.92 0.140800093899
0.94 0.143040504759
0.96 0.145216795447
0.98 0.147328116785
1.0 0.149373550456
1.02 0.151352114605
1.04 0.153262769969
1.06 0.15510442662
1.08 0.156875951143
1.1 0.158576174355
1.12 0.160203899271
1.14 0.161757909525
1.16 0.163236977917
1.18 0.16463987521
1.2 0.165965378998
1.22 0.167212282566
1.24 0.168379403734
1.26 0.169465593531
1.28 0.170469744658
1.3 0.171390799651
1.32 0.1722277587
1.34 0.172979686956
1.36 0.173645721419
1.38 0.174225077164
1.4 0.174717052983
1.42 0.175121036319
1.44 0.17543650746
1.46 0.175663042962
1.48 0.175800318282
1.5 0.175848109538
1.52 0.175806294474
1.54 0.175674852516
1.56 0.17545386403
1.58 0.175143508696
1.6 0.174744063069
1.62 0.174255897349
1.64 0.173679471385
1.66 0.173015329935
1.68 0.172264097308
1.7 0.171426471292
1.72 0.170503216632
1.74 0.169495157933
1.76 0.168403172178
1.78 0.167228180884
1.8 0.165971141998
1.82 0.164633041563
1.84 0.163214885301
1.86 0.161717690154
1.88 0.160142475814
1.9 0.158490256461
1.92 0.156762032566
1.94 0.154958783105
1.96 0.153081457941
1.98 0.151130970753
2.0 0.149108192279
2.02 0.147013944213
2.04 0.1448489935
2.06 0.142614047392
2.08 0.140309749024
2.1 0.137936673741
2.12 0.135495326081
2.14 0.132986137518
2.16 0.130409464891
2.18 0.127765589658
2.2 0.125054717804
2.22 0.122276980578
2.24 0.119432435924
2.26 0.116521070644
2.28 0.113542803286
2.3 0.110497487702
2.32 0.10738491727
2.34 0.10420482974
2.36 0.100956912685
2.38 0.0976408094941
2.4 0.0942561258873
2.42 0.0908024369116
2.44 0.0872792943262
2.46 0.0836862344251
2.48 0.0800227861267
2.5 0.0762884793746
2.52 0.0724828537824
2.54 0.0686054673859
2.56 0.0646559055752
2.58 0.0606337900978
2.6 0.056538788011
2.62 0.0523706206579
2.64 0.0481290725374
2.66 0.0438140000141
2.68 0.03942533985
2.7 0.0349631175032
2.72 0.0304274551296
2.74 0.025818579249
2.76 0.0211368280464
2.78 0.0163826582738
2.8 0.0115566516503
2.82 0.00665952083809
2.84 0.00169211485066
2.86 -0.00334457606908
2.88 -0.00844941613287
2.9 -0.0136211203323
2.92 -0.0188582513147
2.94 -0.0241592169606
2.96 -0.0295222685609
2.98 -0.0349454996625
3.0 -0.0404268455754
3.02 -0.0459640835433
3.04 -0.0515548335448
3.06 -0.0571965598133
3.08 -0.0628865728954
3.1 -0.068622032459
3.12 -0.0743999506089
3.14 -0.08021719588
3.16 -0.0860704977328
3.18 -0.0919564516644
3.2 -0.097871524762
3.22 -0.103812061829
3.24 -0.109774291882
3.26 -0.115754335133
3.28 -0.121748210319
3.3 -0.127751842408
3.32 -0.133761070535
3.34 -0.139771656328
3.36 -0.145779292366
3.38 -0.151779610798
3.4 -0.157768192206
3.42 -0.163740574482
3.44 -0.169692261762
3.46 -0.175618733453
3.48 -0.181515453112
3.5 -0.187377877387
3.52 -0.193201464766
3.54 -0.198981684199
3.56 -0.20471402364
3.58 -0.210393998158
3.6 -0.2160171581
3.62 -0.221579096769
3.64 -0.227075457806
3.66 -0.232501942441
3.68 -0.237854316167
3.7 -0.243128415182
3.72 -0.248320152413
3.74 -0.253425523155
3.76 -0.258440610281
3.78 -0.263361589011
3.8 -0.268184731345
3.82 -0.27290640993
3.84 -0.277523101632
3.86 -0.282031390569
3.88 -0.28642797084
3.9 -0.290709648617
3.92 -0.294873344158
3.94 -0.298916093099
3.96 -0.302835047577
3.98 -0.306627476903
4.0 -0.310290767866
4.02 -0.313822424822
4.04 -0.317220069363
4.06 -0.320481439723
4.08 -0.323604390071
4.1 -0.32658688926
4.12 -0.329427019934
4.14 -0.332122976632
4.16 -0.334673064805
4.18 -0.337075698576
4.2 -0.339329399472
4.22 -0.34143279433
4.24 -0.343384613533
4.26 -0.345183689337
4.28 -0.346828953807
4.3 -0.348319437397
4.32 -0.349654267004
4.34 -0.350832664557
4.36 -0.351853945665
4.38 -0.352717518249
4.4 -0.353422881305
4.42 -0.353969624211
4.44 -0.354357425985
4.46 -0.354586054373
4.48 -0.354655366108
4.5 -0.354565306221
4.52 -0.354315908707
4.54 -0.353907296327
4.56 -0.353339681759
4.58 -0.352613367766
4.6 -0.351728748683
4.62 -0.350686311412
4.64 -0.349486636758
4.66 -0.348130400991
4.68 -0.346618377672
4.7 -0.344951439422
4.72 -0.343130559732
4.74 -0.341156815297
4.76 -0.339031387802
4.78 -0.336755566328
4.8 -0.334330749352
4.82 -0.331758446798
4.84 -0.329040282402
4.86 -0.326177995205
4.88 -0.323173441983
4.9 -0.32002859839
4.92 -0.316745560959
4.94 -0.313326548051
4.96 -0.309773901129
4.98 -0.306090085419
5.0 -0.302277690404
5.02 -0.298339430015
5.04 -0.29427814228
5.06 -0.290096788874
5.08 -0.285798453895
5.1 -0.281386342556
5.12 -0.2768637793
5.14 -0.272234205299
5.16 -0.267501175786
5.18 -0.262668356655
5.2 -0.257739520749
5.22 -0.252718543532
5.24 -0.247609398389
5.26 -0.242416151401
5.28 -0.237142955642
5.3 -0.231794045073
5.32 -0.226373727962
5.34 -0.220886379894
5.36 -0.21533643636
5.38 -0.209728385087
5.4 -0.204066757884
5.42 -0.19835612219
5.44 -0.192601072567
5.46 -0.186806221584
5.48 -0.180976190827
5.5 -0.175115601561
5.52 -0.169229065324
5.54 -0.163321174467
5.56 -0.157396492576
5.58 -0.151459545007
5.6 -0.145514809386
5.62 -0.139566706231
5.64 -0.133619589769
5.66 -0.127677738813
5.68 -0.121745347994
5.7 -0.115826519236
5.72 -0.109925253437
5.74 -0.104045442665
5.76 -0.098190862624
5.78 -0.0923651656133
5.8 -0.0865718738822
5.82 -0.0808143735904
5.84 -0.0750959091556
5.86 -0.0694195782628
5.88 -0.0637883274007
5.9 -0.058204948001
5.92 -0.0526720732046
5.94 -0.047192175262
5.96 -0.0417675635512
5.98 -0.036400383312
6.0 -0.0310926149774
6.02 -0.0258460741885
6.04 -0.0206624125273
6.06 -0.0155431188094
6.08 -0.0104895211265
6.1 -0.00550278948228
6.12 -0.000583939053863
6.14 0.00426616589242
6.16 0.00904680751123
6.18 0.0137574093759
6.2 0.0183975307809
6.22 0.0229668606942
6.24 0.0274652111126
6.26 0.0318925099748
6.28 0.0362487937193
6.3 0.0405341993537
6.32 0.044748956292
6.34 0.0488933778082
6.36 0.0529678522742
6.38 0.0569728341692
6.4 0.0609088349407
6.42 0.0647764137182
6.44 0.0685761679897
6.46 0.072308724234
6.48 0.0759747286061
6.5 0.0795748376672
6.52 0.0831097093011
6.54 0.0865799937525
6.56 0.0899863249571
6.58 0.0933293121089
6.6 0.0966095315747
6.62 0.099827519222
6.64 0.102983763093
6.66 0.106078696678
6.68 0.109112692539
6.7 0.112086056659
6.72 0.114999023251
6.74 0.117851750282
6.76 0.120644315608
6.78 0.123376713818
6.8 0.126048853783
6.82 0.128660556971
6.84 0.131211556426
6.86 0.133701496599
6.88 0.136129933904
6.9 0.138496337999
6.92 0.1408000939
6.94 0.143040504759
6.96 0.145216795447
6.98 0.147328116785
7.0 0.149373550456
7.02 0.151352114605
7.04 0.153262769969
7.06 0.15510442662
7.08 0.156875951144
7.1 0.158576174355
7.12 0.160203899271
7.14 0.161757909525
7.16 0.163236977917
7.18 0.16463987521
7.2 0.165965378998
7.22 0.167212282566
7.24 0.168379403734
7.26 0.169465593531
7.28 0.170469744658
7.3 0.171390799651
7.32 0.1722277587
7.34 0.172979686956
7.36 0.173645721419
7.38 0.174225077164
7.4 0.174717052983
7.42 0.175121036319
7.44 0.17543650746
7.46 0.175663042962
7.48 0.175800318282
7.5 0.175848109538
7.52 0.175806294474
7.54 0.175674852516
7.56 0.17545386403
7.58 0.175143508696
7.6 0.174744063069
7.62 0.174255897349
7.64 0.173679471384
7.66 0.173015329937
7.68 0.172264097307
7.7 0.171426471292
7.72 0.170503216632
7.74 0.169495157933
7.76 0.168403172178
7.78 0.167228180884
7.8 0.165971141998
7.82 0.164633041563
7.84 0.163214885301
7.86 0.161717690151
7.88 0.160142475818
7.9 0.158490256458
7.92 0.156762032567
7.94 0.154958783103
7.96 0.153081457942
7.98 0.151130970752
8.0 0.149108192281
8.02 0.147013944212
8.04 0.144848993501
8.06 0.142614047392
8.08 0.140309749025
8.1 0.137936673741
8.12 0.13549532608
8.14 0.132986137519
8.16 0.130409464891
8.18 0.127765589656
8.2 0.125054717804
8.22 0.12227698058
8.24 0.119432435923
8.26 0.116521070646
8.28 0.113542803285
8.3 0.110497487705
8.32 0.107384917268
8.34 0.104204829739
8.36 0.100956912687
8.38 0.0976408094935
8.4 0.0942561258866
8.42 0.0908024369119
8.44 0.0872792943278
8.46 0.0836862344244
8.48 0.0800227861258
8.5 0.0762884793744
8.52 0.0724828537837
8.54 0.0686054673852
8.56 0.0646559055741
8.58 0.0606337901
8.6 0.0565387880099
8.62 0.0523706206579
8.64 0.0481290725374
8.66 0.0438140000132
8.68 0.0394253398504
8.7 0.0349631175048
8.72 0.0304274551283
8.74 0.0258185792494
8.76 0.0211368280455
8.78 0.0163826582738
8.8 0.0115566516505
8.82 0.00665952083806
8.84 0.00169211485137
8.86 -0.00334457607062
8.88 -0.00844941613092
8.9 -0.0136211203352
8.92 -0.0188582513108
8.94 -0.0241592169617
8.96 -0.0295222685625
8.98 -0.0349454996616
9.0 -0.0404268455778
9.02 -0.0459640835374
9.04 -0.0515548335503
9.06 -0.0571965598094
9.08 -0.0628865728993
9.1 -0.0686220324562
9.12 -0.0743999506117
9.14 -0.0802171958762
9.16 -0.0860704977329
9.18 -0.091956451668
9.2 -0.0978715247603
9.22 -0.10381206183
9.24 -0.10977429188
9.26 -0.115754335135
9.28 -0.121748210318
9.3 -0.127751842408
9.32 -0.133761070535
9.34 -0.139771656329
9.36 -0.145779292365
9.38 -0.151779610798
9.4 -0.157768192207
9.42 -0.163740574481
9.44 -0.169692261762
9.46 -0.175618733453
9.48 -0.181515453112
9.5 -0.187377877387
9.52 -0.193201464766
9.54 -0.198981684199
9.56 -0.204714023643
9.58 -0.21039399815
9.6 -0.216017158104
9.62 -0.221579096769
9.64 -0.227075457806
9.66 -0.232501942441
9.68 -0.237854316172
9.7 -0.243128415172
9.72 -0.248320152418
9.74 -0.253425523155
9.76 -0.258440610281
9.78 -0.263361589011
9.8 -0.268184731346
9.82 -0.272906409928
9.84 -0.277523101633
9.86 -0.282031390569
9.88 -0.28642797084
9.9 -0.290709648623
9.92 -0.294873344145
9.94 -0.298916093105
9.96 -0.302835047581
9.98 -0.306627476895
10.0 -0.31029076787
10.02 -0.313822424822
10.04 -0.317220069363
10.06 -0.320481439723
10.08 -0.323604390071
10.1 -0.326586889266
10.12 -0.329427019922
10.14 -0.332122976637
10.16 -0.334673064805
10.18 -0.337075698576
10.2 -0.339329399472
10.22 -0.34143279433
10.24 -0.343384613533
10.26 -0.345183689337
10.28 -0.346828953807
10.3 -0.348319437397
10.32 -0.349654266992
10.34 -0.350832664581
10.36 -0.351853945659
10.38 -0.352717518238
10.4 -0.353422881311
10.42 -0.353969624211
10.44 -0.354357425985
10.46 -0.354586054373
10.48 -0.354655366108
10.5 -0.354565306221
10.52 -0.354315908707
10.54 -0.353907296327
10.56 -0.353339681759
10.58 -0.352613367766
10.6 -0.351728748683
10.62 -0.350686311412
10.64 -0.349486636758
10.66 -0.348130400991
10.68 -0.346618377672
10.7 -0.344951439422
10.72 -0.343130559732
10.74 -0.341156815297
10.76 -0.339031387802
10.78 -0.336755566328
10.8 -0.334330749352
10.82 -0.331758446798
10.84 -0.329040282402
10.86 -0.326177995205
10.88 -0.323173441983
10.9 -0.32002859839
10.92 -0.316745560963
10.94 -0.313326548042
10.96 -0.309773901133
10.98 -0.306090085419
11.0 -0.302277690404
11.02 -0.298339430015
11.04 -0.29427814228
11.06 -0.290096788877
11.08 -0.285798453888
11.1 -0.28138634256
11.12 -0.2768637793
11.14 -0.2722342053
11.16 -0.267501175784
11.18 -0.262668356656
11.2 -0.257739520749
11.22 -0.252718543532
11.24 -0.247609398394
11.26 -0.242416151392
11.28 -0.237142955647
11.3 -0.231794045073
11.32 -0.226373727962
11.34 -0.220886379894
11.36 -0.215336436359
11.38 -0.209728385091
11.4 -0.204066757882
11.42 -0.198356122189
11.44 -0.192601072568
11.46 -0.186806221584
11.48 -0.180976190827
11.5 -0.175115601562
11.52 -0.169229065322
11.54 -0.163321174469
11.56 -0.157396492573
11.58 -0.151459545012
11.6 -0.145514809384
11.62 -0.139566706231
11.64 -0.133619589769
11.66 -0.127677738812
11.68 -0.121745347996
11.7 -0.115826519235
11.72 -0.109925253437
11.74 -0.104045442665
11.76 -0.0981908626249
11.78 -0.0923651656089
11.8 -0.0865718738901
11.82 -0.0808143735842
11.84 -0.0750959091574
11.86 -0.0694195782627
11.88 -0.0637883273999
11.9 -0.058204948
11.92 -0.0526720732092
11.94 -0.0471921752592
11.96 -0.0417675635512
11.98 -0.0364003833134
12.0 -0.0310926149726
12.02 -0.0258460741947
12.04 -0.0206624125231
12.06 -0.0155431188112
12.08 -0.0104895211261
12.1 -0.00550278948173
12.12 -0.000583939053441
12.14 0.00426616588891
12.16 0.0090468075142
12.18 0.013757409376
12.2 0.0183975307788
12.22 0.0229668606974
12.24 0.0274652111102
12.26 0.0318925099771
12.28 0.0362487937169
12.3 0.0405341993545
12.32 0.0447489562918
12.34 0.048893377808
12.36 0.0529678522753
12.38 0.0569728341685
12.4 0.0609088349407
12.42 0.0647764137182
12.44 0.0685761679893
12.46 0.0723087242338
12.48 0.0759747286068
12.5 0.0795748376683
12.52 0.0831097092985
12.54 0.0865799937551
12.56 0.0899863249561
12.58 0.093329312109
12.6 0.0966095315755
12.62 0.0998275192196
12.64 0.102983763096
12.66 0.106078696676
12.68 0.109112692539
12.7 0.11208605666
12.72 0.114999023252
12.74 0.117851750282
12.76 0.120644315608
12.78 0.123376713815
12.8 0.126048853786
12.82 0.12866055697
12.84 0.131211556426
12.86 0.133701496599
12.88 0.136129933903
12.9 0.138496338001
12.92 0.140800093899
12.94 0.143040504759
12.96 0.145216795447
12.98 0.147328116785
13.0 0.149373550457
13.02 0.151352114603
13.04 0.153262769969
13.06 0.15510442662
13.08 0.156875951145
13.1 0.158576174353
13.12 0.160203899273
13.14 0.161757909524
13.16 0.163236977916
13.18 0.164639875211
13.2 0.165965378998
13.22 0.167212282567
13.24 0.168379403732
13.26 0.169465593532
13.28 0.170469744658
13.3 0.171390799651
13.32 0.1722277587
13.34 0.172979686956
13.36 0.173645721419
13.38 0.174225077164
13.4 0.174717052983
13.42 0.175121036319
13.44 0.17543650746
13.46 0.175663042962
13.48 0.175800318282
13.5 0.175848109538
13.52 0.175806294474
13.54 0.175674852516
13.56 0.17545386403
13.58 0.175143508696
13.6 0.174744063069
13.62 0.174255897349
13.64 0.173679471384
13.66 0.173015329937
13.68 0.172264097307
13.7 0.171426471292
13.72 0.170503216632
13.74 0.169495157933
13.76 0.168403172177
13.78 0.167228180885
13.8 0.165971141997
13.82 0.164633041564
13.84 0.163214885301
13.86 0.161717690151
13.88 0.160142475818
13.9 0.158490256458
13.92 0.156762032566
13.94 0.154958783104
13.96 0.153081457944
13.98 0.151130970751
14.0 0.149108192279
14.02 0.147013944212
14.04 0.144848993502
14.06 0.142614047391
14.08 0.140309749023
14.1 0.137936673742
14.12 0.135495326083
14.14 0.132986137516
14.16 0.130409464891
14.18 0.127765589657
14.2 0.125054717806
14.22 0.122276980577
14.24 0.119432435924
14.26 0.116521070646
14.28 0.113542803285
14.3 0.110497487704
14.32 0.107384917269
14.34 0.104204829743
14.36 0.100956912683
14.38 0.0976408094922
14.4 0.0942561258903
14.42 0.0908024369108
14.44 0.0872792943263
14.46 0.0836862344251
14.48 0.0800227861258
14.5 0.0762884793744
14.52 0.072482853783
14.54 0.0686054673854
14.56 0.0646559055762
14.58 0.0606337900976
14.6 0.0565387880093
14.62 0.0523706206592
14.64 0.0481290725398
14.66 0.0438140000099
14.68 0.0394253398514
14.7 0.0349631175048
14.72 0.0304274551288
14.74 0.0258185792467
14.76 0.0211368280495
14.78 0.0163826582734
14.8 0.0115566516476
14.82 0.00665952083897
14.84 0.00169211485235
14.86 -0.00334457606965
14.88 -0.00844941613297
14.9 -0.0136211203323
14.92 -0.0188582513149
14.94 -0.0241592169607
14.96 -0.0295222685613
14.98 -0.0349454996614
15.0 -0.040426845576
15.02 -0.0459640835424
15.04 -0.0515548335485
15.06 -0.0571965598086
15.08 -0.0628865728973
15.1 -0.068622032459
15.12 -0.0743999506089
15.14 -0.08021719588
15.16 -0.0860704977319
15.18 -0.0919564516662
15.2 -0.097871524761
15.22 -0.103812061829
15.24 -0.109774291882
15.26 -0.115754335132
15.28 -0.121748210321
15.3 -0.127751842407
15.32 -0.133761070534
15.34 -0.13977165633
15.36 -0.145779292364
15.38 -0.151779610801
15.4 -0.157768192206
15.42 -0.163740574482
15.44 -0.16969226176
15.46 -0.175618733453
15.48 -0.18151545311
15.5 -0.187377877391
15.52 -0.193201464763
15.54 -0.198981684202
15.56 -0.204714023635
15.58 -0.21039399816
15.6 -0.2160171581
15.62 -0.221579096769
15.64 -0.227075457806
15.66 -0.232501942441
15.68 -0.237854316167
15.7 -0.243128415182
15.72 -0.248320152413
15.74 -0.253425523155
15.76 -0.258440610281
15.78 -0.263361589011
15.8 -0.268184731346
15.82 -0.272906409928
15.84 -0.277523101633
15.86 -0.282031390573
15.88 -0.286427970833
15.9 -0.290709648625
15.92 -0.294873344149
15.94 -0.298916093103
15.96 -0.302835047581
15.98 -0.306627476895
16.0 -0.31029076787
16.02 -0.313822424822
16.04 -0.317220069363
16.06 -0.320481439723
16.08 -0.323604390071
16.1 -0.32658688926
16.12 -0.329427019934
16.14 -0.332122976632
16.16 -0.334673064805
16.18 -0.337075698578
16.2 -0.339329399471
16.22 -0.34143279433
16.24 -0.343384613533
16.26 -0.345183689337
16.28 -0.346828953807
16.3 -0.348319437397
16.32 -0.349654267004
16.34 -0.350832664557
16.36 -0.351853945665
16.38 -0.352717518249
16.4 -0.353422881305
16.42 -0.353969624211
16.44 -0.354357425985
16.46 -0.354586054373
16.48 -0.354655366108
16.5 -0.354565306221
16.52 -0.354315908707
16.54 -0.353907296327
16.56 -0.353339681759
16.58 -0.352613367766
16.6 -0.351728748671
16.62 -0.350686311436
16.64 -0.349486636746
16.66 -0.348130400991
16.68 -0.346618377672
16.7 -0.344951439422
16.72 -0.343130559732
16.74 -0.341156815297
16.76 -0.339031387802
16.78 -0.336755566328
16.8 -0.334330749352
16.82 -0.331758446798
16.84 -0.329040282395
16.86 -0.326177995218
16.88 -0.323173441976
16.9 -0.32002859839
16.92 -0.316745560959
16.94 -0.313326548051
16.96 -0.309773901129
16.98 -0.306090085419
17.0 -0.302277690404
17.02 -0.298339430009
17.04 -0.294278142292
17.06 -0.290096788871
17.08 -0.285798453888
17.1 -0.28138634256
17.12 -0.276863779299
17.14 -0.2722342053
17.16 -0.267501175783
17.18 -0.262668356659
17.2 -0.257739520748
17.22 -0.252718543534
17.24 -0.247609398387
17.26 -0.242416151401
17.28 -0.237142955642
17.3 -0.231794045073
17.32 -0.226373727966
17.34 -0.220886379886
17.36 -0.215336436364
17.38 -0.209728385091
17.4 -0.204066757873
17.42 -0.198356122202
17.44 -0.19260107256
17.46 -0.186806221587
17.48 -0.180976190826
17.5 -0.175115601562
17.52 -0.169229065322
17.54 -0.163321174468
17.56 -0.157396492576
17.58 -0.151459545006
17.6 -0.145514809386
17.62 -0.139566706233
17.64 -0.133619589771
17.66 -0.127677738808
17.68 -0.121745347996
17.7 -0.115826519234
17.72 -0.10992525344
17.74 -0.104045442664
17.76 -0.098190862624
17.78 -0.0923651656133
17.8 -0.0865718738822
17.82 -0.0808143735894
17.84 -0.0750959091566
17.86 -0.0694195782638
17.88 -0.0637883273996
17.9 -0.0582049480001
17.92 -0.0526720732052
17.94 -0.0471921752638
17.96 -0.0417675635484
17.98 -0.0364003833148
18.0 -0.031092614976
18.02 -0.025846074188
18.04 -0.0206624125284
18.06 -0.0155431188072
18.08 -0.0104895211325
18.1 -0.0055027894753
18.12 -0.000583939054547
18.14 0.00426616588723
18.16 0.0090468075152
18.18 0.0137574093757
18.2 0.0183975307801
18.22 0.0229668606952
18.24 0.0274652111111
18.26 0.0318925099785
18.28 0.0362487937165
18.3 0.0405341993502
18.32 0.044748956297
18.34 0.0488933778059
18.36 0.0529678522751
18.38 0.0569728341697
18.4 0.0609088349402
18.42 0.0647764137188
18.44 0.0685761679884
18.46 0.0723087242345
18.48 0.0759747286067
18.5 0.0795748376684
18.52 0.0831097092963
18.54 0.0865799937562
18.56 0.0899863249588
18.58 0.0933293121045
18.6 0.0966095315786
18.62 0.099827519219
18.64 0.102983763096
18.66 0.106078696675
18.68 0.10911269254
18.7 0.112086056659
18.72 0.114999023252
18.74 0.11785175028
18.76 0.12064431561
18.78 0.123376713816
18.8 0.126048853784
18.82 0.128660556974
18.84 0.131211556422
18.86 0.133701496603
18.88 0.1361299339
18.9 0.138496338004
18.92 0.140800093897
18.94 0.143040504761
18.96 0.145216795446
18.98 0.147328116784
19.0 0.149373550457
19.02 0.151352114605
19.04 0.153262769969
19.06 0.155104426619
19.08 0.156875951146
19.1 0.158576174353
19.12 0.160203899273
19.14 0.161757909524
19.16 0.163236977916
19.18 0.164639875209
19.2 0.165965378999
19.22 0.167212282566
19.24 0.168379403734
19.26 0.169465593531
19.28 0.170469744658
19.3 0.171390799651
19.32 0.1722277587
19.34 0.172979686955
19.36 0.173645721419
19.38 0.174225077162
19.4 0.174717052985
19.42 0.175121036318
19.44 0.17543650746
19.46 0.175663042962
19.48 0.175800318282
19.5 0.175848109538
19.52 0.175806294474
19.54 0.175674852516
19.56 0.17545386403
19.58 0.175143508697
19.6 0.174744063069
19.62 0.174255897347
19.64 0.173679471386
19.66 0.173015329935
19.68 0.172264097308
19.7 0.171426471292
19.72 0.170503216632
19.74 0.169495157932
19.76 0.168403172179
19.78 0.167228180884
19.8 0.165971141998
19.82 0.164633041563
19.84 0.163214885301
19.86 0.161717690152
19.88 0.160142475815
19.9 0.15849025646
19.92 0.156762032566
19.94 0.154958783104
19.96 0.153081457944
19.98 0.15113097075
20.0 0.149108192282
20.02 0.147013944209
20.04 0.144848993506
20.06 0.142614047388
20.08 0.140309749025
20.1 0.137936673739
20.12 0.135495326085
20.14 0.132986137516
20.16 0.130409464891
20.18 0.127765589656
20.2 0.125054717807
20.22 0.122276980577
20.24 0.119432435925
20.26 0.116521070645
20.28 0.113542803284
20.3 0.110497487704
20.32 0.107384917268
20.34 0.104204829742
20.36 0.100956912685
20.38 0.0976408094893
20.4 0.0942561258925
20.42 0.0908024369086
20.44 0.0872792943296
20.46 0.0836862344203
20.48 0.0800227861288
20.5 0.0762884793768
20.52 0.0724828537806
20.54 0.0686054673841
20.56 0.0646559055767
20.58 0.0606337901
20.6 0.0565387880099
20.62 0.0523706206544
20.64 0.0481290725421
20.66 0.0438140000101
20.68 0.0394253398526
20.7 0.0349631175038
20.72 0.030427455129
20.74 0.0258185792449
20.76 0.02113682805
20.78 0.0163826582755
20.8 0.0115566516467
20.82 0.00665952083779
20.84 0.00169211485448
20.86 -0.00334457607273
20.88 -0.00844941612981
20.9 -0.0136211203341
20.92 -0.0188582513139
20.94 -0.0241592169599
20.96 -0.0295222685631
20.98 -0.0349454996625
21.0 -0.0404268455717
21.02 -0.0459640835471
21.04 -0.0515548335445
21.06 -0.0571965598135
21.08 -0.0628865728917
21.1 -0.0686220324653
21.12 -0.0743999506035
21.14 -0.0802171958791
21.16 -0.0860704977381
21.18 -0.0919564516601
21.2 -0.0978715247654
21.22 -0.103812061827
21.24 -0.10977429188
21.26 -0.115754335136
21.28 -0.12174821032
21.3 -0.127751842408
21.32 -0.133761070532
21.34 -0.139771656332
21.36 -0.14577929236
21.38 -0.151779610803
21.4 -0.157768192206
21.42 -0.163740574482
21.44 -0.16969226176
21.46 -0.175618733453
21.48 -0.18151545311
21.5 -0.187377877394
21.52 -0.193201464758
21.54 -0.198981684205
21.56 -0.204714023636
21.58 -0.210393998157
21.6 -0.216017158102
21.62 -0.221579096769
21.64 -0.227075457805
21.66 -0.232501942442
21.68 -0.237854316171
21.7 -0.243128415172
21.72 -0.248320152414
21.74 -0.253425523163
21.76 -0.258440610277
21.78 -0.263361589012
21.8 -0.268184731344
21.82 -0.27290640993
21.84 -0.277523101633
21.86 -0.282031390573
21.88 -0.286427970833
21.9 -0.290709648625
21.92 -0.294873344149
21.94 -0.298916093103
21.96 -0.302835047577
21.98 -0.306627476903
22.0 -0.310290767867
22.02 -0.313822424821
22.04 -0.317220069363
22.06 -0.320481439723
22.08 -0.323604390071
22.1 -0.32658688926
22.12 -0.329427019934
22.14 -0.332122976632
22.16 -0.334673064805
22.18 -0.337075698576
22.2 -0.339329399472
22.22 -0.341432794329
22.24 -0.343384613534
22.26 -0.345183689336
22.28 -0.346828953807
22.3 -0.348319437397
22.32 -0.349654266992
22.34 -0.350832664594
22.36 -0.351853945627
22.38 -0.352717518262
22.4 -0.353422881305
22.42 -0.353969624211
22.44 -0.354357425985
22.46 -0.354586054373
22.48 -0.354655366108
22.5 -0.354565306221
22.52 -0.354315908707
22.54 -0.353907296327
22.56 -0.353339681759
22.58 -0.352613367766
22.6 -0.351728748683
22.62 -0.350686311412
22.64 -0.349486636758
22.66 -0.348130400992
22.68 -0.34661837767
22.7 -0.344951439422
22.72 -0.343130559732
22.74 -0.341156815297
22.76 -0.339031387801
22.78 -0.33675556633
22.8 -0.334330749351
22.82 -0.331758446798
22.84 -0.329040282402
22.86 -0.32617799521
22.88 -0.323173441971
22.9 -0.320028598396
22.92 -0.316745560959
22.94 -0.313326548051
22.96 -0.309773901129
22.98 -0.306090085419
23.0 -0.302277690404
23.02 -0.298339430015
23.04 -0.29427814228
23.06 -0.290096788875
23.08 -0.285798453892
23.1 -0.281386342556
23.12 -0.276863779304
23.14 -0.272234205297
23.16 -0.267501175783
23.18 -0.262668356659
23.2 -0.257739520755
23.22 -0.25271854352
23.24 -0.247609398393
23.26 -0.242416151403
23.28 -0.23714295564
23.3 -0.231794045072
23.32 -0.226373727967
23.34 -0.220886379885
23.36 -0.215336436364
23.38 -0.209728385091
23.4 -0.204066757873
23.42 -0.1983561222
23.44 -0.192601072564
23.46 -0.186806221582
23.48 -0.18097619083
23.5 -0.175115601556
23.52 -0.169229065329
23.54 -0.163321174466
23.56 -0.157396492574
23.58 -0.151459545007
23.6 -0.145514809386
23.62 -0.139566706236
23.64 -0.133619589767
23.66 -0.127677738807
23.68 -0.121745348003
23.7 -0.115826519231
23.72 -0.10992525344
23.74 -0.104045442662
23.76 -0.0981908626275
23.78 -0.0923651656115
23.8 -0.0865718738804
23.82 -0.080814373593
23.84 -0.0750959091548
23.86 -0.0694195782637
23.88 -0.0637883273999
23.9 -0.0582049479981
23.92 -0.0526720732126
23.94 -0.0471921752528
23.96 -0.0417675635554
23.98 -0.0364003833147
24.0 -0.0310926149729
24.02 -0.0258460741896
24.04 -0.0206624125284
24.06 -0.0155431188093
24.08 -0.0104895211282
24.1 -0.00550278947572
24.12 -0.000583939058127
24.14 0.00426616589086
24.16 0.00904680751207
24.18 0.0137574093783
24.2 0.0183975307769
24.22 0.0229668606967
24.24 0.0274652111119
24.26 0.0318925099776
24.28 0.0362487937169
24.3 0.0405341993527
24.32 0.0447489562924
24.34 0.048893377808
24.36 0.0529678522751
24.38 0.0569728341718
24.4 0.0609088349358
24.42 0.0647764137197
24.44 0.068576167991
24.46 0.0723087242332
24.48 0.0759747286067
24.5 0.0795748376661
24.52 0.0831097093006
24.54 0.0865799937555
24.56 0.0899863249551
24.58 0.0933293121109
24.6 0.0966095315717
24.62 0.0998275192237
24.64 0.102983763094
24.66 0.106078696675
24.68 0.109112692542
24.7 0.112086056657
24.72 0.114999023251
24.74 0.117851750288
24.76 0.120644315603
24.78 0.123376713818
24.8 0.126048853784
24.82 0.128660556974
24.84 0.131211556421
24.86 0.1337014966
24.88 0.136129933904
24.9 0.138496338002
24.92 0.140800093897
24.94 0.14304050476
24.96 0.145216795447
24.98 0.147328116785
25.0 0.149373550453
25.02 0.151352114607
25.04 0.153262769967
25.06 0.155104426619
25.08 0.156875951148
25.1 0.158576174352
25.12 0.160203899273
25.14 0.161757909523
25.16 0.163236977916
25.18 0.164639875214
25.2 0.165965378995
25.22 0.167212282568
25.24 0.168379403732
25.26 0.169465593533
25.28 0.170469744656
25.3 0.171390799652
25.32 0.1722277587
25.34 0.172979686955
25.36 0.173645721419
25.38 0.174225077163
25.4 0.174717052983
25.42 0.175121036319
25.44 0.17543650746
25.46 0.175663042962
25.48 0.175800318282
25.5 0.175848109538
25.52 0.175806294474
25.54 0.175674852516
25.56 0.17545386403
25.58 0.175143508696
25.6 0.17474406307
25.62 0.174255897347
25.64 0.173679471386
25.66 0.173015329935
25.68 0.172264097308
25.7 0.171426471292
25.72 0.170503216631
25.74 0.169495157933
25.76 0.168403172177
25.78 0.167228180884
25.8 0.165971141999
25.82 0.164633041562
25.84 0.163214885303
25.86 0.161717690151
25.88 0.160142475815
25.9 0.158490256458
25.92 0.15676203257
25.94 0.154958783103
25.96 0.153081457942
25.98 0.151130970751
26.0 0.149108192282
26.02 0.147013944211
26.04 0.144848993499
26.06 0.142614047395
26.08 0.140309749026
26.1 0.137936673735
26.12 0.135495326087
26.14 0.132986137513
26.16 0.130409464895
26.18 0.127765589659
26.2 0.1250547178
26.22 0.122276980582
26.24 0.119432435924
26.26 0.11652107064
26.28 0.11354280329
26.3 0.110497487702
26.32 0.107384917268
26.34 0.104204829744
26.36 0.100956912681
26.38 0.0976408094985
26.4 0.0942561258857
26.42 0.0908024369101
26.44 0.0872792943268
26.46 0.0836862344274
26.48 0.0800227861213
26.5 0.076288479382
26.52 0.0724828537821
26.54 0.0686054673774
26.56 0.0646559055816
26.58 0.0606337900947
26.6 0.0565387880136
26.62 0.0523706206587
26.64 0.0481290725326
26.66 0.04381400002
26.68 0.0394253398481
26.7 0.0349631174993
26.72 0.0304274551349
26.74 0.0258185792451
26.76 0.0211368280484
26.78 0.0163826582722
26.8 0.0115566516499
26.82 0.00665952084353
26.84 0.00169211484683
26.86 -0.00334457607062
26.88 -0.00844941613203
26.9 -0.0136211203295
26.92 -0.0188582513186
26.94 -0.0241592169557
26.96 -0.0295222685631
26.98 -0.0349454996665
27.0 -0.0404268455718
27.02 -0.045964083546
27.04 -0.0515548335427
27.06 -0.0571965598114
27.08 -0.0628865729003
27.1 -0.0686220324524
27.12 -0.0743999506117
27.14 -0.080217195881
27.16 -0.0860704977344
27.18 -0.0919564516628
27.2 -0.0978715247619
27.22 -0.103812061826
27.24 -0.10977429189
27.26 -0.115754335126
27.28 -0.121748210323
27.3 -0.127751842409
27.32 -0.133761070531
27.34 -0.139771656332
27.36 -0.145779292369
27.38 -0.151779610792
27.4 -0.157768192207
27.42 -0.163740574488
27.44 -0.169692261758
27.46 -0.175618733454
27.48 -0.18151545311
27.5 -0.18737787739
27.52 -0.193201464761
27.54 -0.198981684204
27.56 -0.204714023641
27.58 -0.210393998154
27.6 -0.216017158099
27.62 -0.221579096771
27.64 -0.227075457805
27.66 -0.232501942442
27.68 -0.237854316168
27.7 -0.243128415181
27.72 -0.248320152413
27.74 -0.253425523155
27.76 -0.258440610282
27.78 -0.26336158901
27.8 -0.268184731347
27.82 -0.272906409925
27.84 -0.277523101635
27.86 -0.282031390573
27.88 -0.286427970833
27.9 -0.290709648625
27.92 -0.294873344156
27.94 -0.298916093089
27.96 -0.302835047592
27.98 -0.306627476888
28.0 -0.310290767874
28.02 -0.313822424827
28.04 -0.317220069353
28.06 -0.320481439728
28.08 -0.323604390071
28.1 -0.326586889257
28.12 -0.329427019941
28.14 -0.332122976628
28.16 -0.334673064805
28.18 -0.337075698578
28.2 -0.339329399471
28.22 -0.34143279433
28.24 -0.343384613542
28.26 -0.345183689319
28.28 -0.346828953816
28.3 -0.348319437397
28.32 -0.349654267004
28.34 -0.350832664557
28.36 -0.351853945671
28.38 -0.352717518238
28.4 -0.353422881311
28.42 -0.353969624211
28.44 -0.354357425985
28.46 -0.354586054373
28.48 -0.354655366108
28.5 -0.354565306221
28.52 -0.354315908707
28.54 -0.353907296327
28.56 -0.353339681759
28.58 -0.352613367766
28.6 -0.351728748671
28.62 -0.350686311436
28.64 -0.349486636746
28.66 -0.348130400991
28.68 -0.346618377672
28.7 -0.344951439422
28.72 -0.343130559732
28.74 -0.341156815297
28.76 -0.339031387802
28.78 -0.336755566328
28.8 -0.334330749352
28.82 -0.331758446803
28.84 -0.329040282384
28.86 -0.326177995223
28.88 -0.323173441976
28.9 -0.320028598392
28.92 -0.316745560955
28.94 -0.313326548053
28.96 -0.309773901129
28.98 -0.306090085423
29.0 -0.302277690397
29.02 -0.298339430019
29.04 -0.29427814228
29.06 -0.290096788875
29.08 -0.285798453892
29.1 -0.281386342558
29.12 -0.2768637793
29.14 -0.272234205299
29.16 -0.267501175786
29.18 -0.262668356653
29.2 -0.257739520751
29.22 -0.252718543534
29.24 -0.247609398388
29.26 -0.242416151398
29.28 -0.237142955643
29.3 -0.231794045075
29.32 -0.22637372796
29.34 -0.220886379893
29.36 -0.215336436365
29.38 -0.20972838509
29.4 -0.20406675787
29.42 -0.198356122203
29.44 -0.192601072561
29.46 -0.186806221585
29.48 -0.180976190827
29.5 -0.175115601558
29.52 -0.169229065329
29.54 -0.163321174468
29.56 -0.157396492573
29.58 -0.151459545008
29.6 -0.145514809385
29.62 -0.13956670623
29.64 -0.133619589774
29.66 -0.127677738808
29.68 -0.121745347994
29.7 -0.11582651924
29.72 -0.10992525343
29.74 -0.104045442671
29.76 -0.098190862624
29.78 -0.0923651656097
29.8 -0.0865718738841
29.82 -0.0808143735939
29.84 -0.0750959091501
29.86 -0.0694195782647
29.88 -0.0637883274006
29.9 -0.0582049480001
29.92 -0.0526720732052
29.94 -0.0471921752623
29.96 -0.0417675635514
29.98 -0.0364003833142
30.0 -0.0310926149746
30.02 -0.0258460741886
30.04 -0.0206624125286
30.06 -0.0155431188058
30.08 -0.0104895211325
30.1 -0.00550278947992
30.12 -0.00058393904807
30.14 0.00426616588233
30.16 0.00904680751889
30.18 0.013757409374
30.2 0.0183975307771
30.22 0.022966860701
30.24 0.0274652111062
30.26 0.0318925099772
30.28 0.0362487937197
30.3 0.0405341993534
30.32 0.0447489562937
30.34 0.0488933778065
30.36 0.0529678522757
30.38 0.0569728341696
30.4 0.0609088349402
30.42 0.0647764137131
30.44 0.0685761679944
30.46 0.0723087242338
30.48 0.075974728604
30.5 0.0795748376718
30.52 0.0831097092957
30.54 0.0865799937529
30.56 0.0899863249601
30.58 0.0933293121087
30.6 0.0966095315752
30.62 0.0998275192199
30.64 0.102983763097
30.66 0.106078696675
30.68 0.10911269254
30.7 0.112086056656
30.72 0.114999023255
30.74 0.117851750283
30.76 0.120644315604
30.78 0.123376713822
30.8 0.12604885378
30.82 0.128660556977
30.84 0.131211556418
30.86 0.1337014966
30.88 0.136129933908
30.9 0.138496337997
30.92 0.1408000939
30.94 0.14304050476
30.96 0.145216795446
30.98 0.147328116784
31.0 0.149373550457
31.02 0.151352114606
31.04 0.153262769968
31.06 0.155104426619
31.08 0.156875951146
31.1 0.158576174354
31.12 0.160203899272
31.14 0.161757909523
31.16 0.163236977917
31.18 0.164639875212
31.2 0.165965378996
31.22 0.167212282568
31.24 0.168379403732
31.26 0.169465593532
31.28 0.170469744657
31.3 0.171390799651
31.32 0.172227758701
31.34 0.172979686954
31.36 0.17364572142
31.38 0.174225077164
31.4 0.174717052983
31.42 0.175121036319
31.44 0.17543650746
31.46 0.175663042962
31.48 0.175800318282
31.5 0.175848109538
31.52 0.175806294474
31.54 0.175674852515
31.56 0.175453864032
31.58 0.175143508696
31.6 0.174744063069
31.62 0.174255897349
31.64 0.173679471385
31.66 0.173015329934
31.68 0.17226409731
31.7 0.171426471291
31.72 0.170503216633
31.74 0.169495157933
31.76 0.168403172173
31.78 0.167228180889
31.8 0.165971141997
31.82 0.164633041562
31.84 0.163214885302
31.86 0.161717690152
31.88 0.160142475817
31.9 0.158490256458
31.92 0.156762032567
31.94 0.154958783104
31.96 0.153081457944
31.98 0.151130970748
32.0 0.149108192287
32.02 0.147013944208
32.04 0.144848993502
32.06 0.142614047391
32.08 0.140309749027
32.1 0.137936673735
32.12 0.135495326089
32.14 0.13298613751
32.16 0.130409464898
32.18 0.127765589658
32.2 0.125054717797
32.22 0.122276980586
32.24 0.11943243592
32.26 0.116521070645
32.28 0.113542803285
32.3 0.110497487707
32.32 0.107384917267
32.34 0.10420482974
32.36 0.100956912684
32.38 0.097640809493
32.4 0.0942561258903
32.42 0.0908024369088
32.44 0.087279294331
32.46 0.083686234422
32.48 0.0800227861249
32.5 0.076288479377
32.52 0.0724828537864
32.54 0.0686054673728
32.56 0.0646559055882
32.58 0.0606337900899
32.6 0.0565387880156
32.62 0.0523706206596
32.64 0.0481290725311
32.66 0.0438140000202
32.68 0.0394253398466
32.7 0.0349631175021
32.72 0.0304274551355
32.74 0.0258185792444
32.76 0.0211368280451
32.78 0.0163826582754
32.8 0.0115566516486
32.82 0.00665952083939
32.84 0.00169211484995
32.86 -0.00334457606852
32.88 -0.00844941612858
32.9 -0.013621120337
32.92 -0.018858251313
32.94 -0.0241592169613
32.96 -0.0295222685592
32.98 -0.0349454996688
33.0 -0.0404268455676
33.02 -0.0459640835486
33.04 -0.0515548335425
33.06 -0.0571965598095
33.08 -0.0628865729043
33.1 -0.0686220324502
33.12 -0.0743999506154
33.14 -0.0802171958739
33.16 -0.0860704977361
33.18 -0.0919564516647
33.2 -0.0978715247637
33.22 -0.103812061827
33.24 -0.109774291882
33.26 -0.115754335131
33.28 -0.121748210325
33.3 -0.127751842405
33.32 -0.133761070531
33.34 -0.139771656331
33.36 -0.145779292366
33.38 -0.1517796108
33.4 -0.1577681922
33.42 -0.16374057449
33.44 -0.169692261756
33.46 -0.175618733453
33.48 -0.181515453115
33.5 -0.187377877384
33.52 -0.193201464769
33.54 -0.1989816842
33.56 -0.204714023639
33.58 -0.210393998157
33.6 -0.216017158101
33.62 -0.221579096764
33.64 -0.227075457808
33.66 -0.232501942442
33.68 -0.237854316167
33.7 -0.243128415182
33.72 -0.248320152416
33.74 -0.253425523151
33.76 -0.258440610281
33.78 -0.263361589014
33.8 -0.268184731343
33.82 -0.272906409935
33.84 -0.277523101624
33.86 -0.28203139058
33.88 -0.286427970827
33.9 -0.29070964863
33.92 -0.294873344153
33.94 -0.29891609309
33.96 -0.302835047592
33.98 -0.306627476888
34.0 -0.310290767878
34.02 -0.313822424819
34.04 -0.317220069352
34.06 -0.320481439743
34.08 -0.323604390054
34.1 -0.326586889266
34.12 -0.329427019934
34.14 -0.332122976632
34.16 -0.334673064805
34.18 -0.337075698576
34.2 -0.339329399472
34.22 -0.34143279433
34.24 -0.343384613533
34.26 -0.345183689337
34.28 -0.346828953807
34.3 -0.348319437397
34.32 -0.349654267004
34.34 -0.350832664545
34.36 -0.351853945695
34.38 -0.352717518226
34.4 -0.353422881311
34.42 -0.353969624211
34.44 -0.354357425985
34.46 -0.354586054373
34.48 -0.354655366108
34.5 -0.354565306221
34.52 -0.354315908707
34.54 -0.353907296327
34.56 -0.353339681753
34.58 -0.352613367778
34.6 -0.351728748676
34.62 -0.350686311412
34.64 -0.349486636758
34.66 -0.348130400991
34.68 -0.346618377672
34.7 -0.344951439422
34.72 -0.343130559732
34.74 -0.341156815308
34.76 -0.339031387781
34.78 -0.336755566338
34.8 -0.334330749353
34.82 -0.331758446802
34.84 -0.329040282384
34.86 -0.326177995223
34.88 -0.323173441976
34.9 -0.320028598392
34.92 -0.316745560959
34.94 -0.313326548044
34.96 -0.309773901133
34.98 -0.306090085419
35.0 -0.302277690404
35.02 -0.298339430015
35.04 -0.29427814228
35.06 -0.290096788874
35.08 -0.285798453895
35.1 -0.281386342556
35.12 -0.276863779301
35.14 -0.272234205297
35.16 -0.267501175787
35.18 -0.26266835665
35.2 -0.257739520757
35.22 -0.252718543531
35.24 -0.247609398388
35.26 -0.242416151398
35.28 -0.237142955641
35.3 -0.231794045078
35.32 -0.226373727963
35.34 -0.220886379884
35.36 -0.21533643637
35.38 -0.209728385084
35.4 -0.204066757884
35.42 -0.198356122187
35.44 -0.19260107257
35.46 -0.186806221586
35.48 -0.180976190827
35.5 -0.17511560156
35.52 -0.169229065321
35.54 -0.163321174472
35.56 -0.157396492573
35.58 -0.151459545006
35.6 -0.145514809391
35.62 -0.139566706227
35.64 -0.133619589772
35.66 -0.127677738809
35.68 -0.121745347994
35.7 -0.115826519242
35.72 -0.10992525343
35.74 -0.10404544267
35.76 -0.0981908626266
35.78 -0.0923651656061
35.8 -0.0865718738895
35.82 -0.0808143735858
35.84 -0.0750959091557
35.86 -0.0694195782636
35.88 -0.0637883273998
35.9 -0.058204948002
35.92 -0.0526720732081
35.94 -0.0471921752561
35.96 -0.0417675635522
35.98 -0.0364003833143
36.0 -0.0310926149744
36.02 -0.0258460741901
36.04 -0.0206624125306
36.06 -0.0155431188075
36.08 -0.0104895211256
36.1 -0.0055027894835
36.12 -0.000583939047224
36.14 0.00426616588191
36.16 0.00904680752115
36.18 0.0137574093694
36.2 0.0183975307771
36.22 0.0229668607057
36.24 0.0274652111029
36.26 0.0318925099799
36.28 0.0362487937187
36.3 0.0405341993531
36.32 0.0447489562884
36.34 0.0488933778156
36.36 0.0529678522679
36.38 0.0569728341733
36.4 0.0609088349389
36.42 0.0647764137188
36.44 0.0685761679884
36.46 0.0723087242346
36.48 0.0759747286038
36.5 0.0795748376713
36.52 0.0831097092982
36.54 0.0865799937516
36.56 0.089986324965
36.58 0.0933293120987
36.6 0.0966095315833
36.62 0.0998275192137
36.64 0.102983763096
36.66 0.106078696683
36.68 0.109112692533
36.7 0.112086056662
36.72 0.114999023252
36.74 0.117851750283
36.76 0.120644315604
36.78 0.12337671382
36.8 0.126048853785
36.82 0.128660556971
36.84 0.131211556423
36.86 0.1337014966
36.88 0.136129933903
36.9 0.138496338003
36.92 0.140800093893
36.94 0.143040504764
36.96 0.145216795446
36.98 0.147328116784
37.0 0.14937355046
37.02 0.1513521146
37.04 0.153262769973
37.06 0.155104426614
37.08 0.156875951149
37.1 0.158576174354
37.12 0.160203899269
37.14 0.161757909528
37.16 0.163236977915
37.18 0.164639875212
37.2 0.165965378996
37.22 0.167212282566
37.24 0.168379403736
37.26 0.16946559353
37.28 0.170469744658
37.3 0.171390799651
37.32 0.172227758701
37.34 0.172979686954
37.36 0.17364572142
37.38 0.174225077163
37.4 0.174717052983
37.42 0.175121036319
37.44 0.17543650746
37.46 0.175663042962
37.48 0.175800318282
37.5 0.175848109538
37.52 0.175806294474
37.54 0.175674852515
37.56 0.175453864032
37.58 0.175143508696
37.6 0.174744063069
37.62 0.174255897349
37.64 0.173679471385
37.66 0.173015329935
37.68 0.172264097308
37.7 0.171426471291
37.72 0.170503216634
37.74 0.169495157931
37.76 0.168403172177
37.78 0.167228180887
37.8 0.165971141997
37.82 0.164633041561
37.84 0.163214885302
37.86 0.161717690152
37.88 0.160142475816
37.9 0.15849025646
37.92 0.156762032564
37.94 0.154958783107
37.96 0.153081457942
37.98 0.151130970748
38.0 0.149108192287
38.02 0.147013944208
38.04 0.144848993502
38.06 0.142614047391
38.08 0.140309749027
38.1 0.137936673739
38.12 0.135495326082
38.14 0.132986137517
38.16 0.130409464891
38.18 0.127765589659
38.2 0.125054717802
38.22 0.122276980583
38.24 0.11943243592
38.26 0.116521070644
38.28 0.113542803287
38.3 0.110497487706
38.32 0.107384917264
38.34 0.104204829747
38.36 0.100956912678
38.38 0.0976408094992
38.4 0.0942561258893
38.42 0.0908024369047
38.44 0.087279294333
38.46 0.083686234422
38.48 0.0800227861253
38.5 0.0762884793762
38.52 0.0724828537868
38.54 0.068605467378
38.56 0.0646559055785
38.58 0.0606337900972
38.6 0.0565387880099
38.62 0.0523706206592
38.64 0.0481290725379
38.66 0.0438140000168
38.68 0.0394253398466
38.7 0.0349631175021
38.72 0.030427455131
38.74 0.0258185792536
38.76 0.0211368280353
38.78 0.0163826582841
38.8 0.0115566516498
38.82 0.00665952083033
38.84 0.00169211485689
38.86 -0.00334457607412
38.88 -0.00844941612581
38.9 -0.013621120337
38.92 -0.018858251313
38.94 -0.0241592169591
38.96 -0.0295222685636
38.98 -0.0349454996634
39.0 -0.0404268455739
39.02 -0.0459640835443
39.04 -0.0515548335458
39.06 -0.0571965598122
39.08 -0.0628865728938
39.1 -0.0686220324568
39.12 -0.0743999506136
39.14 -0.0802171958747
39.16 -0.086070497739
39.18 -0.091956451659
39.2 -0.0978715247701
39.22 -0.10381206182
39.24 -0.109774291882
39.26 -0.115754335138
39.28 -0.121748210321
39.3 -0.127751842406
39.32 -0.13376107053
39.34 -0.139771656332
39.36 -0.145779292365
39.38 -0.151779610798
39.4 -0.157768192205
39.42 -0.163740574486
39.44 -0.169692261759
39.46 -0.175618733454
39.48 -0.18151545311
39.5 -0.187377877392
39.52 -0.193201464758
39.54 -0.198981684206
39.56 -0.204714023639
39.58 -0.210393998157
39.6 -0.216017158102
39.62 -0.221579096763
39.64 -0.22707545781
39.66 -0.232501942439
39.68 -0.237854316171
39.7 -0.243128415178
39.72 -0.248320152411
39.74 -0.253425523164
39.76 -0.258440610274
39.78 -0.263361589014
39.8 -0.268184731343
39.82 -0.272906409929
39.84 -0.277523101636
39.86 -0.282031390567
39.88 -0.28642797084
39.9 -0.290709648621
39.92 -0.294873344156
39.94 -0.298916093092
39.96 -0.302835047585
39.98 -0.306627476891
