0.0 0.0976644601571
0.02 0.111670887471
0.04 0.125560467212
0.06 0.13932642834
0.08 0.152962468323
0.1 0.16646275079
0.12 0.179821900807
0.14 0.193034997517
0.16 0.206097564549
0.18 0.219005558335
0.2 0.231755354159
0.22 0.244343730595
0.24 0.256767851981
0.26 0.269025249563
0.28 0.281113801075
0.3 0.293031709227
0.32 0.304777479087
0.34 0.316349894696
0.36 0.327747994866
0.38 0.338971048575
0.4 0.350018529989
0.42 0.360890093247
0.44 0.371585547289
0.46 0.382104830827
0.48 0.392447987542
0.5 0.40261514175
0.52 0.412606474651
0.54 0.422422201282
0.56 0.432062548235
0.58 0.441527732451
0.6 0.450817940908
0.62 0.459933311641
0.64 0.468873915869
0.66 0.477639741606
0.68 0.48623067856
0.7 0.494646504638
0.72 0.502886873949
0.74 0.510951306426
0.76 0.518839179134
0.78 0.526549719176
0.8 0.534081998458
0.82 0.541434930003
0.84 0.548607266129
0.86 0.555597598318
0.88 0.562404358729
0.9 0.569025823473
0.92 0.575460117471
0.94 0.581705220936
0.96 0.58775897737
0.98 0.593619103031
1.0 0.599283197732
1.02 0.604748757047
1.04 0.610013185557
1.06 0.615073811291
1.08 0.619927901019
1.1 0.624572676528
1.12 0.629005331386
1.14 0.633223048476
1.16 0.637223017749
1.18 0.641002454372
1.2 0.644558616915
1.22 0.647888825453
1.24 0.650990479544
1.26 0.653861075749
1.28 0.656498224682
1.3 0.658899667349
1.32 0.661063290741
1.34 0.662987142318
1.36 0.664669443602
1.38 0.666108602382
1.4 0.667303223699
1.42 0.668252119369
1.44 0.668954316004
1.46 0.669409061436
1.48 0.669615829553
1.5 0.66957432336
1.52 0.669284476431
1.54 0.668746452541
1.56 0.667960643679
1.58 0.666927666281
1.6 0.665648355847
1.62 0.66412375995
1.64 0.662355129707
1.66 0.660343909747
1.68 0.65809172694
1.7 0.655600377675
1.72 0.65287181421
1.74 0.649908129864
1.76 0.646711543406
1.78 0.643284382679
1.8 0.639629067694
1.82 0.635748093221
1.84 0.631644011169
1.86 0.627319412859
1.88 0.622776911243
1.9 0.61801912348
1.92 0.613048653663
1.94 0.607868076286
1.96 0.602479920078
1.98 0.596886652889
2.0 0.591090667235
2.02 0.585094267126
2.04 0.578899655768
2.06 0.572508924776
2.08 0.565924044533
2.1 0.559146856099
2.12 0.552179064547
2.14 0.54502223393
2.16 0.537677783782
2.18 0.5301469874
2.2 0.52243097166
2.22 0.514530718694
2.24 0.50644706919
2.26 0.49818072741
2.28 0.489732267981
2.3 0.481102144282
2.32 0.472290698547
2.34 0.463298173512
2.36 0.454124725664
2.38 0.444770439972
2.4 0.435235345996
2.42 0.42551943542
2.44 0.415622680715
2.46 0.405545055112
2.48 0.395286553476
2.5 0.384847214195
2.52 0.374227141936
2.54 0.363426530939
2.56 0.35244568899
2.58 0.341285061834
2.6 0.329945257703
2.62 0.318427072088
2.64 0.306731512439
2.66 0.294859822634
2.68 0.282813507046
2.7 0.270594354162
2.72 0.258204459365
2.74 0.245646246908
2.76 0.232922490755
2.78 0.220036334282
2.8 0.206991308396
2.82 0.193791348251
2.84 0.180440808082
2.86 0.166944474172
2.88 0.153307575801
2.9 0.139535793858
2.92 0.125635267307
2.94 0.111612596969
2.96 0.0974748469154
2.98 0.0832295430896
3.0 0.0688846692294
3.02 0.0544486599565
3.04 0.0399303911007
3.06 0.0253391670051
3.08 0.0106847052232
3.1 -0.0040228819176
3.12 -0.0187731082328
3.14 -0.0335551375795
3.16 -0.0483578101314
3.18 -0.0631696713562
3.2 -0.0779790031552
3.22 -0.0927738573532
3.24 -0.107542091032
3.26 -0.122271403758
3.28 -0.136949376289
3.3 -0.151563510647
3.32 -0.166101271094
3.34 -0.180550126072
3.36 -0.194897590502
3.38 -0.209131268144
3.4 -0.223238894063
3.42 -0.237208376545
3.44 -0.251027838166
3.46 -0.26468565609
3.48 -0.278170500741
3.5 -0.291471373092
3.52 -0.304577639933
3.54 -0.317479067015
3.56 -0.330165849967
3.58 -0.342628642231
3.6 -0.354858580741
3.62 -0.366847308254
3.64 -0.378586992539
3.66 -0.390070342788
3.68 -0.401290622192
3.7 -0.412241657449
3.72 -0.422917844844
3.74 -0.433314152853
3.76 -0.443426121457
3.78 -0.45324985799
3.8 -0.462782029996
3.82 -0.47201985461
3.84 -0.480961085299
3.86 -0.48960399538
3.88 -0.49794735923
3.9 -0.505990430413
3.92 -0.513732918261
3.94 -0.521174961638
3.96 -0.528317101246
3.98 -0.53516025017
4.0 -0.541705662879
4.02 -0.547954903368
4.04 -0.553909812032
4.06 -0.55957247197
4.08 -0.56494517506
4.1 -0.570030387154
4.12 -0.574830714558
4.14 -0.57934886878
4.16 -0.583587634238
4.18 -0.587549833883
4.2 -0.591238298214
4.22 -0.594655833482
4.24 -0.597805191923
4.26 -0.600689043637
4.28 -0.603309948945
4.3 -0.605670333853
4.32 -0.607772465843
4.34 -0.609618432616
4.36 -0.611210122734
4.38 -0.612549207911
4.4 -0.613637127506
4.42 -0.614475076126
4.44 -0.615063992936
4.46 -0.615404552538
4.48 -0.615497160466
4.5 -0.615341948362
4.52 -0.614938774375
4.54 -0.6142872233
4.56 -0.613386611959
4.58 -0.612235994132
4.6 -0.610834170524
4.62 -0.609179699459
4.64 -0.607270910304
4.66 -0.605105919179
4.68 -0.602682647251
4.7 -0.599998840559
4.72 -0.597052091726
4.74 -0.59383986461
4.76 -0.590359519245
4.78 -0.586608339885
4.8 -0.582583563474
4.82 -0.578282409739
4.84 -0.573702113279
4.86 -0.568839954799
4.88 -0.563693295689
4.9 -0.558259610478
4.92 -0.552536522193
4.94 -0.546521835931
4.96 -0.540213573665
4.98 -0.533610008104
5.0 -0.526709696257
5.02 -0.519511512386
5.04 -0.512014679521
5.06 -0.504218800376
5.08 -0.49612388599
5.1 -0.487730383374
5.12 -0.479039200952
5.14 -0.470051731458
5.16 -0.460769873133
5.18 -0.451196047751
5.2 -0.441333216321
5.22 -0.431184891497
5.24 -0.420755147213
5.26 -0.410048624993
5.28 -0.39907053697
5.3 -0.387826665616
5.32 -0.376323360045
5.34 -0.364567528847
5.36 -0.352566629501
5.38 -0.340328654649
5.4 -0.327862114711
5.42 -0.315176017434
5.44 -0.302279844669
5.46 -0.289183525622
5.48 -0.275897407876
5.5 -0.262432225639
5.52 -0.248799065672
5.54 -0.235009331225
5.56 -0.221074704053
5.58 -0.207007104997
5.6 -0.192818653264
5.62 -0.178521624742
5.64 -0.164128409769
5.66 -0.149651470379
5.68 -0.135103297712
5.7 -0.120496369674
5.72 -0.105843108928
5.74 -0.0911558421237
5.76 -0.0764467599171
5.78 -0.0617278786297
5.8 -0.0470110033381
5.82 -0.0323076930687
5.84 -0.0176292277962
5.86 -0.00298657791664
5.88 0.011609623993
5.9 0.0261491087967
5.92 0.0406219938006
5.94 0.0550188029515
5.96 0.0693304842872
5.98 0.0835484243994
6.0 0.0976644601501
6.02 0.111670887475
6.04 0.125560467211
6.06 0.139326428341
6.08 0.152962468323
6.1 0.166462750789
6.12 0.17982190081
6.14 0.193034997518
6.16 0.206097564545
6.18 0.219005558337
6.2 0.231755354163
6.22 0.244343730587
6.24 0.256767851986
6.26 0.269025249558
6.28 0.281113801081
6.3 0.293031709223
6.32 0.304777479087
6.34 0.316349894696
6.36 0.327747994866
6.38 0.338971048575
6.4 0.350018529991
6.42 0.360890093243
6.44 0.371585547291
6.46 0.382104830827
6.48 0.392447987544
6.5 0.402615141745
6.52 0.412606474656
6.54 0.422422201276
6.56 0.432062548238
6.58 0.441527732451
6.6 0.450817940905
6.62 0.459933311645
6.64 0.468873915864
6.66 0.477639741612
6.68 0.486230678557
6.7 0.494646504641
6.72 0.502886873944
6.74 0.510951306428
6.76 0.518839179131
6.78 0.526549719184
6.8 0.534081998451
6.82 0.541434930001
6.84 0.548607266137
6.86 0.555597598314
6.88 0.562404358731
6.9 0.569025823468
6.92 0.575460117473
6.94 0.581705220936
6.96 0.587758977371
6.98 0.593619103028
7.0 0.599283197733
7.02 0.604748757047
7.04 0.610013185557
7.06 0.615073811291
7.08 0.61992790102
7.1 0.624572676528
7.12 0.629005331386
7.14 0.633223048476
7.16 0.637223017749
7.18 0.641002454372
7.2 0.644558616915
7.22 0.647888825453
7.24 0.650990479544
7.26 0.653861075749
7.28 0.656498224682
7.3 0.658899667349
7.32 0.661063290741
7.34 0.662987142318
7.36 0.664669443602
7.38 0.666108602382
7.4 0.667303223699
7.42 0.668252119369
7.44 0.668954316004
7.46 0.669409061436
7.48 0.669615829553
7.5 0.66957432336
7.52 0.669284476431
7.54 0.668746452541
7.56 0.667960643679
7.58 0.666927666281
7.6 0.665648355847
7.62 0.66412375995
7.64 0.662355129705
7.66 0.660343909751
7.68 0.658091726938
7.7 0.655600377675
7.72 0.65287181421
7.74 0.649908129864
7.76 0.646711543406
7.78 0.643284382679
7.8 0.639629067693
7.82 0.635748093222
7.84 0.63164401117
7.86 0.627319412853
7.88 0.622776911251
7.9 0.618019123475
7.92 0.613048653665
7.94 0.607868076282
7.96 0.60247992008
7.98 0.596886652887
8.0 0.591090667239
8.02 0.585094267124
8.04 0.578899655768
8.06 0.572508924775
8.08 0.565924044534
8.1 0.559146856099
8.12 0.552179064545
8.14 0.545022233934
8.16 0.537677783783
8.18 0.530146987394
8.2 0.52243097166
8.22 0.514530718698
8.24 0.506447069186
8.26 0.498180727413
8.28 0.489732267976
8.3 0.48110214429
8.32 0.472290698543
8.34 0.463298173507
8.36 0.454124725671
8.38 0.444770439969
8.4 0.435235345994
8.42 0.425519435421
8.44 0.415622680718
8.46 0.40554505511
8.48 0.395286553475
8.5 0.384847214194
8.52 0.37422714194
8.54 0.363426530937
8.56 0.352445688988
8.58 0.341285061838
8.6 0.329945257701
8.62 0.318427072088
8.64 0.306731512439
8.66 0.294859822631
8.68 0.282813507049
8.7 0.270594354165
8.72 0.258204459361
8.74 0.245646246908
8.76 0.232922490754
8.78 0.22003633428
8.8 0.2069913084
8.82 0.193791348248
8.84 0.180440808085
8.86 0.166944474168
8.88 0.153307575805
8.9 0.139535793852
8.92 0.125635267315
8.94 0.111612596966
8.96 0.0974748469137
8.98 0.0832295430905
9.0 0.0688846692229
9.02 0.0544486599725
9.04 0.0399303910851
9.06 0.0253391670172
9.08 0.0106847052122
9.1 -0.00402288191077
9.12 -0.0187731082407
9.14 -0.0335551375677
9.16 -0.0483578101335
9.18 -0.0631696713637
9.2 -0.0779790031514
9.22 -0.0927738573551
9.24 -0.107542091025
9.26 -0.122271403765
9.28 -0.136949376286
9.3 -0.151563510649
9.32 -0.16610127109
9.34 -0.180550126076
9.36 -0.194897590498
9.38 -0.209131268142
9.4 -0.223238894071
9.42 -0.237208376541
9.44 -0.251027838166
9.46 -0.26468565609
9.48 -0.278170500741
9.5 -0.291471373092
9.52 -0.304577639933
9.54 -0.317479067015
9.56 -0.330165849976
9.58 -0.342628642213
9.6 -0.35485858075
9.62 -0.366847308254
9.64 -0.378586992539
9.66 -0.390070342788
9.68 -0.4012906222
9.7 -0.412241657431
9.72 -0.422917844853
9.74 -0.433314152853
9.76 -0.443426121457
9.78 -0.45324985799
9.8 -0.462782029997
9.82 -0.472019854608
9.84 -0.4809610853
9.86 -0.48960399538
9.88 -0.49794735923
9.9 -0.505990430425
9.92 -0.513732918236
9.94 -0.52117496165
9.96 -0.528317101257
9.98 -0.535160250149
10.0 -0.541705662889
10.02 -0.547954903368
10.04 -0.553909812032
10.06 -0.55957247197
10.08 -0.56494517506
10.1 -0.570030387169
10.12 -0.574830714529
10.14 -0.579348868795
10.16 -0.583587634238
10.18 -0.587549833883
10.2 -0.591238298214
10.22 -0.594655833482
10.24 -0.597805191923
10.26 -0.600689043637
10.28 -0.603309948945
10.3 -0.605670333853
10.32 -0.607772465812
10.34 -0.609618432677
10.36 -0.611210122718
10.38 -0.612549207881
10.4 -0.613637127521
10.42 -0.614475076126
10.44 -0.615063992936
10.46 -0.615404552538
10.48 -0.615497160466
10.5 -0.615341948362
10.52 -0.614938774375
10.54 -0.6142872233
10.56 -0.613386611959
10.58 -0.612235994132
10.6 -0.610834170524
10.62 -0.609179699459
10.64 -0.607270910304
10.66 -0.605105919179
10.68 -0.602682647251
10.7 -0.599998840559
10.72 -0.597052091726
10.74 -0.59383986461
10.76 -0.590359519245
10.78 -0.586608339885
10.8 -0.582583563474
10.82 -0.578282409739
10.84 -0.573702113279
10.86 -0.568839954799
10.88 -0.563693295689
10.9 -0.558259610478
10.92 -0.552536522205
10.94 -0.546521835908
10.96 -0.540213573677
10.98 -0.533610008104
11.0 -0.526709696257
11.02 -0.519511512386
11.04 -0.512014679521
11.06 -0.504218800385
11.08 -0.496123885973
11.1 -0.487730383382
11.12 -0.479039200952
11.14 -0.470051731463
11.16 -0.460769873123
11.18 -0.451196047757
11.2 -0.441333216321
11.22 -0.431184891497
11.24 -0.420755147222
11.26 -0.410048624975
11.28 -0.399070536978
11.3 -0.387826665616
11.32 -0.376323360045
11.34 -0.364567528847
11.36 -0.3525666295
11.38 -0.340328654652
11.4 -0.32786211471
11.42 -0.315176017431
11.44 -0.302279844675
11.46 -0.28918352562
11.48 -0.275897407876
11.5 -0.262432225643
11.52 -0.248799065664
11.54 -0.235009331233
11.56 -0.221074704042
11.58 -0.207007105008
11.6 -0.19281865326
11.62 -0.178521624742
11.64 -0.164128409769
11.66 -0.149651470377
11.68 -0.135103297715
11.7 -0.120496369672
11.72 -0.105843108928
11.74 -0.0911558421237
11.76 -0.0764467599189
11.78 -0.0617278786203
11.8 -0.0470110033551
11.82 -0.0323076930554
11.84 -0.0176292278
11.86 -0.00298657791453
11.88 0.0116096239918
11.9 0.0261491087997
11.92 0.0406219937899
11.94 0.0550188029583
11.96 0.0693304842872
11.98 0.083548424396
12.0 0.097664460161
12.02 0.111670887461
12.04 0.125560467219
12.06 0.139326428338
12.08 0.152962468323
12.1 0.16646275079
12.12 0.179821900811
12.14 0.19303499751
12.16 0.206097564551
12.18 0.219005558339
12.2 0.231755354158
12.22 0.244343730595
12.24 0.25676785198
12.26 0.269025249566
12.28 0.281113801073
12.3 0.293031709226
12.32 0.304777479088
12.34 0.316349894693
12.36 0.32774799487
12.38 0.338971048573
12.4 0.350018529991
12.42 0.360890093243
12.44 0.37158554729
12.46 0.382104830825
12.48 0.392447987546
12.5 0.402615141748
12.52 0.412606474651
12.54 0.422422201281
12.56 0.432062548235
12.58 0.441527732454
12.6 0.450817940906
12.62 0.459933311641
12.64 0.468873915869
12.66 0.477639741607
12.68 0.486230678557
12.7 0.494646504642
12.72 0.502886873947
12.74 0.510951306426
12.76 0.518839179133
12.78 0.526549719177
12.8 0.534081998457
12.82 0.541434929999
12.84 0.548607266137
12.86 0.555597598314
12.88 0.56240435873
12.9 0.569025823471
12.92 0.575460117472
12.94 0.581705220936
12.96 0.587758977371
12.98 0.593619103028
13.0 0.599283197735
13.02 0.604748757043
13.04 0.610013185559
13.06 0.615073811291
13.08 0.619927901021
13.1 0.624572676523
13.12 0.629005331391
13.14 0.633223048475
13.16 0.637223017748
13.18 0.641002454373
13.2 0.644558616914
13.22 0.647888825455
13.24 0.650990479539
13.26 0.653861075751
13.28 0.656498224682
13.3 0.658899667349
13.32 0.661063290741
13.34 0.662987142318
13.36 0.664669443602
13.38 0.666108602382
13.4 0.667303223699
13.42 0.668252119369
13.44 0.668954316004
13.46 0.669409061436
13.48 0.669615829553
13.5 0.66957432336
13.52 0.669284476431
13.54 0.668746452541
13.56 0.667960643679
13.58 0.666927666281
13.6 0.665648355847
13.62 0.66412375995
13.64 0.662355129705
13.66 0.660343909751
13.68 0.658091726938
13.7 0.655600377675
13.72 0.652871814209
13.74 0.649908129867
13.76 0.646711543405
13.78 0.64328438268
13.8 0.639629067691
13.82 0.635748093223
13.84 0.63164401117
13.86 0.627319412853
13.88 0.622776911252
13.9 0.618019123475
13.92 0.613048653664
13.94 0.607868076284
13.96 0.602479920082
13.98 0.596886652889
14.0 0.591090667234
14.02 0.585094267124
14.04 0.578899655772
14.06 0.572508924773
14.08 0.56592404453
14.1 0.559146856101
14.12 0.552179064551
14.14 0.545022233927
14.16 0.537677783783
14.18 0.530146987397
14.2 0.522430971664
14.22 0.514530718692
14.24 0.506447069188
14.26 0.498180727413
14.28 0.489732267976
14.3 0.481102144286
14.32 0.472290698544
14.34 0.463298173518
14.36 0.45412472566
14.38 0.444770439968
14.4 0.435235346002
14.42 0.425519435419
14.44 0.415622680714
14.46 0.405545055112
14.48 0.395286553475
14.5 0.384847214194
14.52 0.374227141938
14.54 0.363426530938
14.56 0.352445688992
14.58 0.341285061833
14.6 0.329945257699
14.62 0.318427072091
14.64 0.306731512444
14.66 0.294859822624
14.68 0.282813507051
14.7 0.270594354165
14.72 0.258204459362
14.74 0.245646246902
14.76 0.232922490764
14.78 0.22003633428
14.8 0.206991308389
14.82 0.193791348255
14.84 0.180440808084
14.86 0.166944474173
14.88 0.153307575797
14.9 0.139535793862
14.92 0.125635267304
14.94 0.111612596968
14.96 0.097474846915
14.98 0.0832295430938
15.0 0.0688846692268
15.02 0.0544486599573
15.04 0.0399303910929
15.06 0.025339167017
15.08 0.0106847052193
15.1 -0.00402288191867
15.12 -0.0187731082328
15.14 -0.0335551375795
15.16 -0.0483578101305
15.18 -0.06316967136
15.2 -0.0779790031502
15.22 -0.0927738573552
15.24 -0.107542091032
15.26 -0.122271403756
15.28 -0.136949376293
15.3 -0.151563510647
15.32 -0.16610127109
15.34 -0.180550126074
15.36 -0.194897590498
15.38 -0.209131268148
15.4 -0.223238894067
15.42 -0.237208376545
15.44 -0.251027838159
15.46 -0.264685656093
15.48 -0.278170500737
15.5 -0.291471373102
15.52 -0.304577639924
15.54 -0.317479067023
15.56 -0.330165849956
15.58 -0.342628642236
15.6 -0.354858580741
15.62 -0.366847308254
15.64 -0.378586992539
15.66 -0.390070342788
15.68 -0.401290622192
15.7 -0.412241657449
15.72 -0.422917844844
15.74 -0.433314152853
15.76 -0.443426121457
15.78 -0.45324985799
15.8 -0.462782029997
15.82 -0.472019854608
15.84 -0.4809610853
15.86 -0.489603995388
15.88 -0.497947359212
15.9 -0.505990430432
15.92 -0.51373291824
15.94 -0.521174961648
15.96 -0.528317101257
15.98 -0.535160250149
16.0 -0.541705662889
16.02 -0.547954903368
16.04 -0.553909812032
16.06 -0.55957247197
16.08 -0.56494517506
16.1 -0.570030387154
16.12 -0.574830714558
16.14 -0.57934886878
16.16 -0.583587634237
16.18 -0.587549833885
16.2 -0.591238298213
16.22 -0.594655833482
16.24 -0.597805191923
16.26 -0.600689043637
16.28 -0.603309948945
16.3 -0.605670333853
16.32 -0.607772465843
16.34 -0.609618432616
16.36 -0.611210122734
16.38 -0.612549207911
16.4 -0.613637127506
16.42 -0.614475076126
16.44 -0.615063992936
16.46 -0.615404552538
16.48 -0.615497160466
16.5 -0.615341948362
16.52 -0.614938774375
16.54 -0.6142872233
16.56 -0.613386611959
16.58 -0.612235994132
16.6 -0.610834170494
16.62 -0.609179699519
16.64 -0.607270910274
16.66 -0.605105919179
16.68 -0.602682647251
16.7 -0.599998840559
16.72 -0.597052091726
16.74 -0.59383986461
16.76 -0.590359519245
16.78 -0.586608339885
16.8 -0.582583563474
16.82 -0.578282409739
16.84 -0.573702113264
16.86 -0.568839954831
16.88 -0.563693295673
16.9 -0.558259610478
16.92 -0.552536522193
16.94 -0.546521835931
16.96 -0.540213573665
16.98 -0.533610008104
17.0 -0.526709696257
17.02 -0.519511512374
17.04 -0.512014679546
17.06 -0.504218800373
17.08 -0.496123885973
17.1 -0.487730383382
17.12 -0.479039200952
17.14 -0.47005173146
17.16 -0.460769873126
17.18 -0.451196047759
17.2 -0.44133321632
17.22 -0.431184891503
17.24 -0.420755147207
17.26 -0.410048624993
17.28 -0.39907053697
17.3 -0.387826665616
17.32 -0.376323360052
17.34 -0.364567528833
17.36 -0.352566629508
17.38 -0.340328654654
17.4 -0.327862114691
17.42 -0.315176017461
17.44 -0.302279844655
17.46 -0.289183525626
17.48 -0.275897407873
17.5 -0.262432225647
17.52 -0.248799065662
17.54 -0.235009331229
17.56 -0.221074704053
17.58 -0.207007104993
17.6 -0.192818653266
17.62 -0.178521624745
17.64 -0.164128409776
17.66 -0.149651470367
17.68 -0.135103297715
17.7 -0.120496369668
17.72 -0.10584310894
17.74 -0.0911558421179
17.76 -0.076446759916
17.78 -0.0617278786318
17.8 -0.0470110033371
17.82 -0.0323076930647
17.84 -0.0176292278002
17.86 -0.00298657792171
17.88 0.0116096239992
17.9 0.0261491087986
17.92 0.0406219937981
17.94 0.0550188029476
17.96 0.0693304842941
17.98 0.0835484243925
18.0 0.0976644601536
18.02 0.111670887476
18.04 0.125560467208
18.06 0.139326428349
18.08 0.152962468305
18.1 0.166462750808
18.12 0.179821900808
18.14 0.193034997505
18.16 0.206097564556
18.18 0.219005558336
18.2 0.231755354162
18.22 0.244343730586
18.24 0.256767851986
18.26 0.269025249565
18.28 0.281113801074
18.3 0.293031709213
18.32 0.304777479103
18.34 0.316349894691
18.36 0.327747994865
18.38 0.33897104858
18.4 0.350018529988
18.42 0.360890093245
18.44 0.371585547287
18.46 0.382104830829
18.48 0.392447987544
18.5 0.40261514175
18.52 0.412606474641
18.54 0.422422201289
18.56 0.43206254824
18.58 0.441527732442
18.6 0.450817940915
18.62 0.459933311638
18.64 0.468873915871
18.66 0.477639741602
18.68 0.486230678562
18.7 0.494646504641
18.72 0.502886873946
18.74 0.510951306421
18.76 0.518839179137
18.78 0.526549719181
18.8 0.534081998453
18.82 0.541434930006
18.84 0.548607266127
18.86 0.555597598322
18.88 0.562404358721
18.9 0.569025823478
18.92 0.575460117467
18.94 0.58170522094
18.96 0.587758977367
18.98 0.593619103031
19.0 0.599283197733
19.02 0.604748757047
19.04 0.610013185557
19.06 0.61507381129
19.08 0.619927901023
19.1 0.624572676524
19.12 0.629005331389
19.14 0.633223048474
19.16 0.637223017748
19.18 0.641002454371
19.2 0.644558616916
19.22 0.647888825453
19.24 0.650990479544
19.26 0.653861075749
19.28 0.656498224682
19.3 0.658899667349
19.32 0.661063290741
19.34 0.662987142317
19.36 0.664669443603
19.38 0.66610860238
19.4 0.667303223703
19.42 0.668252119367
19.44 0.668954316004
19.46 0.669409061436
19.48 0.669615829553
19.5 0.66957432336
19.52 0.669284476431
19.54 0.668746452541
19.56 0.667960643679
19.58 0.666927666281
19.6 0.665648355848
19.62 0.664123759947
19.64 0.662355129709
19.66 0.660343909747
19.68 0.65809172694
19.7 0.655600377675
19.72 0.652871814209
19.74 0.649908129865
19.76 0.646711543409
19.78 0.643284382676
19.8 0.639629067695
19.82 0.635748093222
19.84 0.631644011169
19.86 0.627319412856
19.88 0.622776911245
19.9 0.618019123479
19.92 0.613048653664
19.94 0.607868076283
19.96 0.602479920084
19.98 0.596886652886
20.0 0.591090667237
20.02 0.585094267121
20.04 0.578899655778
20.06 0.572508924765
20.08 0.565924044537
20.1 0.559146856094
20.12 0.552179064555
20.14 0.545022233926
20.16 0.537677783783
20.18 0.530146987396
20.2 0.522430971666
20.22 0.514530718692
20.24 0.506447069189
20.26 0.498180727416
20.28 0.489732267972
20.3 0.481102144286
20.32 0.472290698545
20.34 0.463298173516
20.36 0.454124725665
20.38 0.444770439961
20.4 0.435235346007
20.42 0.425519435414
20.44 0.415622680722
20.46 0.405545055102
20.48 0.395286553481
20.5 0.3848472142
20.52 0.374227141932
20.54 0.363426530935
20.56 0.352445688993
20.58 0.34128506184
20.6 0.329945257701
20.62 0.318427072076
20.64 0.306731512456
20.66 0.294859822619
20.68 0.282813507056
20.7 0.270594354163
20.72 0.258204459361
20.74 0.245646246899
20.76 0.232922490763
20.78 0.220036334287
20.8 0.206991308388
20.82 0.193791348249
20.84 0.180440808092
20.86 0.166944474163
20.88 0.153307575808
20.9 0.139535793852
20.92 0.12563526731
20.94 0.111612596972
20.96 0.0974748469081
20.98 0.0832295430896
21.0 0.0688846692412
21.02 0.0544486599426
21.04 0.039930391105
21.06 0.025339167003
21.08 0.010684705233
21.1 -0.00402288193212
21.12 -0.0187731082213
21.14 -0.0335551375776
21.16 -0.0483578101428
21.18 -0.0631696713487
21.2 -0.0779790031596
21.22 -0.0927738573494
21.24 -0.107542091025
21.26 -0.122271403771
21.28 -0.136949376285
21.3 -0.151563510651
21.32 -0.166101271082
21.34 -0.180550126085
21.36 -0.194897590485
21.38 -0.209131268154
21.4 -0.223238894067
21.42 -0.237208376545
21.44 -0.251027838157
21.46 -0.264685656097
21.48 -0.278170500735
21.5 -0.291471373108
21.52 -0.304577639913
21.54 -0.317479067029
21.56 -0.33016584996
21.58 -0.342628642229
21.6 -0.354858580745
21.62 -0.366847308254
21.64 -0.378586992538
21.66 -0.39007034279
21.68 -0.4012906222
21.7 -0.412241657431
21.72 -0.422917844843
21.74 -0.433314152873
21.76 -0.443426121447
21.78 -0.453249857996
21.8 -0.462782029986
21.82 -0.472019854613
21.84 -0.4809610853
21.86 -0.489603995388
21.88 -0.497947359212
21.9 -0.505990430432
21.92 -0.51373291824
21.94 -0.521174961648
21.96 -0.528317101246
21.98 -0.53516025017
22.0 -0.54170566288
22.02 -0.547954903367
22.04 -0.553909812032
22.06 -0.55957247197
22.08 -0.56494517506
22.1 -0.570030387154
22.12 -0.574830714558
22.14 -0.57934886878
22.16 -0.583587634238
22.18 -0.587549833883
22.2 -0.591238298214
22.22 -0.594655833482
22.24 -0.597805191924
22.26 -0.600689043636
22.28 -0.603309948945
22.3 -0.605670333853
22.32 -0.607772465812
22.34 -0.609618432708
22.36 -0.611210122641
22.38 -0.612549207942
22.4 -0.613637127506
22.42 -0.614475076126
22.44 -0.615063992936
22.46 -0.615404552538
22.48 -0.615497160466
22.5 -0.615341948362
22.52 -0.614938774375
22.54 -0.6142872233
22.56 -0.613386611959
22.58 -0.612235994132
22.6 -0.610834170524
22.62 -0.609179699459
22.64 -0.607270910304
22.66 -0.605105919179
22.68 -0.602682647249
22.7 -0.59999884056
22.72 -0.597052091726
22.74 -0.59383986461
22.76 -0.590359519244
22.78 -0.586608339887
22.8 -0.582583563473
22.82 -0.578282409739
22.84 -0.573702113279
22.86 -0.568839954813
22.88 -0.563693295661
22.9 -0.558259610492
22.92 -0.552536522193
22.94 -0.546521835931
22.96 -0.540213573665
22.98 -0.533610008104
23.0 -0.526709696257
23.02 -0.519511512386
23.04 -0.512014679521
23.06 -0.504218800378
23.08 -0.496123885987
23.1 -0.487730383369
23.12 -0.479039200965
23.14 -0.470051731452
23.16 -0.460769873126
23.18 -0.451196047759
23.2 -0.441333216337
23.22 -0.431184891467
23.24 -0.420755147226
23.26 -0.410048624997
23.28 -0.399070536966
23.3 -0.387826665614
23.32 -0.376323360057
23.34 -0.36456752883
23.36 -0.352566629508
23.38 -0.340328654654
23.4 -0.327862114691
23.42 -0.315176017456
23.44 -0.302279844665
23.46 -0.289183525615
23.48 -0.275897407885
23.5 -0.262432225627
23.52 -0.248799065684
23.54 -0.235009331223
23.56 -0.22107470405
23.58 -0.207007104993
23.6 -0.192818653263
23.62 -0.178521624754
23.64 -0.164128409766
23.66 -0.149651470362
23.68 -0.135103297732
23.7 -0.120496369659
23.72 -0.10584310894
23.74 -0.0911558421121
23.76 -0.0764467599277
23.78 -0.0617278786259
23.8 -0.0470110033333
23.82 -0.0323076930723
23.84 -0.0176292277964
23.86 -0.00298657791855
23.88 0.0116096239928
23.9 0.0261491088056
23.92 0.0406219937805
23.94 0.0550188029768
23.96 0.0693304842729
23.98 0.0835484243936
24.0 0.0976644601627
24.02 0.111670887472
24.04 0.125560467208
24.06 0.139326428342
24.08 0.152962468317
24.1 0.166462750808
24.12 0.179821900796
24.14 0.193034997517
24.16 0.206097564546
24.18 0.219005558345
24.2 0.231755354152
24.22 0.244343730592
24.24 0.256767851987
24.26 0.269025249565
24.28 0.281113801075
24.3 0.293031709219
24.32 0.30477747909
24.34 0.316349894697
24.36 0.327747994865
24.38 0.338971048586
24.4 0.350018529976
24.42 0.360890093248
24.44 0.371585547294
24.46 0.382104830826
24.48 0.392447987544
24.5 0.402615141743
24.52 0.412606474654
24.54 0.422422201287
24.56 0.432062548229
24.58 0.441527732457
24.6 0.450817940899
24.62 0.45993331165
24.64 0.468873915863
24.66 0.477639741603
24.68 0.486230678566
24.7 0.494646504634
24.72 0.502886873945
24.74 0.51095130644
24.76 0.518839179118
24.78 0.526549719186
24.8 0.534081998453
24.82 0.541434930009
24.84 0.548607266124
24.86 0.555597598317
24.88 0.562404358731
24.9 0.569025823474
24.92 0.575460117467
24.94 0.581705220939
24.96 0.58775897737
24.98 0.593619103033
25.0 0.599283197726
25.02 0.604748757053
25.04 0.610013185554
25.06 0.615073811289
25.08 0.619927901029
25.1 0.624572676521
25.12 0.629005331389
25.14 0.633223048472
25.16 0.637223017748
25.18 0.641002454379
25.2 0.644558616908
25.22 0.647888825457
25.24 0.650990479539
25.26 0.653861075753
25.28 0.656498224678
25.3 0.658899667351
25.32 0.661063290741
25.34 0.662987142317
25.36 0.664669443603
25.38 0.666108602382
25.4 0.667303223699
25.42 0.668252119369
25.44 0.668954316004
25.46 0.669409061436
25.48 0.669615829553
25.5 0.66957432336
25.52 0.669284476431
25.54 0.668746452541
25.56 0.667960643679
25.58 0.666927666281
25.6 0.665648355849
25.62 0.664123759947
25.64 0.662355129709
25.66 0.660343909747
25.68 0.65809172694
25.7 0.655600377674
25.72 0.65287181421
25.74 0.649908129866
25.76 0.646711543405
25.78 0.643284382679
25.8 0.639629067693
25.82 0.635748093221
25.84 0.631644011173
25.86 0.627319412854
25.88 0.622776911245
25.9 0.618019123475
25.92 0.613048653672
25.94 0.607868076282
25.96 0.602479920078
25.98 0.596886652889
26.0 0.591090667237
26.02 0.585094267126
26.04 0.578899655763
26.06 0.572508924782
26.08 0.565924044537
26.1 0.559146856085
26.12 0.552179064559
26.14 0.545022233919
26.16 0.537677783792
26.18 0.530146987401
26.2 0.52243097165
26.22 0.514530718706
26.24 0.506447069188
26.26 0.498180727398
26.28 0.489732267989
26.3 0.48110214428
26.32 0.472290698544
26.34 0.463298173517
26.36 0.454124725658
26.38 0.444770439983
26.4 0.43523534599
26.42 0.425519435417
26.44 0.415622680715
26.46 0.405545055119
26.48 0.395286553462
26.5 0.384847214215
26.52 0.374227141935
26.54 0.363426530918
26.56 0.352445689006
26.58 0.341285061825
26.6 0.329945257712
26.62 0.318427072088
26.64 0.306731512427
26.66 0.29485982265
26.68 0.282813507041
26.7 0.270594354151
26.72 0.258204459378
26.74 0.245646246899
26.76 0.232922490759
26.78 0.220036334279
26.8 0.206991308395
26.82 0.193791348265
26.84 0.180440808072
26.86 0.166944474168
26.88 0.153307575802
26.9 0.139535793867
26.92 0.125635267295
26.94 0.111612596984
26.96 0.0974748469081
26.98 0.0832295430796
27.0 0.0688846692401
27.02 0.0544486599467
27.04 0.0399303911089
27.06 0.0253391670101
27.08 0.0106847052092
27.1 -0.00402288189988
27.12 -0.0187731082407
27.14 -0.0335551375835
27.16 -0.048357810131
27.18 -0.0631696713565
27.2 -0.0779790031521
27.22 -0.0927738573454
27.24 -0.107542091054
27.26 -0.122271403737
27.28 -0.136949376299
27.3 -0.15156351065
27.32 -0.166101271082
27.34 -0.180550126078
27.36 -0.194897590511
27.38 -0.209131268126
27.4 -0.223238894066
27.42 -0.237208376562
27.44 -0.251027838152
27.46 -0.264685656097
27.48 -0.278170500735
27.5 -0.291471373097
27.52 -0.304577639924
27.54 -0.317479067023
27.56 -0.330165849971
27.58 -0.342628642227
27.6 -0.354858580734
27.62 -0.36684730826
27.64 -0.378586992538
27.66 -0.390070342787
27.68 -0.401290622196
27.7 -0.412241657446
27.72 -0.422917844844
27.74 -0.433314152853
27.76 -0.443426121461
27.78 -0.453249857987
27.8 -0.462782029997
27.82 -0.472019854601
27.84 -0.480961085306
27.86 -0.489603995388
27.88 -0.497947359212
27.9 -0.505990430432
27.92 -0.513732918258
27.94 -0.521174961611
27.96 -0.528317101285
27.98 -0.53516025013
28.0 -0.541705662899
28.02 -0.54795490338
28.04 -0.553909812008
28.06 -0.559572471982
28.08 -0.56494517506
28.1 -0.570030387146
28.12 -0.574830714576
28.14 -0.579348868771
28.16 -0.583587634237
28.18 -0.587549833885
28.2 -0.591238298213
28.22 -0.594655833482
28.24 -0.597805191946
28.26 -0.60068904359
28.28 -0.603309948968
28.3 -0.605670333853
28.32 -0.607772465843
28.34 -0.609618432616
28.36 -0.611210122748
28.38 -0.612549207881
28.4 -0.613637127521
28.42 -0.614475076126
28.44 -0.615063992936
28.46 -0.615404552538
28.48 -0.615497160466
28.5 -0.615341948362
28.52 -0.614938774375
28.54 -0.6142872233
28.56 -0.613386611959
28.58 -0.612235994132
28.6 -0.610834170494
28.62 -0.609179699519
28.64 -0.607270910274
28.66 -0.605105919179
28.68 -0.602682647251
28.7 -0.599998840559
28.72 -0.597052091726
28.74 -0.59383986461
28.76 -0.590359519245
28.78 -0.586608339885
28.8 -0.582583563474
28.82 -0.578282409753
28.84 -0.573702113234
28.86 -0.568839954846
28.88 -0.563693295673
28.9 -0.55825961048
28.92 -0.55253652219
28.94 -0.546521835933
28.96 -0.540213573665
28.98 -0.533610008113
29.0 -0.526709696237
29.02 -0.519511512396
29.04 -0.512014679521
29.06 -0.504218800378
29.08 -0.496123885987
29.1 -0.487730383375
29.12 -0.479039200952
29.14 -0.470051731458
29.16 -0.460769873133
29.18 -0.451196047745
29.2 -0.441333216327
29.22 -0.431184891503
29.24 -0.420755147208
29.26 -0.410048624989
29.28 -0.399070536969
29.3 -0.387826665621
29.32 -0.376323360041
29.34 -0.364567528841
29.36 -0.352566629516
29.38 -0.340328654652
29.4 -0.32786211468
29.42 -0.315176017467
29.44 -0.302279844656
29.46 -0.289183525624
29.48 -0.275897407874
29.5 -0.262432225636
29.52 -0.248799065679
29.54 -0.235009331233
29.56 -0.22107470404
29.58 -0.207007104999
29.6 -0.192818653268
29.62 -0.178521624735
29.64 -0.16412840978
29.66 -0.149651470371
29.68 -0.135103297709
29.7 -0.120496369685
29.72 -0.105843108911
29.74 -0.0911558421389
29.76 -0.0764467599171
29.78 -0.061727878618
29.8 -0.0470110033471
29.82 -0.0323076930763
29.84 -0.0176292277806
29.86 -0.00298657792362
29.88 0.0116096239951
29.9 0.0261491087986
29.92 0.0406219937981
29.94 0.0550188029532
29.96 0.069330484285
29.98 0.0835484243912
30.0 0.097664460161
30.02 0.111670887474
30.04 0.125560467206
30.06 0.139326428355
30.08 0.152962468305
30.1 0.166462750793
30.12 0.179821900828
30.14 0.193034997489
30.16 0.206097564568
30.18 0.219005558328
30.2 0.231755354156
30.22 0.244343730604
30.24 0.25676785197
30.26 0.269025249562
30.28 0.281113801086
30.3 0.293031709219
30.32 0.304777479093
30.34 0.316349894692
30.36 0.327747994869
30.38 0.338971048578
30.4 0.350018529988
30.42 0.360890093231
30.44 0.371585547302
30.46 0.382104830828
30.48 0.392447987537
30.5 0.402615141758
30.52 0.412606474642
30.54 0.422422201276
30.56 0.432062548247
30.58 0.441527732449
30.6 0.450817940908
30.62 0.459933311639
30.64 0.468873915872
30.66 0.477639741604
30.68 0.48623067856
30.7 0.49464650463
30.72 0.502886873955
30.74 0.510951306429
30.76 0.518839179121
30.78 0.526549719197
30.8 0.534081998441
30.82 0.541434930017
30.84 0.548607266116
30.86 0.555597598317
30.88 0.562404358741
30.9 0.569025823462
30.92 0.575460117475
30.94 0.581705220939
30.96 0.587758977369
30.98 0.593619103026
31.0 0.599283197737
31.02 0.604748757048
31.04 0.610013185555
31.06 0.61507381129
31.08 0.619927901023
31.1 0.624572676526
31.12 0.629005331387
31.14 0.633223048471
31.16 0.637223017751
31.18 0.641002454375
31.2 0.644558616909
31.22 0.647888825459
31.24 0.650990479539
31.26 0.653861075752
31.28 0.656498224679
31.3 0.65889966735
31.32 0.661063290743
31.34 0.662987142314
31.36 0.664669443604
31.38 0.666108602382
31.4 0.667303223699
31.42 0.668252119369
31.44 0.668954316004
31.46 0.669409061436
31.48 0.669615829553
31.5 0.66957432336
31.52 0.669284476431
31.54 0.668746452539
31.56 0.667960643683
31.58 0.666927666279
31.6 0.665648355847
31.62 0.66412375995
31.64 0.662355129707
31.66 0.660343909745
31.68 0.658091726944
31.7 0.65560037767
31.72 0.652871814214
31.74 0.649908129867
31.76 0.646711543395
31.78 0.64328438269
31.8 0.63962906769
31.82 0.635748093218
31.84 0.631644011171
31.86 0.627319412858
31.88 0.622776911246
31.9 0.618019123475
31.92 0.613048653665
31.94 0.607868076283
31.96 0.602479920084
31.98 0.596886652881
32.0 0.591090667251
32.02 0.585094267115
32.04 0.57889965577
32.06 0.572508924773
32.08 0.565924044539
32.1 0.559146856085
32.12 0.552179064565
32.14 0.545022233912
32.16 0.537677783799
32.18 0.5301469874
32.2 0.522430971641
32.22 0.514530718714
32.24 0.506447069179
32.26 0.498180727412
32.28 0.489732267976
32.3 0.481102144295
32.32 0.47229069854
32.34 0.46329817351
32.36 0.454124725663
32.38 0.44477043997
32.4 0.435235346002
32.42 0.425519435413
32.44 0.415622680728
32.46 0.405545055103
32.48 0.395286553472
32.5 0.384847214199
32.52 0.374227141949
32.54 0.363426530905
32.56 0.352445689023
32.58 0.341285061812
32.6 0.329945257719
32.62 0.318427072089
32.64 0.306731512423
32.66 0.294859822651
32.68 0.282813507037
32.7 0.27059435416
32.72 0.25820445938
32.74 0.245646246894
32.76 0.232922490754
32.78 0.220036334286
32.8 0.206991308391
32.82 0.193791348255
32.84 0.180440808079
32.86 0.166944474173
32.88 0.153307575812
32.9 0.139535793847
32.92 0.125635267308
32.94 0.111612596969
32.96 0.0974748469211
32.98 0.0832295430702
33.0 0.0688846692534
33.02 0.054448659938
33.04 0.0399303911111
33.06 0.025339167015
33.08 0.0106847051951
33.1 -0.00402288188964
33.12 -0.0187731082505
33.14 -0.0335551375683
33.16 -0.0483578101327
33.18 -0.0631696713624
33.2 -0.0779790031569
33.22 -0.0927738573494
33.24 -0.107542091032
33.26 -0.122271403756
33.28 -0.1369493763
33.3 -0.151563510641
33.32 -0.166101271078
33.34 -0.180550126084
33.36 -0.194897590504
33.38 -0.209131268144
33.4 -0.223238894052
33.42 -0.237208376569
33.44 -0.251027838145
33.46 -0.264685656093
33.48 -0.278170500752
33.5 -0.291471373078
33.52 -0.304577639944
33.54 -0.317479067013
33.56 -0.330165849969
33.58 -0.34262864223
33.6 -0.354858580739
33.62 -0.366847308247
33.64 -0.378586992545
33.66 -0.390070342789
33.68 -0.401290622192
33.7 -0.412241657449
33.72 -0.422917844851
33.74 -0.433314152844
33.76 -0.443426121453
33.78 -0.453249858001
33.8 -0.462782029985
33.82 -0.472019854624
33.84 -0.480961085281
33.86 -0.489603995405
33.88 -0.497947359196
33.9 -0.505990430442
33.92 -0.513732918255
33.94 -0.521174961613
33.96 -0.528317101285
33.98 -0.53516025013
34.0 -0.54170566291
34.02 -0.547954903357
34.04 -0.553909812006
34.06 -0.559572472022
34.08 -0.564945175019
34.1 -0.570030387168
34.12 -0.574830714558
34.14 -0.57934886878
34.16 -0.583587634238
34.18 -0.587549833883
34.2 -0.591238298214
34.22 -0.594655833482
34.24 -0.597805191923
34.26 -0.600689043637
34.28 -0.603309948945
34.3 -0.605670333853
34.32 -0.607772465843
34.34 -0.609618432586
34.36 -0.611210122809
34.38 -0.612549207851
34.4 -0.613637127521
34.42 -0.614475076126
34.44 -0.615063992936
34.46 -0.615404552538
34.48 -0.615497160466
34.5 -0.615341948362
34.52 -0.614938774375
34.54 -0.6142872233
34.56 -0.613386611944
34.58 -0.612235994162
34.6 -0.610834170507
34.62 -0.60917969946
34.64 -0.607270910304
34.66 -0.605105919179
34.68 -0.602682647251
34.7 -0.599998840559
34.72 -0.597052091726
34.74 -0.593839864632
34.76 -0.5903595192
34.78 -0.586608339907
34.8 -0.582583563475
34.82 -0.578282409752
34.84 -0.573702113234
34.86 -0.568839954846
34.88 -0.563693295673
34.9 -0.55825961048
34.92 -0.552536522201
34.94 -0.54652183591
34.96 -0.540213573677
34.98 -0.533610008104
35.0 -0.526709696257
35.02 -0.519511512386
35.04 -0.512014679521
35.06 -0.504218800376
35.08 -0.49612388599
35.1 -0.487730383374
35.12 -0.479039200953
35.14 -0.470051731456
35.16 -0.460769873134
35.18 -0.451196047738
35.2 -0.441333216341
35.22 -0.431184891496
35.24 -0.420755147208
35.26 -0.410048624989
35.28 -0.399070536964
35.3 -0.387826665632
35.32 -0.376323360047
35.34 -0.364567528817
35.36 -0.352566629531
35.38 -0.340328654634
35.4 -0.327862114715
35.42 -0.315176017426
35.44 -0.302279844679
35.46 -0.289183525624
35.48 -0.275897407878
35.5 -0.262432225635
35.52 -0.248799065665
35.54 -0.235009331238
35.56 -0.221074704043
35.58 -0.207007104995
35.6 -0.192818653279
35.62 -0.178521624728
35.64 -0.16412840978
35.66 -0.149651470373
35.68 -0.135103297703
35.7 -0.120496369691
35.72 -0.105843108909
35.74 -0.0911558421392
35.76 -0.0764467599227
35.78 -0.0617278786063
35.8 -0.0470110033626
35.82 -0.0323076930529
35.84 -0.0176292277983
35.86 -0.00298657791644
35.88 0.0116096239939
35.9 0.0261491087937
35.92 0.0406219937891
35.94 0.0550188029695
35.96 0.0693304842842
35.98 0.083548424394
36.0 0.0976644601581
36.02 0.11167088747
36.04 0.125560467201
36.06 0.139326428349
36.08 0.152962468324
36.1 0.166462750785
36.12 0.179821900829
36.14 0.193034997489
36.16 0.206097564574
36.18 0.219005558316
36.2 0.231755354156
36.22 0.244343730617
36.24 0.256767851959
36.26 0.269025249573
36.28 0.28111380108
36.3 0.29303170922
36.32 0.304777479081
36.34 0.316349894715
36.36 0.327747994848
36.38 0.338971048586
36.4 0.350018529987
36.42 0.360890093245
36.44 0.371585547289
36.46 0.382104830826
36.48 0.392447987538
36.5 0.402615141756
36.52 0.41260647465
36.54 0.422422201272
36.56 0.432062548259
36.58 0.441527732425
36.6 0.45081794093
36.62 0.459933311621
36.64 0.468873915871
36.66 0.477639741624
36.68 0.486230678542
36.7 0.494646504646
36.72 0.502886873947
36.74 0.510951306429
36.76 0.518839179121
36.78 0.526549719191
36.8 0.534081998454
36.82 0.541434930001
36.84 0.548607266131
36.86 0.555597598317
36.88 0.562404358728
36.9 0.569025823477
36.92 0.575460117458
36.94 0.581705220948
36.96 0.587758977369
36.98 0.593619103026
37.0 0.599283197743
37.02 0.604748757037
37.04 0.610013185568
37.06 0.615073811277
37.08 0.619927901028
37.1 0.62457267653
37.12 0.629005331379
37.14 0.633223048482
37.16 0.637223017746
37.18 0.641002454375
37.2 0.644558616909
37.22 0.647888825455
37.24 0.650990479547
37.26 0.653861075747
37.28 0.656498224682
37.3 0.658899667349
37.32 0.661063290743
37.34 0.662987142314
37.36 0.664669443605
37.38 0.666108602382
37.4 0.667303223699
37.42 0.668252119369
37.44 0.668954316004
37.46 0.669409061436
37.48 0.669615829553
37.5 0.66957432336
37.52 0.669284476431
37.54 0.668746452539
37.56 0.667960643683
37.58 0.666927666279
37.6 0.665648355847
37.62 0.66412375995
37.64 0.662355129707
37.66 0.660343909747
37.68 0.65809172694
37.7 0.655600377673
37.72 0.652871814213
37.74 0.649908129863
37.76 0.646711543405
37.78 0.643284382683
37.8 0.639629067695
37.82 0.635748093216
37.84 0.631644011171
37.86 0.627319412858
37.88 0.622776911243
37.9 0.618019123481
37.92 0.613048653657
37.94 0.607868076293
37.96 0.602479920081
37.98 0.596886652877
38.0 0.591090667253
38.02 0.585094267115
38.04 0.57889965577
38.06 0.572508924773
38.08 0.565924044539
38.1 0.559146856093
38.12 0.552179064549
38.14 0.545022233929
38.16 0.537677783782
38.18 0.530146987402
38.2 0.522430971655
38.22 0.514530718707
38.24 0.506447069179
38.26 0.498180727409
38.28 0.48973226798
38.3 0.481102144293
38.32 0.47229069853
38.34 0.46329817353
38.36 0.454124725644
38.38 0.444770439988
38.4 0.435235345999
38.42 0.425519435401
38.44 0.415622680734
38.46 0.405545055103
38.48 0.395286553473
38.5 0.384847214198
38.52 0.37422714195
38.54 0.363426530918
38.56 0.352445688999
38.58 0.341285061832
38.6 0.329945257701
38.62 0.318427072089
38.64 0.306731512442
38.66 0.294859822642
38.68 0.282813507037
38.7 0.27059435416
38.72 0.258204459367
38.74 0.245646246919
38.76 0.232922490729
38.78 0.220036334307
38.8 0.206991308397
38.82 0.193791348228
38.84 0.180440808099
38.86 0.166944474158
38.88 0.15330757582
38.9 0.139535793847
38.92 0.125635267308
38.94 0.111612596977
38.96 0.0974748469066
38.98 0.0832295430877
39.0 0.0688846692329
39.02 0.0544486599534
39.04 0.0399303910977
39.06 0.0253391670103
39.08 0.0106847052238
39.1 -0.00402288190736
39.12 -0.0187731082467
39.14 -0.0335551375702
39.16 -0.0483578101437
39.18 -0.0631696713406
39.2 -0.0779790031784
39.22 -0.0927738573281
39.24 -0.107542091033
39.26 -0.122271403775
39.28 -0.136949376285
39.3 -0.151563510653
39.32 -0.166101271072
39.34 -0.180550126086
39.36 -0.1948975905
39.38 -0.209131268138
39.4 -0.223238894067
39.42 -0.237208376554
39.44 -0.25102783816
39.46 -0.264685656092
39.48 -0.278170500737
39.5 -0.2914713731
39.52 -0.304577639917
39.54 -0.317479067027
39.56 -0.330165849969
39.58 -0.34262864223
39.6 -0.354858580744
39.62 -0.366847308237
39.64 -0.378586992554
39.66 -0.39007034278
39.68 -0.401290622198
39.7 -0.412241657446
39.72 -0.422917844836
39.74 -0.433314152878
39.76 -0.443426121436
39.78 -0.453249858001
39.8 -0.462782029985
39.82 -0.472019854609
39.84 -0.480961085311
39.86 -0.489603995373
39.88 -0.49794735923
39.9 -0.505990430423
39.92 -0.513732918258
39.94 -0.521174961621
39.96 -0.528317101266
39.98 -0.53516025014
