0.0 11.0076053625
0.02 10.9552686627
0.04 10.9028842343
0.06 10.8504831789
0.08 10.7980966983
0.1 10.7457560458
0.12 10.6934924768
0.14 10.6413371993
0.16 10.5893213249
0.18 10.53747582
0.2 10.4858314573
0.22 10.4344187691
0.24 10.3832680005
0.26 10.332409064
0.28 10.2818714959
0.3 10.2316844141
0.32 10.1818764766
0.34 10.1324758434
0.36 10.0835101387
0.38 10.0350064165
0.4 9.98699112761
0.42 9.93949008889
0.44 9.89252845527
0.46 9.84613069392
0.48 9.80032056089
0.5 9.75512108038
0.52 9.71055452654
0.54 9.66664240778
0.56 9.62340545386
0.58 9.58086360531
0.6 9.53903600568
0.62 9.49794099621
0.64 9.45759611301
0.66 9.41801808677
0.68 9.37922284484
0.7 9.34122551564
0.72 9.3040404354
0.74 9.26768115701
0.76 9.23216046099
0.78 9.19749036848
0.8 9.16368215607
0.82 9.13074637246
0.84 9.09869285674
0.86 9.06753075817
0.88 9.03726855755
0.9 9.00791408962
0.92 8.97947456683
0.94 8.95195660405
0.96 8.92536624416
0.98 8.89970898439
1.0 8.87498980333
1.02 8.85121318833
1.04 8.82838316334
1.06 8.80650331686
1.08 8.78557683005
1.1 8.76560650471
1.12 8.74659479105
1.14 8.72854381528
1.16 8.71145540654
1.18 8.69533112343
1.2 8.68017227977
1.22 8.6659799696
1.24 8.65275509124
1.26 8.64049837029
1.28 8.62921038164
1.3 8.61889157014
1.32 8.60954227001
1.34 8.60116272292
1.36 8.59375309454
1.38 8.58731348957
1.4 8.58184396527
1.42 8.57734454318
1.44 8.5738152193
1.46 8.57125597247
1.48 8.56966677096
1.5 8.56904757729
1.52 8.56939835127
1.54 8.57071905115
1.56 8.57300963299
1.58 8.57627004817
1.6 8.58050023919
1.62 8.58570013351
1.64 8.5918696358
1.66 8.59900861837
1.68 8.60711690995
1.7 8.61619428283
1.72 8.6262404384
1.74 8.63725499122
1.76 8.64923745163
1.78 8.66218720697
1.8 8.67610350155
1.82 8.69098541537
1.84 8.70683184179
1.86 8.72364146417
1.88 8.74141273155
1.9 8.76014383365
1.92 8.77983267501
1.94 8.80047684874
1.96 8.82207360963
1.98 8.84461984708
2.0 8.8681120577
2.02 8.89254631785
2.04 8.91791825626
2.06 8.94422302672
2.08 8.97145528117
2.1 8.9996091431
2.12 9.02867818161
2.14 9.05865538605
2.16 9.08953314155
2.18 9.12130320543
2.2 9.15395668467
2.22 9.18748401468
2.24 9.22187493918
2.26 9.25711849171
2.28 9.29320297852
2.3 9.33011596328
2.32 9.36784425334
2.34 9.40637388811
2.36 9.44569012914
2.38 9.4857774525
2.4 9.52661954308
2.42 9.56819929125
2.44 9.61049879178
2.46 9.65349934498
2.48 9.69718146049
2.5 9.74152486317
2.52 9.78650850181
2.54 9.8321105601
2.56 9.87830847018
2.58 9.92507892875
2.6 9.97239791561
2.62 10.0202407147
2.64 10.0685819377
2.66 10.1173955497
2.68 10.1666548978
2.7 10.2163327413
2.72 10.2664012847
2.74 10.3168322122
2.76 10.3675967249
2.78 10.4186655791
2.8 10.4700091273
2.82 10.5215973597
2.84 10.5733999479
2.86 10.6253862902
2.88 10.6775255567
2.9 10.7297867372
2.92 10.7821386883
2.94 10.8345501821
2.96 10.8869899546
2.98 10.9394267552
3.0 10.9918293952
3.02 11.044166797
3.04 11.0964080423
3.06 11.1485224201
3.08 11.2004794741
3.1 11.2522490483
3.12 11.3038013326
3.14 11.3551069062
3.16 11.40613678
3.18 11.4568624373
3.2 11.5072558726
3.22 11.5572896284
3.24 11.6069368299
3.26 11.6561712182
3.28 11.7049671803
3.3 11.7532997769
3.32 11.8011447685
3.34 11.848478638
3.36 11.8952786114
3.38 11.9415226755
3.4 11.9871895935
3.42 12.0322589172
3.44 12.0767109974
3.46 12.1205269911
3.48 12.1636888661
3.5 12.2061794042
3.52 12.2479822
3.54 12.2890816592
3.56 12.3294629932
3.58 12.3691122124
3.6 12.4080161167
3.62 12.4461622845
3.64 12.4835390594
3.66 12.5201355353
3.68 12.5559415395
3.7 12.5909476148
3.72 12.6251449996
3.74 12.6585256071
3.76 12.6910820029
3.78 12.722807382
3.8 12.7536955445
3.82 12.7837408709
3.84 12.8129382961
3.86 12.8412832838
3.88 12.8687717995
3.9 12.8954002839
3.92 12.9211656255
3.94 12.946065134
3.96 12.9700965128
3.98 12.9932578322
4.0 13.0155475025
4.02 13.0369642476
4.04 13.0575070793
4.06 13.0771752713
4.08 13.0959683344
4.1 13.1138859921
4.12 13.1309281572
4.14 13.1470949083
4.16 13.1623864684
4.18 13.1768031832
4.2 13.1903455008
4.22 13.2030139527
4.24 13.2148091347
4.26 13.2257316904
4.28 13.2357822942
4.3 13.2449616365
4.32 13.2532704094
4.34 13.2607092935
4.36 13.2672789466
4.38 13.2729799926
4.4 13.277813012
4.42 13.2817785337
4.44 13.2848770279
4.46 13.2871089002
4.48 13.2884744869
4.5 13.2889740512
4.52 13.2886077814
4.54 13.2873757896
4.56 13.2852781119
4.58 13.28231471
4.6 13.2784854733
4.62 13.2737902234
4.64 13.2682287186
4.66 13.2618006604
4.68 13.254505701
4.7 13.2463434515
4.72 13.2373134922
4.74 13.2274153835
4.76 13.2166486772
4.78 13.205012931
4.8 13.1925077217
4.82 13.1791326612
4.84 13.1648874129
4.86 13.1497717087
4.88 13.1337853681
4.9 13.1169283172
4.92 13.0992006093
4.94 13.080602446
4.96 13.061134199
4.98 13.0407964332
5.0 13.0195899305
5.02 12.9975157132
5.04 12.9745750694
5.06 12.9507695783
5.08 12.9261011355
5.1 12.9005719796
5.12 12.8741847183
5.14 12.846942355
5.16 12.8188483157
5.18 12.7899064755
5.2 12.7601211854
5.22 12.7294972983
5.24 12.6980401955
5.26 12.6657558118
5.28 12.6326506613
5.3 12.5987318612
5.32 12.5640071555
5.34 12.5284849379
5.36 12.4921742733
5.38 12.4550849182
5.4 12.4172273402
5.42 12.3786127352
5.44 12.3392530442
5.46 12.2991609672
5.48 12.2583499767
5.5 12.2168343279
5.52 12.174629068
5.54 12.1317500427
5.56 12.0882139011
5.58 12.0440380974
5.6 11.9992408915
5.62 11.9538413459
5.64 11.9078593213
5.66 11.8613154684
5.68 11.8142312184
5.7 11.7666287699
5.72 11.7185310737
5.74 11.6699618152
5.76 11.6209453932
5.78 11.5715068978
5.8 11.5216720841
5.82 11.4714673444
5.84 11.4209196781
5.86 11.3700566586
5.88 11.3189063987
5.9 11.2674975136
5.92 11.2158590821
5.94 11.1640206056
5.96 11.1120119661
5.98 11.0598633818
6.0 11.0076053625
6.02 10.9552686627
6.04 10.9028842343
6.06 10.8504831789
6.08 10.7980966983
6.1 10.7457560458
6.12 10.6934924768
6.14 10.6413371993
6.16 10.5893213249
6.18 10.53747582
6.2 10.4858314573
6.22 10.4344187691
6.24 10.3832680005
6.26 10.332409064
6.28 10.2818714959
6.3 10.2316844141
6.32 10.1818764766
6.34 10.1324758434
6.36 10.0835101387
6.38 10.0350064165
6.4 9.98699112761
6.42 9.93949008889
6.44 9.89252845527
6.46 9.84613069392
6.48 9.80032056088
6.5 9.75512108038
6.52 9.71055452654
6.54 9.66664240779
6.56 9.62340545386
6.58 9.58086360531
6.6 9.53903600568
6.62 9.49794099621
6.64 9.45759611301
6.66 9.41801808677
6.68 9.37922284484
6.7 9.34122551564
6.72 9.3040404354
6.74 9.26768115701
6.76 9.23216046098
6.78 9.19749036848
6.8 9.16368215607
6.82 9.13074637246
6.84 9.09869285674
6.86 9.06753075817
6.88 9.03726855755
6.9 9.00791408961
6.92 8.97947456683
6.94 8.95195660405
6.96 8.92536624416
6.98 8.89970898439
7.0 8.87498980333
7.02 8.85121318833
7.04 8.82838316334
7.06 8.80650331686
7.08 8.78557683005
7.1 8.76560650471
7.12 8.74659479105
7.14 8.72854381528
7.16 8.71145540654
7.18 8.69533112343
7.2 8.68017227977
7.22 8.6659799696
7.24 8.65275509124
7.26 8.64049837029
7.28 8.62921038164
7.3 8.61889157014
7.32 8.60954227001
7.34 8.60116272292
7.36 8.59375309454
7.38 8.58731348957
7.4 8.58184396527
7.42 8.57734454318
7.44 8.5738152193
7.46 8.57125597247
7.48 8.56966677096
7.5 8.56904757729
7.52 8.56939835127
7.54 8.57071905115
7.56 8.57300963299
7.58 8.57627004817
7.6 8.58050023919
7.62 8.58570013351
7.64 8.5918696358
7.66 8.59900861837
7.68 8.60711690995
7.7 8.61619428283
7.72 8.6262404384
7.74 8.63725499122
7.76 8.64923745163
7.78 8.66218720697
7.8 8.67610350155
7.82 8.69098541537
7.84 8.70683184179
7.86 8.72364146417
7.88 8.74141273156
7.9 8.76014383364
7.92 8.77983267501
7.94 8.80047684873
7.96 8.82207360963
7.98 8.84461984708
8.0 8.8681120577
8.02 8.89254631785
8.04 8.91791825626
8.06 8.94422302672
8.08 8.97145528117
8.1 8.9996091431
8.12 9.02867818161
8.14 9.05865538605
8.16 9.08953314155
8.18 9.12130320542
8.2 9.15395668467
8.22 9.18748401468
8.24 9.22187493918
8.26 9.25711849171
8.28 9.29320297852
8.3 9.33011596328
8.32 9.36784425334
8.34 9.40637388811
8.36 9.44569012915
8.38 9.4857774525
8.4 9.52661954308
8.42 9.56819929125
8.44 9.61049879177
8.46 9.65349934499
8.48 9.69718146049
8.5 9.74152486317
8.52 9.78650850181
8.54 9.8321105601
8.56 9.87830847018
8.58 9.92507892875
8.6 9.97239791561
8.62 10.0202407147
8.64 10.0685819377
8.66 10.1173955497
8.68 10.1666548978
8.7 10.2163327413
8.72 10.2664012847
8.74 10.3168322122
8.76 10.3675967249
8.78 10.4186655791
8.8 10.4700091273
8.82 10.5215973597
8.84 10.5733999479
8.86 10.6253862902
8.88 10.6775255567
8.9 10.7297867372
8.92 10.7821386883
8.94 10.8345501821
8.96 10.8869899546
8.98 10.9394267552
9.0 10.9918293952
9.02 11.044166797
9.04 11.0964080423
9.06 11.1485224202
9.08 11.2004794741
9.1 11.2522490483
9.12 11.3038013326
9.14 11.3551069062
9.16 11.40613678
9.18 11.4568624373
9.2 11.5072558726
9.22 11.5572896284
9.24 11.6069368299
9.26 11.6561712182
9.28 11.7049671803
9.3 11.7532997769
9.32 11.8011447685
9.34 11.848478638
9.36 11.8952786114
9.38 11.9415226755
9.4 11.9871895935
9.42 12.0322589173
9.44 12.0767109974
9.46 12.1205269911
9.48 12.1636888661
9.5 12.2061794042
9.52 12.2479822
9.54 12.2890816592
9.56 12.3294629932
9.58 12.3691122124
9.6 12.4080161167
9.62 12.4461622845
9.64 12.4835390594
9.66 12.5201355353
9.68 12.5559415395
9.7 12.5909476148
9.72 12.6251449996
9.74 12.6585256071
9.76 12.6910820029
9.78 12.722807382
9.8 12.7536955445
9.82 12.7837408709
9.84 12.8129382961
9.86 12.8412832838
9.88 12.8687717995
9.9 12.8954002839
9.92 12.9211656255
9.94 12.946065134
9.96 12.9700965128
9.98 12.9932578322
10.0 13.0155475025
10.02 13.0369642476
10.04 13.0575070793
10.06 13.0771752713
10.08 13.0959683344
10.1 13.1138859921
10.12 13.1309281572
10.14 13.1470949083
10.16 13.1623864684
10.18 13.1768031832
10.2 13.1903455008
10.22 13.2030139527
10.24 13.2148091347
10.26 13.2257316904
10.28 13.2357822942
10.3 13.2449616365
10.32 13.2532704094
10.34 13.2607092935
10.36 13.2672789466
10.38 13.2729799926
10.4 13.277813012
10.42 13.2817785337
10.44 13.2848770279
10.46 13.2871089002
10.48 13.2884744869
10.5 13.2889740512
10.52 13.2886077814
10.54 13.2873757895
10.56 13.2852781119
10.58 13.28231471
10.6 13.2784854733
10.62 13.2737902234
10.64 13.2682287186
10.66 13.2618006604
10.68 13.254505701
10.7 13.2463434515
10.72 13.2373134923
10.74 13.2274153835
10.76 13.2166486772
10.78 13.205012931
10.8 13.1925077217
10.82 13.1791326612
10.84 13.1648874129
10.86 13.1497717087
10.88 13.1337853681
10.9 13.1169283172
10.92 13.0992006094
10.94 13.080602446
10.96 13.061134199
10.98 13.0407964332
11.0 13.0195899305
11.02 12.9975157132
11.04 12.9745750694
11.06 12.9507695783
11.08 12.9261011355
11.1 12.9005719796
11.12 12.8741847183
11.14 12.846942355
11.16 12.8188483157
11.18 12.7899064755
11.2 12.7601211854
11.22 12.7294972983
11.24 12.6980401955
11.26 12.6657558118
11.28 12.6326506613
11.3 12.5987318612
11.32 12.5640071555
11.34 12.5284849379
11.36 12.4921742733
11.38 12.4550849183
11.4 12.4172273402
11.42 12.3786127352
11.44 12.3392530442
11.46 12.2991609672
11.48 12.2583499767
11.5 12.2168343279
11.52 12.174629068
11.54 12.1317500427
11.56 12.0882139011
11.58 12.0440380974
11.6 11.9992408915
11.62 11.9538413459
11.64 11.9078593213
11.66 11.8613154684
11.68 11.8142312184
11.7 11.7666287699
11.72 11.7185310737
11.74 11.6699618152
11.76 11.6209453932
11.78 11.5715068979
11.8 11.5216720841
11.82 11.4714673444
11.84 11.4209196781
11.86 11.3700566586
11.88 11.3189063987
11.9 11.2674975136
11.92 11.2158590821
11.94 11.1640206057
11.96 11.1120119661
11.98 11.0598633818
12.0 11.0076053625
12.02 10.9552686627
12.04 10.9028842344
12.06 10.8504831789
12.08 10.7980966983
12.1 10.7457560458
12.12 10.6934924768
12.14 10.6413371993
12.16 10.5893213249
12.18 10.53747582
12.2 10.4858314573
12.22 10.4344187691
12.24 10.3832680005
12.26 10.332409064
12.28 10.2818714959
12.3 10.2316844141
12.32 10.1818764766
12.34 10.1324758434
12.36 10.0835101387
12.38 10.0350064165
12.4 9.98699112761
12.42 9.93949008889
12.44 9.89252845527
12.46 9.84613069391
12.48 9.80032056089
12.5 9.75512108038
12.52 9.71055452654
12.54 9.66664240779
12.56 9.62340545386
12.58 9.58086360531
12.6 9.53903600568
12.62 9.49794099621
12.64 9.45759611301
12.66 9.41801808677
12.68 9.37922284484
12.7 9.34122551564
12.72 9.3040404354
12.74 9.26768115701
12.76 9.23216046098
12.78 9.19749036848
12.8 9.16368215607
12.82 9.13074637246
12.84 9.09869285674
12.86 9.06753075817
12.88 9.03726855755
12.9 9.00791408961
12.92 8.97947456683
12.94 8.95195660405
12.96 8.92536624416
12.98 8.89970898439
13.0 8.87498980333
13.02 8.85121318833
13.04 8.82838316334
13.06 8.80650331686
13.08 8.78557683005
13.1 8.76560650471
13.12 8.74659479105
13.14 8.72854381528
13.16 8.71145540654
13.18 8.69533112342
13.2 8.68017227977
13.22 8.66597996961
13.24 8.65275509124
13.26 8.64049837029
13.28 8.62921038164
13.3 8.61889157014
13.32 8.60954227
13.34 8.60116272292
13.36 8.59375309454
13.38 8.58731348957
13.4 8.58184396527
13.42 8.57734454318
13.44 8.5738152193
13.46 8.57125597247
13.48 8.56966677096
13.5 8.56904757729
13.52 8.56939835127
13.54 8.57071905115
13.56 8.57300963299
13.58 8.57627004817
13.6 8.58050023919
13.62 8.58570013351
13.64 8.5918696358
13.66 8.59900861837
13.68 8.60711690995
13.7 8.61619428283
13.72 8.62624043839
13.74 8.63725499122
13.76 8.64923745163
13.78 8.66218720697
13.8 8.67610350155
13.82 8.69098541537
13.84 8.70683184179
13.86 8.72364146417
13.88 8.74141273156
13.9 8.76014383365
13.92 8.77983267501
13.94 8.80047684874
13.96 8.82207360962
13.98 8.84461984708
14.0 8.86811205769
14.02 8.89254631785
14.04 8.91791825626
14.06 8.94422302672
14.08 8.97145528117
14.1 8.9996091431
14.12 9.02867818162
14.14 9.05865538605
14.16 9.08953314155
14.18 9.12130320542
14.2 9.15395668467
14.22 9.18748401468
14.24 9.22187493918
14.26 9.25711849171
14.28 9.29320297852
14.3 9.33011596328
14.32 9.36784425334
14.34 9.40637388811
14.36 9.44569012914
14.38 9.4857774525
14.4 9.52661954307
14.42 9.56819929125
14.44 9.61049879178
14.46 9.65349934499
14.48 9.69718146049
14.5 9.74152486317
14.52 9.78650850181
14.54 9.8321105601
14.56 9.87830847018
14.58 9.92507892875
14.6 9.97239791561
14.62 10.0202407147
14.64 10.0685819377
14.66 10.1173955497
14.68 10.1666548978
14.7 10.2163327413
14.72 10.2664012847
14.74 10.3168322122
14.76 10.3675967249
14.78 10.4186655791
14.8 10.4700091273
14.82 10.5215973597
14.84 10.5733999479
14.86 10.6253862902
14.88 10.6775255567
14.9 10.7297867372
14.92 10.7821386883
14.94 10.8345501821
14.96 10.8869899546
14.98 10.9394267552
15.0 10.9918293952
15.02 11.044166797
15.04 11.0964080423
15.06 11.1485224201
15.08 11.2004794741
15.1 11.2522490483
15.12 11.3038013326
15.14 11.3551069062
15.16 11.40613678
15.18 11.4568624373
15.2 11.5072558726
15.22 11.5572896283
15.24 11.6069368299
15.26 11.6561712182
15.28 11.7049671803
15.3 11.7532997769
15.32 11.8011447685
15.34 11.848478638
15.36 11.8952786113
15.38 11.9415226755
15.4 11.9871895935
15.42 12.0322589172
15.44 12.0767109974
15.46 12.1205269911
15.48 12.1636888662
15.5 12.2061794042
15.52 12.2479822001
15.54 12.2890816592
15.56 12.3294629932
15.58 12.3691122124
15.6 12.4080161167
15.62 12.4461622845
15.64 12.4835390594
15.66 12.5201355353
15.68 12.5559415395
15.7 12.5909476148
15.72 12.6251449996
15.74 12.6585256071
15.76 12.6910820029
15.78 12.722807382
15.8 12.7536955445
15.82 12.7837408709
15.84 12.8129382961
15.86 12.8412832838
15.88 12.8687717995
15.9 12.8954002839
15.92 12.9211656255
15.94 12.946065134
15.96 12.9700965128
15.98 12.9932578322
16.0 13.0155475025
16.02 13.0369642476
16.04 13.0575070793
16.06 13.0771752713
16.08 13.0959683344
16.1 13.1138859921
16.12 13.1309281572
16.14 13.1470949083
16.16 13.1623864684
16.18 13.1768031832
16.2 13.1903455008
16.22 13.2030139527
16.24 13.2148091347
16.26 13.2257316904
16.28 13.2357822942
16.3 13.2449616365
16.32 13.2532704094
16.34 13.2607092935
16.36 13.2672789466
16.38 13.2729799926
16.4 13.277813012
16.42 13.2817785336
16.44 13.2848770279
16.46 13.2871089002
16.48 13.2884744869
16.5 13.2889740512
16.52 13.2886077814
16.54 13.2873757896
16.56 13.2852781119
16.58 13.28231471
16.6 13.2784854733
16.62 13.2737902234
16.64 13.2682287186
16.66 13.2618006604
16.68 13.254505701
16.7 13.2463434515
16.72 13.2373134922
16.74 13.2274153835
16.76 13.2166486772
16.78 13.205012931
16.8 13.1925077217
16.82 13.1791326612
16.84 13.1648874129
16.86 13.1497717087
16.88 13.1337853681
16.9 13.1169283172
16.92 13.0992006093
16.94 13.080602446
16.96 13.061134199
16.98 13.0407964332
17.0 13.0195899305
17.02 12.9975157132
17.04 12.9745750694
17.06 12.9507695783
17.08 12.9261011355
17.1 12.9005719796
17.12 12.8741847183
17.14 12.846942355
17.16 12.8188483157
17.18 12.7899064755
17.2 12.7601211854
17.22 12.7294972983
17.24 12.6980401955
17.26 12.6657558118
17.28 12.6326506613
17.3 12.5987318612
17.32 12.5640071555
17.34 12.5284849379
17.36 12.4921742733
17.38 12.4550849182
17.4 12.4172273402
17.42 12.3786127352
17.44 12.3392530442
17.46 12.2991609672
17.48 12.2583499767
17.5 12.2168343279
17.52 12.174629068
17.54 12.1317500427
17.56 12.0882139011
17.58 12.0440380974
17.6 11.9992408915
17.62 11.9538413459
17.64 11.9078593213
17.66 11.8613154684
17.68 11.8142312184
17.7 11.7666287699
17.72 11.7185310737
17.74 11.6699618152
17.76 11.6209453932
17.78 11.5715068978
17.8 11.5216720841
17.82 11.4714673444
17.84 11.4209196781
17.86 11.3700566586
17.88 11.3189063987
17.9 11.2674975136
17.92 11.2158590821
17.94 11.1640206056
17.96 11.1120119661
17.98 11.0598633818
18.0 11.0076053625
18.02 10.9552686627
18.04 10.9028842343
18.06 10.8504831789
18.08 10.7980966983
18.1 10.7457560458
18.12 10.6934924768
18.14 10.6413371993
18.16 10.5893213249
18.18 10.53747582
18.2 10.4858314573
18.22 10.4344187691
18.24 10.3832680005
18.26 10.332409064
18.28 10.2818714959
18.3 10.2316844141
18.32 10.1818764766
18.34 10.1324758434
18.36 10.0835101387
18.38 10.0350064165
18.4 9.98699112761
18.42 9.93949008889
18.44 9.89252845526
18.46 9.84613069392
18.48 9.80032056088
18.5 9.75512108038
18.52 9.71055452653
18.54 9.66664240779
18.56 9.62340545386
18.58 9.58086360531
18.6 9.53903600569
18.62 9.49794099621
18.64 9.45759611301
18.66 9.41801808677
18.68 9.37922284484
18.7 9.34122551564
18.72 9.3040404354
18.74 9.26768115701
18.76 9.23216046099
18.78 9.19749036848
18.8 9.16368215607
18.82 9.13074637247
18.84 9.09869285674
18.86 9.06753075817
18.88 9.03726855755
18.9 9.00791408962
18.92 8.97947456682
18.94 8.95195660406
18.96 8.92536624415
18.98 8.89970898439
19.0 8.87498980333
19.02 8.85121318832
19.04 8.82838316334
19.06 8.80650331686
19.08 8.78557683005
19.1 8.76560650471
19.12 8.74659479106
19.14 8.72854381528
19.16 8.71145540654
19.18 8.69533112342
19.2 8.68017227977
19.22 8.6659799696
19.24 8.65275509124
19.26 8.64049837029
19.28 8.62921038164
19.3 8.61889157014
19.32 8.60954227
19.34 8.60116272292
19.36 8.59375309453
19.38 8.58731348958
19.4 8.58184396527
19.42 8.57734454318
19.44 8.5738152193
19.46 8.57125597247
19.48 8.56966677096
19.5 8.56904757729
19.52 8.56939835127
19.54 8.57071905115
19.56 8.57300963299
19.58 8.57627004817
19.6 8.58050023919
19.62 8.58570013351
19.64 8.59186963579
19.66 8.59900861837
19.68 8.60711690995
19.7 8.61619428283
19.72 8.62624043839
19.74 8.63725499122
19.76 8.64923745163
19.78 8.66218720697
19.8 8.67610350155
19.82 8.69098541537
19.84 8.70683184179
19.86 8.72364146417
19.88 8.74141273155
19.9 8.76014383365
19.92 8.77983267501
19.94 8.80047684874
19.96 8.82207360962
19.98 8.84461984708
20.0 8.8681120577
20.02 8.89254631785
20.04 8.91791825626
20.06 8.94422302672
20.08 8.97145528117
20.1 8.9996091431
20.12 9.02867818161
20.14 9.05865538605
20.16 9.08953314155
20.18 9.12130320542
20.2 9.15395668467
20.22 9.18748401467
20.24 9.22187493918
20.26 9.25711849171
20.28 9.29320297852
20.3 9.33011596328
20.32 9.36784425335
20.34 9.40637388811
20.36 9.44569012915
20.38 9.48577745249
20.4 9.52661954308
20.42 9.56819929125
20.44 9.61049879178
20.46 9.65349934498
20.48 9.69718146049
20.5 9.74152486317
20.52 9.7865085018
20.54 9.8321105601
20.56 9.87830847018
20.58 9.92507892876
20.6 9.97239791561
20.62 10.0202407147
20.64 10.0685819377
20.66 10.1173955497
20.68 10.1666548978
20.7 10.2163327413
20.72 10.2664012847
20.74 10.3168322122
20.76 10.3675967249
20.78 10.4186655791
20.8 10.4700091273
20.82 10.5215973597
20.84 10.5733999479
20.86 10.6253862902
20.88 10.6775255567
20.9 10.7297867372
20.92 10.7821386884
20.94 10.8345501821
20.96 10.8869899546
20.98 10.9394267552
21.0 10.9918293952
21.02 11.044166797
21.04 11.0964080423
21.06 11.1485224201
21.08 11.2004794741
21.1 11.2522490483
21.12 11.3038013326
21.14 11.3551069062
21.16 11.40613678
21.18 11.4568624373
21.2 11.5072558726
21.22 11.5572896283
21.24 11.6069368299
21.26 11.6561712182
21.28 11.7049671803
21.3 11.7532997769
21.32 11.8011447685
21.34 11.848478638
21.36 11.8952786114
21.38 11.9415226755
21.4 11.9871895935
21.42 12.0322589172
21.44 12.0767109975
21.46 12.120526991
21.48 12.1636888662
21.5 12.2061794042
21.52 12.2479822001
21.54 12.2890816592
21.56 12.3294629932
21.58 12.3691122124
21.6 12.4080161167
21.62 12.4461622845
21.64 12.4835390594
21.66 12.5201355353
21.68 12.5559415395
21.7 12.5909476148
21.72 12.6251449996
21.74 12.6585256071
21.76 12.6910820029
21.78 12.722807382
21.8 12.7536955445
21.82 12.7837408709
21.84 12.8129382961
21.86 12.8412832838
21.88 12.8687717995
21.9 12.8954002839
21.92 12.9211656255
21.94 12.946065134
21.96 12.9700965128
21.98 12.9932578322
22.0 13.0155475025
22.02 13.0369642476
22.04 13.0575070793
22.06 13.0771752713
22.08 13.0959683344
22.1 13.1138859921
22.12 13.1309281572
22.14 13.1470949083
22.16 13.1623864684
22.18 13.1768031832
22.2 13.1903455008
22.22 13.2030139527
22.24 13.2148091347
22.26 13.2257316904
22.28 13.2357822942
22.3 13.2449616365
22.32 13.2532704094
22.34 13.2607092935
22.36 13.2672789466
22.38 13.2729799926
22.4 13.277813012
22.42 13.2817785337
22.44 13.2848770279
22.46 13.2871089002
22.48 13.2884744869
22.5 13.2889740512
22.52 13.2886077814
22.54 13.2873757896
22.56 13.2852781119
22.58 13.28231471
22.6 13.2784854733
22.62 13.2737902234
22.64 13.2682287186
22.66 13.2618006604
22.68 13.254505701
22.7 13.2463434515
22.72 13.2373134922
22.74 13.2274153835
22.76 13.2166486772
22.78 13.205012931
22.8 13.1925077217
22.82 13.1791326612
22.84 13.1648874129
22.86 13.1497717087
22.88 13.1337853681
22.9 13.1169283172
22.92 13.0992006093
22.94 13.080602446
22.96 13.061134199
22.98 13.0407964333
23.0 13.0195899305
23.02 12.9975157132
23.04 12.9745750694
23.06 12.9507695783
23.08 12.9261011355
23.1 12.9005719796
23.12 12.8741847182
23.14 12.846942355
23.16 12.8188483157
23.18 12.7899064755
23.2 12.7601211854
23.22 12.7294972983
23.24 12.6980401954
23.26 12.6657558118
23.28 12.6326506613
23.3 12.5987318612
23.32 12.5640071555
23.34 12.5284849379
23.36 12.4921742733
23.38 12.4550849182
23.4 12.4172273402
23.42 12.3786127352
23.44 12.3392530442
23.46 12.2991609672
23.48 12.2583499767
23.5 12.2168343279
23.52 12.174629068
23.54 12.1317500427
23.56 12.0882139011
23.58 12.0440380974
23.6 11.9992408915
23.62 11.9538413459
23.64 11.9078593213
23.66 11.8613154684
23.68 11.8142312184
23.7 11.7666287699
23.72 11.7185310737
23.74 11.6699618152
23.76 11.6209453932
23.78 11.5715068978
23.8 11.5216720841
23.82 11.4714673444
23.84 11.4209196781
23.86 11.3700566586
23.88 11.3189063987
23.9 11.2674975136
23.92 11.2158590821
23.94 11.1640206057
23.96 11.1120119661
23.98 11.0598633818
24.0 11.0076053625
24.02 10.9552686627
24.04 10.9028842343
24.06 10.8504831789
24.08 10.7980966983
24.1 10.7457560458
24.12 10.6934924768
24.14 10.6413371993
24.16 10.5893213249
24.18 10.53747582
24.2 10.4858314573
24.22 10.4344187691
24.24 10.3832680005
24.26 10.332409064
24.28 10.2818714959
24.3 10.2316844141
24.32 10.1818764766
24.34 10.1324758434
24.36 10.0835101387
24.38 10.0350064165
24.4 9.9869911276
24.42 9.93949008889
24.44 9.89252845527
24.46 9.84613069392
24.48 9.80032056089
24.5 9.75512108038
24.52 9.71055452654
24.54 9.66664240779
24.56 9.62340545385
24.58 9.58086360531
24.6 9.53903600568
24.62 9.49794099621
24.64 9.45759611301
24.66 9.41801808677
24.68 9.37922284484
24.7 9.34122551564
24.72 9.3040404354
24.74 9.26768115702
24.76 9.23216046098
24.78 9.19749036848
24.8 9.16368215607
24.82 9.13074637247
24.84 9.09869285673
24.86 9.06753075817
24.88 9.03726855755
24.9 9.00791408962
24.92 8.97947456682
24.94 8.95195660405
24.96 8.92536624416
24.98 8.89970898439
25.0 8.87498980332
25.02 8.85121318833
25.04 8.82838316333
25.06 8.80650331686
25.08 8.78557683006
25.1 8.76560650471
25.12 8.74659479106
25.14 8.72854381528
25.16 8.71145540654
25.18 8.69533112343
25.2 8.68017227977
25.22 8.6659799696
25.24 8.65275509124
25.26 8.6404983703
25.28 8.62921038164
25.3 8.61889157014
25.32 8.60954227001
25.34 8.60116272292
25.36 8.59375309453
25.38 8.58731348958
25.4 8.58184396527
25.42 8.57734454318
25.44 8.5738152193
25.46 8.57125597247
25.48 8.56966677096
25.5 8.56904757729
25.52 8.56939835127
25.54 8.57071905115
25.56 8.57300963299
25.58 8.57627004817
25.6 8.58050023919
25.62 8.5857001335
25.64 8.5918696358
25.66 8.59900861837
25.68 8.60711690995
25.7 8.61619428283
25.72 8.62624043839
25.74 8.63725499122
25.76 8.64923745163
25.78 8.66218720697
25.8 8.67610350155
25.82 8.69098541537
25.84 8.70683184179
25.86 8.72364146417
25.88 8.74141273155
25.9 8.76014383365
25.92 8.77983267501
25.94 8.80047684873
25.96 8.82207360962
25.98 8.84461984708
26.0 8.86811205769
26.02 8.89254631785
26.04 8.91791825625
26.06 8.94422302672
26.08 8.97145528117
26.1 8.99960914309
26.12 9.02867818162
26.14 9.05865538605
26.16 9.08953314156
26.18 9.12130320542
26.2 9.15395668466
26.22 9.18748401468
26.24 9.22187493918
26.26 9.2571184917
26.28 9.29320297853
26.3 9.33011596327
26.32 9.36784425335
26.34 9.40637388811
26.36 9.44569012914
26.38 9.4857774525
26.4 9.52661954307
26.42 9.56819929125
26.44 9.61049879177
26.46 9.65349934499
26.48 9.69718146048
26.5 9.74152486318
26.52 9.78650850181
26.54 9.83211056009
26.56 9.87830847019
26.58 9.92507892875
26.6 9.97239791561
26.62 10.0202407147
26.64 10.0685819377
26.66 10.1173955497
26.68 10.1666548978
26.7 10.2163327413
26.72 10.2664012847
26.74 10.3168322122
26.76 10.3675967249
26.78 10.4186655791
26.8 10.4700091273
26.82 10.5215973597
26.84 10.5733999479
26.86 10.6253862902
26.88 10.6775255567
26.9 10.7297867372
26.92 10.7821386883
26.94 10.8345501821
26.96 10.8869899546
26.98 10.9394267552
27.0 10.9918293952
27.02 11.044166797
27.04 11.0964080423
27.06 11.1485224201
27.08 11.2004794741
27.1 11.2522490484
27.12 11.3038013326
27.14 11.3551069062
27.16 11.40613678
27.18 11.4568624373
27.2 11.5072558726
27.22 11.5572896284
27.24 11.6069368299
27.26 11.6561712182
27.28 11.7049671803
27.3 11.7532997769
27.32 11.8011447685
27.34 11.848478638
27.36 11.8952786113
27.38 11.9415226755
27.4 11.9871895935
27.42 12.0322589172
27.44 12.0767109974
27.46 12.1205269911
27.48 12.1636888661
27.5 12.2061794042
27.52 12.2479822001
27.54 12.2890816592
27.56 12.3294629932
27.58 12.3691122124
27.6 12.4080161167
27.62 12.4461622845
27.64 12.4835390594
27.66 12.5201355353
27.68 12.5559415395
27.7 12.5909476148
27.72 12.6251449996
27.74 12.6585256071
27.76 12.6910820029
27.78 12.722807382
27.8 12.7536955445
27.82 12.7837408709
27.84 12.8129382961
27.86 12.8412832838
27.88 12.8687717995
27.9 12.8954002838
27.92 12.9211656255
27.94 12.946065134
27.96 12.9700965128
27.98 12.9932578322
28.0 13.0155475025
28.02 13.0369642476
28.04 13.0575070793
28.06 13.0771752713
28.08 13.0959683344
28.1 13.1138859921
28.12 13.1309281572
28.14 13.1470949083
28.16 13.1623864684
28.18 13.1768031832
28.2 13.1903455008
28.22 13.2030139527
28.24 13.2148091347
28.26 13.2257316904
28.28 13.2357822942
28.3 13.2449616365
28.32 13.2532704094
28.34 13.2607092935
28.36 13.2672789466
28.38 13.2729799926
28.4 13.277813012
28.42 13.2817785336
28.44 13.2848770279
28.46 13.2871089002
28.48 13.2884744869
28.5 13.2889740512
28.52 13.2886077814
28.54 13.2873757896
28.56 13.2852781119
28.58 13.28231471
28.6 13.2784854733
28.62 13.2737902234
28.64 13.2682287186
28.66 13.2618006604
28.68 13.254505701
28.7 13.2463434515
28.72 13.2373134922
28.74 13.2274153835
28.76 13.2166486772
28.78 13.205012931
28.8 13.1925077217
28.82 13.1791326612
28.84 13.1648874129
28.86 13.1497717087
28.88 13.1337853681
28.9 13.1169283172
28.92 13.0992006094
28.94 13.080602446
28.96 13.061134199
28.98 13.0407964332
29.0 13.0195899305
29.02 12.9975157132
29.04 12.9745750694
29.06 12.9507695783
29.08 12.9261011355
29.1 12.9005719796
29.12 12.8741847183
29.14 12.846942355
29.16 12.8188483157
29.18 12.7899064756
29.2 12.7601211854
29.22 12.7294972983
29.24 12.6980401955
29.26 12.6657558118
29.28 12.6326506613
29.3 12.5987318612
29.32 12.5640071555
29.34 12.5284849379
29.36 12.4921742733
29.38 12.4550849182
29.4 12.4172273402
29.42 12.3786127352
29.44 12.3392530442
29.46 12.2991609672
29.48 12.2583499767
29.5 12.2168343279
29.52 12.174629068
29.54 12.1317500427
29.56 12.0882139011
29.58 12.0440380974
29.6 11.9992408915
29.62 11.9538413459
29.64 11.9078593213
29.66 11.8613154684
29.68 11.8142312184
29.7 11.7666287699
29.72 11.7185310737
29.74 11.6699618152
29.76 11.6209453932
29.78 11.5715068979
29.8 11.5216720841
29.82 11.4714673444
29.84 11.4209196781
29.86 11.3700566586
29.88 11.3189063987
29.9 11.2674975136
29.92 11.2158590821
29.94 11.1640206056
29.96 11.1120119661
29.98 11.0598633818
30.0 11.0076053625
30.02 10.9552686627
30.04 10.9028842343
30.06 10.8504831789
30.08 10.7980966983
30.1 10.7457560458
30.12 10.6934924768
30.14 10.6413371993
30.16 10.5893213249
30.18 10.53747582
30.2 10.4858314573
30.22 10.4344187691
30.24 10.3832680005
30.26 10.332409064
30.28 10.2818714959
30.3 10.2316844141
30.32 10.1818764766
30.34 10.1324758434
30.36 10.0835101387
30.38 10.0350064165
30.4 9.98699112761
30.42 9.93949008888
30.44 9.89252845527
30.46 9.84613069392
30.48 9.80032056088
30.5 9.75512108038
30.52 9.71055452653
30.54 9.66664240779
30.56 9.62340545386
30.58 9.58086360531
30.6 9.53903600569
30.62 9.49794099621
30.64 9.45759611301
30.66 9.41801808677
30.68 9.37922284484
30.7 9.34122551564
30.72 9.30404043541
30.74 9.26768115701
30.76 9.23216046098
30.78 9.19749036848
30.8 9.16368215606
30.82 9.13074637248
30.84 9.09869285672
30.86 9.06753075818
30.88 9.03726855756
30.9 9.00791408961
30.92 8.97947456683
30.94 8.95195660405
30.96 8.92536624416
30.98 8.89970898439
31.0 8.87498980333
31.02 8.85121318833
31.04 8.82838316334
31.06 8.80650331686
31.08 8.78557683005
31.1 8.76560650471
31.12 8.74659479106
31.14 8.72854381528
31.16 8.71145540654
31.18 8.69533112342
31.2 8.68017227977
31.22 8.66597996961
31.24 8.65275509124
31.26 8.6404983703
31.28 8.62921038164
31.3 8.61889157014
31.32 8.60954227001
31.34 8.60116272292
31.36 8.59375309454
31.38 8.58731348957
31.4 8.58184396527
31.42 8.57734454318
31.44 8.5738152193
31.46 8.57125597247
31.48 8.56966677096
31.5 8.56904757729
31.52 8.56939835127
31.54 8.57071905115
31.56 8.57300963299
31.58 8.57627004817
31.6 8.58050023919
31.62 8.58570013351
31.64 8.5918696358
31.66 8.59900861837
31.68 8.60711690995
31.7 8.61619428283
31.72 8.6262404384
31.74 8.63725499122
31.76 8.64923745162
31.78 8.66218720698
31.8 8.67610350155
31.82 8.69098541537
31.84 8.70683184179
31.86 8.72364146417
31.88 8.74141273155
31.9 8.76014383365
31.92 8.77983267501
31.94 8.80047684874
31.96 8.82207360962
31.98 8.84461984708
32.0 8.8681120577
32.02 8.89254631785
32.04 8.91791825626
32.06 8.94422302672
32.08 8.97145528117
32.1 8.99960914309
32.12 9.02867818162
32.14 9.05865538605
32.16 9.08953314156
32.18 9.12130320542
32.2 9.15395668466
32.22 9.18748401469
32.24 9.22187493917
32.26 9.25711849171
32.28 9.29320297852
32.3 9.33011596329
32.32 9.36784425334
32.34 9.40637388811
32.36 9.44569012914
32.38 9.4857774525
32.4 9.52661954307
32.42 9.56819929126
32.44 9.61049879178
32.46 9.65349934499
32.48 9.69718146048
32.5 9.74152486317
32.52 9.78650850182
32.54 9.83211056009
32.56 9.87830847019
32.58 9.92507892874
32.6 9.97239791562
32.62 10.0202407147
32.64 10.0685819377
32.66 10.1173955497
32.68 10.1666548978
32.7 10.2163327413
32.72 10.2664012847
32.74 10.3168322122
32.76 10.3675967249
32.78 10.4186655791
32.8 10.4700091273
32.82 10.5215973597
32.84 10.5733999479
32.86 10.6253862902
32.88 10.6775255567
32.9 10.7297867372
32.92 10.7821386883
32.94 10.8345501821
32.96 10.8869899546
32.98 10.9394267552
33.0 10.9918293952
33.02 11.044166797
33.04 11.0964080423
33.06 11.1485224201
33.08 11.2004794741
33.1 11.2522490484
33.12 11.3038013326
33.14 11.3551069062
33.16 11.40613678
33.18 11.4568624373
33.2 11.5072558726
33.22 11.5572896284
33.24 11.6069368299
33.26 11.6561712182
33.28 11.7049671803
33.3 11.7532997769
33.32 11.8011447685
33.34 11.848478638
33.36 11.8952786113
33.38 11.9415226755
33.4 11.9871895935
33.42 12.0322589172
33.44 12.0767109975
33.46 12.1205269911
33.48 12.1636888661
33.5 12.2061794042
33.52 12.2479822
33.54 12.2890816592
33.56 12.3294629932
33.58 12.3691122124
33.6 12.4080161167
33.62 12.4461622845
33.64 12.4835390594
33.66 12.5201355353
33.68 12.5559415395
33.7 12.5909476148
33.72 12.6251449996
33.74 12.6585256071
33.76 12.6910820029
33.78 12.722807382
33.8 12.7536955445
33.82 12.7837408709
33.84 12.8129382961
33.86 12.8412832838
33.88 12.8687717995
33.9 12.8954002839
33.92 12.9211656255
33.94 12.946065134
33.96 12.9700965128
33.98 12.9932578322
34.0 13.0155475025
34.02 13.0369642476
34.04 13.0575070793
34.06 13.0771752713
34.08 13.0959683344
34.1 13.1138859921
34.12 13.1309281572
34.14 13.1470949083
34.16 13.1623864684
34.18 13.1768031832
34.2 13.1903455008
34.22 13.2030139527
34.24 13.2148091347
34.26 13.2257316904
34.28 13.2357822942
34.3 13.2449616365
34.32 13.2532704094
34.34 13.2607092935
34.36 13.2672789466
34.38 13.2729799926
34.4 13.277813012
34.42 13.2817785336
34.44 13.2848770279
34.46 13.2871089002
34.48 13.2884744869
34.5 13.2889740512
34.52 13.2886077814
34.54 13.2873757896
34.56 13.2852781119
34.58 13.28231471
34.6 13.2784854733
34.62 13.2737902234
34.64 13.2682287186
34.66 13.2618006604
34.68 13.254505701
34.7 13.2463434515
34.72 13.2373134922
34.74 13.2274153835
34.76 13.2166486772
34.78 13.205012931
34.8 13.1925077217
34.82 13.1791326612
34.84 13.1648874129
34.86 13.1497717087
34.88 13.1337853681
34.9 13.1169283172
34.92 13.0992006094
34.94 13.080602446
34.96 13.061134199
34.98 13.0407964333
35.0 13.0195899305
35.02 12.9975157132
35.04 12.9745750694
35.06 12.9507695783
35.08 12.9261011355
35.1 12.9005719796
35.12 12.8741847183
35.14 12.846942355
35.16 12.8188483157
35.18 12.7899064756
35.2 12.7601211854
35.22 12.7294972983
35.24 12.6980401955
35.26 12.6657558118
35.28 12.6326506613
35.3 12.5987318612
35.32 12.5640071555
35.34 12.5284849379
35.36 12.4921742733
35.38 12.4550849183
35.4 12.4172273402
35.42 12.3786127352
35.44 12.3392530442
35.46 12.2991609672
35.48 12.2583499767
35.5 12.2168343279
35.52 12.174629068
35.54 12.1317500427
35.56 12.0882139011
35.58 12.0440380974
35.6 11.9992408915
35.62 11.9538413459
35.64 11.9078593213
35.66 11.8613154684
35.68 11.8142312184
35.7 11.7666287699
35.72 11.7185310738
35.74 11.6699618152
35.76 11.6209453932
35.78 11.5715068979
35.8 11.5216720841
35.82 11.4714673444
35.84 11.4209196781
35.86 11.3700566586
35.88 11.3189063987
35.9 11.2674975136
35.92 11.2158590821
35.94 11.1640206057
35.96 11.1120119661
35.98 11.0598633818
36.0 11.0076053625
36.02 10.9552686627
36.04 10.9028842343
36.06 10.8504831789
36.08 10.7980966983
36.1 10.7457560458
36.12 10.6934924768
36.14 10.6413371993
36.16 10.589321325
36.18 10.5374758199
36.2 10.4858314573
36.22 10.4344187691
36.24 10.3832680005
36.26 10.332409064
36.28 10.2818714959
36.3 10.2316844141
36.32 10.1818764766
36.34 10.1324758434
36.36 10.0835101387
36.38 10.0350064165
36.4 9.98699112761
36.42 9.93949008889
36.44 9.89252845527
36.46 9.84613069392
36.48 9.80032056088
36.5 9.75512108038
36.52 9.71055452654
36.54 9.66664240779
36.56 9.62340545387
36.58 9.5808636053
36.6 9.53903600569
36.62 9.4979409962
36.64 9.45759611301
36.66 9.41801808678
36.68 9.37922284483
36.7 9.34122551565
36.72 9.3040404354
36.74 9.26768115701
36.76 9.23216046098
36.78 9.19749036848
36.8 9.16368215607
36.82 9.13074637247
36.84 9.09869285674
36.86 9.06753075818
36.88 9.03726855755
36.9 9.00791408961
36.92 8.97947456683
36.94 8.95195660405
36.96 8.92536624416
36.98 8.89970898439
37.0 8.87498980333
37.02 8.85121318832
37.04 8.82838316334
37.06 8.80650331685
37.08 8.78557683005
37.1 8.76560650471
37.12 8.74659479105
37.14 8.72854381528
37.16 8.71145540654
37.18 8.69533112342
37.2 8.68017227977
37.22 8.66597996961
37.24 8.65275509124
37.26 8.64049837029
37.28 8.62921038164
37.3 8.61889157014
37.32 8.60954227001
37.34 8.60116272292
37.36 8.59375309453
37.38 8.58731348958
37.4 8.58184396527
37.42 8.57734454318
37.44 8.5738152193
37.46 8.57125597247
37.48 8.56966677096
37.5 8.56904757729
37.52 8.56939835127
37.54 8.57071905115
37.56 8.57300963299
37.58 8.57627004817
37.6 8.58050023919
37.62 8.58570013351
37.64 8.5918696358
37.66 8.59900861837
37.68 8.60711690995
37.7 8.61619428283
37.72 8.6262404384
37.74 8.63725499122
37.76 8.64923745163
37.78 8.66218720697
37.8 8.67610350155
37.82 8.69098541537
37.84 8.70683184179
37.86 8.72364146417
37.88 8.74141273155
37.9 8.76014383365
37.92 8.779832675
37.94 8.80047684874
37.96 8.82207360962
37.98 8.84461984707
38.0 8.8681120577
38.02 8.89254631785
38.04 8.91791825626
38.06 8.94422302672
38.08 8.97145528117
38.1 8.99960914309
38.12 9.02867818161
38.14 9.05865538605
38.16 9.08953314155
38.18 9.12130320542
38.2 9.15395668467
38.22 9.18748401468
38.24 9.22187493918
38.26 9.25711849171
38.28 9.29320297852
38.3 9.33011596329
38.32 9.36784425334
38.34 9.40637388812
38.36 9.44569012914
38.38 9.48577745251
38.4 9.52661954307
38.42 9.56819929125
38.44 9.61049879178
38.46 9.65349934499
38.48 9.69718146048
38.5 9.74152486317
38.52 9.78650850182
38.54 9.83211056009
38.56 9.87830847018
38.58 9.92507892875
38.6 9.97239791561
38.62 10.0202407147
38.64 10.0685819377
38.66 10.1173955497
38.68 10.1666548978
38.7 10.2163327413
38.72 10.2664012847
38.74 10.3168322122
38.76 10.3675967248
38.78 10.4186655791
38.8 10.4700091273
38.82 10.5215973597
38.84 10.573399948
38.86 10.6253862902
38.88 10.6775255567
38.9 10.7297867372
38.92 10.7821386883
38.94 10.8345501821
38.96 10.8869899546
38.98 10.9394267552
39.0 10.9918293952
39.02 11.044166797
39.04 11.0964080423
39.06 11.1485224201
39.08 11.2004794741
39.1 11.2522490484
39.12 11.3038013326
39.14 11.3551069062
39.16 11.40613678
39.18 11.4568624373
39.2 11.5072558726
39.22 11.5572896284
39.24 11.6069368299
39.26 11.6561712182
39.28 11.7049671803
39.3 11.7532997769
39.32 11.8011447685
39.34 11.848478638
39.36 11.8952786114
39.38 11.9415226755
39.4 11.9871895935
39.42 12.0322589172
39.44 12.0767109974
39.46 12.1205269911
39.48 12.1636888661
39.5 12.2061794042
39.52 12.2479822001
39.54 12.2890816592
39.56 12.3294629932
39.58 12.3691122124
39.6 12.4080161167
39.62 12.4461622845
39.64 12.4835390594
39.66 12.5201355353
39.68 12.5559415395
39.7 12.5909476148
39.72 12.6251449996
39.74 12.6585256071
39.76 12.6910820029
39.78 12.722807382
39.8 12.7536955445
39.82 12.7837408709
39.84 12.8129382961
39.86 12.8412832838
39.88 12.8687717995
39.9 12.8954002838
39.92 12.9211656255
39.94 12.946065134
39.96 12.9700965128
39.98 12.9932578322
