0.0 -0.0329127321073
0.02 -0.0192248912871
0.04 -0.00545878223571
0.06 0.00837289285165
0.08 0.0222573747429
0.1 0.0361818846248
0.12 0.0501336609343
0.14 0.0640999951727
0.16 0.0780682666922
0.18 0.0920259761095
0.2 0.105960777324
0.22 0.119860507774
0.24 0.133713217074
0.26 0.147507193637
0.28 0.161230989275
0.3 0.174873441919
0.32 0.188423695807
0.34 0.20187121992
0.36 0.215205823755
0.38 0.22841767121
0.4 0.241497291974
0.42 0.254435590873
0.44 0.267223854929
0.46 0.279853758449
0.48 0.292317365834
0.5 0.304607132712
0.52 0.316715904957
0.54 0.328636916048
0.56 0.340363782817
0.58 0.351890499455
0.6 0.363211430404
0.62 0.374321301644
0.64 0.385215191055
0.66 0.395888517628
0.68 0.406337029766
0.7 0.416556792939
0.72 0.426544176544
0.74 0.436295840361
0.76 0.445808720545
0.78 0.455080015421
0.8 0.464107170983
0.82 0.472887866489
0.84 0.481419999969
0.86 0.489701673882
0.88 0.49773118106
0.9 0.5055069908
0.92 0.513027735426
0.94 0.520292197226
0.96 0.527299295809
0.98 0.534048076037
1.0 0.540537696433
1.02 0.546767418227
1.04 0.55273659495
1.06 0.558444662638
1.08 0.563891130703
1.1 0.569075573351
1.12 0.573997621662
1.14 0.578656956328
1.16 0.583053300848
1.18 0.587186415483
1.2 0.591056091634
1.22 0.594662146837
1.24 0.598004420269
1.26 0.601082768698
1.28 0.603897062978
1.3 0.606447184921
1.32 0.608733024593
1.34 0.610754478008
1.36 0.612511445193
1.38 0.614003828519
1.4 0.61523153147
1.42 0.616194457532
1.44 0.616892509518
1.46 0.61732558906
1.48 0.617493596348
1.5 0.617396430133
1.52 0.617033987954
1.54 0.616406166573
1.56 0.615512862643
1.58 0.614353973622
1.6 0.612929398942
1.62 0.611239041324
1.64 0.609282808526
1.66 0.607060615204
1.68 0.604572385189
1.7 0.601818054022
1.72 0.598797571837
1.74 0.595510906627
1.76 0.591958047917
1.78 0.588139010783
1.8 0.584053840412
1.82 0.579702617034
1.84 0.575085461428
1.86 0.570202540909
1.88 0.565054075786
1.9 0.559640346525
1.92 0.553961701329
1.94 0.548018564371
1.96 0.541811444589
1.98 0.535340945108
2.0 0.528607773157
2.02 0.521612750661
2.04 0.514356825294
2.06 0.506841082141
2.08 0.499066755794
2.1 0.491035242981
2.12 0.482748115575
2.14 0.474207133927
2.16 0.46541426063
2.18 0.456371674384
2.2 0.447081784097
2.22 0.437547243098
2.24 0.427770963212
2.26 0.417756128868
2.28 0.407506210892
2.3 0.397024980047
2.32 0.386316520034
2.34 0.375385240085
2.36 0.364235886691
2.38 0.352873554658
2.4 0.341303697159
2.42 0.329532134705
2.44 0.317565063014
2.46 0.305409059337
2.48 0.293071087653
2.5 0.280558501938
2.52 0.26787904805
2.54 0.255040863686
2.56 0.242052476371
2.58 0.228922799688
2.6 0.215661127251
2.62 0.202277124665
2.64 0.188780819322
2.66 0.175182587945
2.68 0.161493141921
2.7 0.147723510555
2.72 0.133885021833
2.74 0.119989281353
2.76 0.106048148886
2.78 0.0920737130157
2.8 0.0780782638556
2.82 0.0640742638021
2.84 0.0500743167353
2.86 0.0360911355315
2.88 0.0221375082544
2.9 0.00822626305509
2.92 -0.00562976787168
2.94 -0.0194177852784
2.96 -0.0331250603379
2.98 -0.0467389726573
3.0 -0.0602470482716
3.02 -0.0736369977836
3.04 -0.086896754012
3.06 -0.100014509207
3.08 -0.112978751427
3.1 -0.125778300003
3.12 -0.138402339664
3.14 -0.150840453312
3.16 -0.163082653131
3.18 -0.175119409866
3.2 -0.186941680138
3.22 -0.198540931448
3.24 -0.209909165253
3.26 -0.221038937092
3.28 -0.231923374702
3.3 -0.242556193155
3.32 -0.25293170762
3.34 -0.263044843128
3.36 -0.272891141914
3.38 -0.282466767778
3.4 -0.291768507884
3.42 -0.300793771831
3.44 -0.309540588159
3.46 -0.3180075982
3.48 -0.326194047617
3.5 -0.334099775448
3.52 -0.341725201008
3.54 -0.349071308577
3.56 -0.356139630165
3.58 -0.362932226462
3.6 -0.369451665884
3.62 -0.375701002348
3.64 -0.38168375144
3.66 -0.38740386535
3.68 -0.392865706969
3.7 -0.398074022477
3.72 -0.403033914006
3.74 -0.407750810687
3.76 -0.412230440063
3.78 -0.416478798595
3.8 -0.420502122132
3.82 -0.424306856391
3.84 -0.427899627201
3.86 -0.431287211146
3.88 -0.434476506329
3.9 -0.437474503372
3.92 -0.440288257104
3.94 -0.442924858426
3.96 -0.445391407172
3.98 -0.44769498507
4.0 -0.449842630059
4.02 -0.451841310774
4.04 -0.453697902245
4.06 -0.455419162231
4.08 -0.457011708612
4.1 -0.45848199745
4.12 -0.45983630226
4.14 -0.461080694128
4.16 -0.462221022641
4.18 -0.463262898268
4.2 -0.46421167517
4.22 -0.465072435343
4.24 -0.465849974145
4.26 -0.466548785649
4.28 -0.467173050673
4.3 -0.46772662438
4.32 -0.468213025783
4.34 -0.468635427919
4.36 -0.468996649172
4.38 -0.469299145266
4.4 -0.469545003296
4.42 -0.469735935228
4.44 -0.469873273746
4.46 -0.469957968671
4.48 -0.46999058395
4.5 -0.469971296673
4.52 -0.469899895783
4.54 -0.46977578325
4.56 -0.469597974944
4.58 -0.469365103533
4.6 -0.469075421974
4.62 -0.468726807571
4.64 -0.468316768403
4.66 -0.46784244924
4.68 -0.467300639499
4.7 -0.466687781913
4.72 -0.465999982353
4.74 -0.465233020348
4.76 -0.464382361539
4.78 -0.463443169771
4.8 -0.462410321682
4.82 -0.461278421601
4.84 -0.460041817273
4.86 -0.458694617414
4.88 -0.457230709496
4.9 -0.455643779067
4.92 -0.453927329916
4.94 -0.452074705066
4.96 -0.450079109123
4.98 -0.44793363109
5.0 -0.445631268522
5.02 -0.443164952136
5.04 -0.440527571738
5.06 -0.4377120023
5.08 -0.434711131407
5.1 -0.431517886808
5.12 -0.428125264954
5.14 -0.424526359706
5.16 -0.420714391728
5.18 -0.416682738096
5.2 -0.412424961992
5.22 -0.407934842837
5.24 -0.403206405979
5.26 -0.398233952691
5.28 -0.393012089674
5.3 -0.387535757957
5.32 -0.381800261925
5.34 -0.375801296746
5.36 -0.369534975802
5.38 -0.362997856555
5.4 -0.356186965515
5.42 -0.349099821897
5.44 -0.341734459653
5.46 -0.334089448076
5.48 -0.326163910546
5.5 -0.317957541308
5.52 -0.309470620299
5.54 -0.300704025692
5.56 -0.291659244262
5.58 -0.282338379095
5.6 -0.272744155141
5.62 -0.262879921828
5.64 -0.25274965317
5.66 -0.24235794523
5.68 -0.231710010718
5.7 -0.220811670854
5.72 -0.209669344614
5.74 -0.198290035053
5.76 -0.18668131322
5.78 -0.174851299115
5.8 -0.162808640638
5.82 -0.15056248964
5.84 -0.138122475967
5.86 -0.125498679523
5.88 -0.112701599916
5.9 -0.0997421248844
5.92 -0.0866314967307
5.94 -0.0733812776079
5.96 -0.0600033135056
5.98 -0.0465096975104
6.0 -0.0329127321092
6.02 -0.0192248912891
6.04 -0.00545878223377
6.06 0.00837289285165
6.08 0.0222573747429
6.1 0.0361818846248
6.12 0.0501336609343
6.14 0.0640999951727
6.16 0.0780682666922
6.18 0.0920259761095
6.2 0.105960777324
6.22 0.119860507774
6.24 0.133713217075
6.26 0.147507193631
6.28 0.161230989284
6.3 0.174873441916
6.32 0.188423695807
6.34 0.20187121992
6.36 0.215205823757
6.38 0.228417671206
6.4 0.241497291976
6.42 0.254435590872
6.44 0.26722385493
6.46 0.27985375845
6.48 0.292317365831
6.5 0.304607132711
6.52 0.316715904956
6.54 0.328636916053
6.56 0.340363782817
6.58 0.351890499453
6.6 0.363211430402
6.62 0.374321301645
6.64 0.385215191056
6.66 0.395888517628
6.68 0.406337029766
6.7 0.416556792941
6.72 0.426544176541
6.74 0.436295840366
6.76 0.445808720538
6.78 0.455080015428
6.8 0.464107170977
6.82 0.472887866488
6.84 0.481419999971
6.86 0.48970167388
6.88 0.497731181068
6.9 0.505506990791
6.92 0.51302773543
6.94 0.520292197227
6.96 0.527299295808
6.98 0.534048076038
7.0 0.540537696432
7.02 0.546767418227
7.04 0.55273659495
7.06 0.558444662638
7.08 0.563891130704
7.1 0.56907557335
7.12 0.573997621662
7.14 0.578656956328
7.16 0.583053300848
7.18 0.587186415483
7.2 0.591056091634
7.22 0.594662146837
7.24 0.598004420269
7.26 0.601082768698
7.28 0.603897062978
7.3 0.606447184921
7.32 0.608733024593
7.34 0.610754478008
7.36 0.612511445193
7.38 0.614003828519
7.4 0.61523153147
7.42 0.616194457532
7.44 0.616892509518
7.46 0.61732558906
7.48 0.617493596348
7.5 0.617396430133
7.52 0.617033987954
7.54 0.616406166573
7.56 0.615512862643
7.58 0.614353973622
7.6 0.612929398942
7.62 0.611239041324
7.64 0.609282808526
7.66 0.607060615204
7.68 0.604572385187
7.7 0.601818054026
7.72 0.598797571835
7.74 0.595510906627
7.76 0.591958047917
7.78 0.588139010784
7.8 0.584053840409
7.82 0.579702617035
7.84 0.575085461428
7.86 0.570202540906
7.88 0.565054075791
7.9 0.559640346521
7.92 0.553961701335
7.94 0.548018564365
7.96 0.541811444591
7.98 0.535340945106
8.0 0.528607773161
8.02 0.521612750659
8.04 0.514356825293
8.06 0.50684108214
8.08 0.499066755797
8.1 0.491035242979
8.12 0.482748115573
8.14 0.47420713393
8.16 0.465414260632
8.18 0.456371674377
8.2 0.447081784098
8.22 0.437547243104
8.24 0.427770963207
8.26 0.41775612887
8.28 0.407506210892
8.3 0.397024980047
8.32 0.386316520034
8.34 0.375385240083
8.36 0.364235886695
8.38 0.352873554656
8.4 0.341303697155
8.42 0.329532134713
8.44 0.317565063009
8.46 0.305409059338
8.48 0.293071087652
8.5 0.280558501938
8.52 0.26787904805
8.54 0.255040863686
8.56 0.242052476371
8.58 0.228922799688
8.6 0.215661127247
8.62 0.202277124672
8.64 0.188780819318
8.66 0.175182587941
8.68 0.161493141926
8.7 0.147723510556
8.72 0.133885021831
8.74 0.119989281353
8.76 0.106048148886
8.78 0.0920737130166
8.8 0.078078263855
8.82 0.0640742638007
8.84 0.0500743167364
8.86 0.0360911355315
8.88 0.0221375082524
8.9 0.00822626305509
8.92 -0.00562976786583
8.94 -0.0194177852823
8.96 -0.0331250603418
8.98 -0.0467389726495
9.0 -0.0602470482755
9.02 -0.0736369977836
9.04 -0.086896754014
9.06 -0.100014509203
9.08 -0.112978751429
9.1 -0.125778300003
9.12 -0.138402339668
9.14 -0.150840453304
9.16 -0.163082653135
9.18 -0.175119409866
9.2 -0.186941680138
9.22 -0.198540931448
9.24 -0.209909165249
9.26 -0.221038937099
9.28 -0.231923374698
9.3 -0.242556193155
9.32 -0.25293170762
9.34 -0.263044843132
9.36 -0.272891141906
9.38 -0.282466767778
9.4 -0.291768507891
9.42 -0.300793771827
9.44 -0.309540588161
9.46 -0.318007598194
9.48 -0.326194047623
9.5 -0.334099775446
9.52 -0.34172520101
9.54 -0.349071308573
9.56 -0.356139630171
9.58 -0.362932226454
9.6 -0.369451665888
9.62 -0.375701002348
9.64 -0.38168375144
9.66 -0.387403865358
9.68 -0.392865706945
9.7 -0.3980740225
9.72 -0.403033913998
9.74 -0.407750810693
9.76 -0.412230440056
9.78 -0.416478798585
9.8 -0.420502122151
9.82 -0.424306856383
9.84 -0.427899627201
9.86 -0.431287211146
9.88 -0.434476506329
9.9 -0.437474503372
9.92 -0.440288257104
9.94 -0.442924858426
9.96 -0.445391407172
9.98 -0.44769498507
10.0 -0.449842630063
10.02 -0.451841310766
10.04 -0.453697902249
10.06 -0.455419162231
10.08 -0.457011708612
10.1 -0.458481997461
10.12 -0.459836302237
10.14 -0.461080694139
10.16 -0.462221022632
10.18 -0.463262898285
10.2 -0.464211675162
10.22 -0.465072435356
10.24 -0.465849974118
10.26 -0.466548785662
10.28 -0.467173050673
10.3 -0.46772662438
10.32 -0.468213025783
10.34 -0.468635427919
10.36 -0.468996649172
10.38 -0.469299145266
10.4 -0.469545003296
10.42 -0.469735935228
10.44 -0.469873273746
10.46 -0.469957968671
10.48 -0.46999058395
10.5 -0.469971296673
10.52 -0.469899895778
10.54 -0.469775783262
10.56 -0.469597974938
10.58 -0.469365103541
10.6 -0.469075421958
10.62 -0.468726807579
10.64 -0.468316768403
10.66 -0.46784244924
10.68 -0.467300639499
10.7 -0.466687781927
10.72 -0.465999982326
10.74 -0.465233020362
10.76 -0.464382361539
10.78 -0.463443169771
10.8 -0.462410321682
10.82 -0.461278421601
10.84 -0.460041817273
10.86 -0.458694617414
10.88 -0.457230709496
10.9 -0.455643779067
10.92 -0.453927329912
10.94 -0.452074705074
10.96 -0.45007910912
10.98 -0.44793363109
11.0 -0.445631268522
11.02 -0.443164952136
11.04 -0.440527571738
11.06 -0.4377120023
11.08 -0.434711131407
11.1 -0.431517886808
11.12 -0.428125264954
11.14 -0.424526359706
11.16 -0.420714391728
11.18 -0.416682738101
11.2 -0.412424961981
11.22 -0.407934842843
11.24 -0.403206405972
11.26 -0.398233952714
11.28 -0.393012089651
11.3 -0.387535757965
11.32 -0.381800261925
11.34 -0.375801296746
11.36 -0.369534975806
11.38 -0.362997856547
11.4 -0.356186965519
11.42 -0.349099821897
11.44 -0.341734459647
11.46 -0.334089448085
11.48 -0.326163910544
11.5 -0.317957541306
11.52 -0.309470620299
11.54 -0.300704025696
11.56 -0.291659244255
11.58 -0.282338379099
11.6 -0.272744155145
11.62 -0.26287992182
11.64 -0.252749653175
11.66 -0.242357945228
11.68 -0.231710010719
11.7 -0.220811670852
11.72 -0.20966934461
11.74 -0.198290035058
11.76 -0.186681313223
11.78 -0.174851299107
11.8 -0.162808640648
11.82 -0.150562489626
11.84 -0.138122475982
11.86 -0.125498679516
11.88 -0.112701599914
11.9 -0.0997421248844
11.92 -0.0866314967403
11.94 -0.0733812775963
11.96 -0.0600033135095
11.98 -0.0465096975123
12.0 -0.0329127321053
12.02 -0.019224891293
12.04 -0.00545878222988
12.06 0.0083728928497
12.08 0.0222573747429
12.1 0.0361818846248
12.12 0.0501336609373
12.14 0.0640999951666
12.16 0.0780682666913
12.18 0.0920259761173
12.2 0.10596077732
12.22 0.119860507775
12.24 0.13371321707
12.26 0.147507193639
12.28 0.161230989275
12.3 0.174873441921
12.32 0.188423695806
12.34 0.201871219913
12.36 0.215205823762
12.38 0.228417671208
12.4 0.241497291974
12.42 0.254435590873
12.44 0.267223854933
12.46 0.279853758439
12.48 0.292317365841
12.5 0.30460713271
12.52 0.316715904957
12.54 0.328636916053
12.56 0.340363782807
12.58 0.351890499463
12.6 0.363211430402
12.62 0.374321301646
12.64 0.385215191055
12.66 0.395888517623
12.68 0.406337029768
12.7 0.416556792942
12.72 0.426544176542
12.74 0.436295840365
12.76 0.445808720541
12.78 0.455080015418
12.8 0.464107170985
12.82 0.472887866489
12.84 0.481419999969
12.86 0.489701673882
12.88 0.497731181064
12.9 0.505506990793
12.92 0.513027735429
12.94 0.520292197226
12.96 0.527299295808
12.98 0.534048076038
13.0 0.540537696433
13.02 0.546767418225
13.04 0.552736594954
13.06 0.558444662638
13.08 0.563891130702
13.1 0.56907557335
13.12 0.573997621662
13.14 0.578656956328
13.16 0.58305330085
13.18 0.58718641548
13.2 0.591056091635
13.22 0.594662146838
13.24 0.598004420267
13.26 0.601082768702
13.28 0.603897062976
13.3 0.606447184925
13.32 0.608733024585
13.34 0.610754478013
13.36 0.612511445193
13.38 0.614003828519
13.4 0.61523153147
13.42 0.616194457532
13.44 0.616892509518
13.46 0.61732558906
13.48 0.617493596348
13.5 0.617396430133
13.52 0.617033987954
13.54 0.616406166573
13.56 0.615512862643
13.58 0.614353973622
13.6 0.612929398942
13.62 0.611239041324
13.64 0.609282808526
13.66 0.607060615202
13.68 0.604572385193
13.7 0.601818054021
13.72 0.598797571833
13.74 0.595510906633
13.76 0.591958047918
13.78 0.588139010777
13.8 0.584053840414
13.82 0.579702617034
13.84 0.575085461428
13.86 0.570202540906
13.88 0.565054075789
13.9 0.559640346526
13.92 0.553961701328
13.94 0.548018564371
13.96 0.541811444587
13.98 0.535340945112
14.0 0.528607773155
14.02 0.521612750662
14.04 0.514356825292
14.06 0.506841082143
14.08 0.499066755791
14.1 0.491035242983
14.12 0.482748115581
14.14 0.474207133919
14.16 0.465414260632
14.18 0.456371674382
14.2 0.4470817841
14.22 0.437547243097
14.24 0.42777096321
14.26 0.417756128872
14.28 0.40750621089
14.3 0.397024980045
14.32 0.386316520034
14.34 0.375385240092
14.36 0.364235886684
14.38 0.352873554661
14.4 0.341303697154
14.42 0.329532134713
14.44 0.31756506301
14.46 0.305409059337
14.48 0.293071087652
14.5 0.280558501938
14.52 0.267879048049
14.54 0.255040863689
14.56 0.242052476372
14.58 0.228922799682
14.6 0.215661127252
14.62 0.202277124672
14.64 0.188780819323
14.66 0.175182587932
14.68 0.16149314193
14.7 0.147723510556
14.72 0.133885021829
14.74 0.119989281353
14.76 0.106048148891
14.78 0.0920737130122
14.8 0.0780782638556
14.82 0.0640742638049
14.84 0.0500743167238
14.86 0.036091135546
14.88 0.0221375082466
14.9 0.00822626305899
14.92 -0.00562976787363
14.94 -0.0194177852784
14.96 -0.0331250603418
14.98 -0.0467389726495
15.0 -0.0602470482716
15.02 -0.0736369977933
15.04 -0.0868967540082
15.06 -0.100014509207
15.08 -0.112978751419
15.1 -0.125778300009
15.12 -0.138402339664
15.14 -0.150840453312
15.16 -0.16308265313
15.18 -0.175119409871
15.2 -0.186941680129
15.22 -0.198540931452
15.24 -0.209909165253
15.26 -0.221038937092
15.28 -0.231923374701
15.3 -0.242556193157
15.32 -0.252931707623
15.34 -0.26304484312
15.36 -0.272891141918
15.38 -0.282466767774
15.4 -0.291768507891
15.42 -0.300793771831
15.44 -0.309540588151
15.46 -0.318007598204
15.48 -0.326194047611
15.5 -0.334099775459
15.52 -0.341725201004
15.54 -0.349071308577
15.56 -0.356139630159
15.58 -0.362932226465
15.6 -0.369451665884
15.62 -0.375701002348
15.64 -0.38168375144
15.66 -0.38740386535
15.68 -0.392865706969
15.7 -0.39807402247
15.72 -0.403033914021
15.74 -0.407750810685
15.76 -0.412230440056
15.78 -0.416478798593
15.8 -0.420502122135
15.82 -0.424306856391
15.84 -0.427899627201
15.86 -0.431287211142
15.88 -0.434476506337
15.9 -0.437474503369
15.92 -0.44028825711
15.94 -0.442924858411
15.96 -0.44539140718
15.98 -0.44769498507
16.0 -0.449842630059
16.02 -0.451841310774
16.04 -0.453697902245
16.06 -0.455419162231
16.08 -0.457011708612
16.1 -0.45848199745
16.12 -0.45983630226
16.14 -0.461080694128
16.16 -0.462221022641
16.18 -0.463262898268
16.2 -0.46421167517
16.22 -0.465072435356
16.24 -0.465849974118
16.26 -0.466548785662
16.28 -0.467173050665
16.3 -0.467726624396
16.32 -0.468213025775
16.34 -0.468635427927
16.36 -0.468996649157
16.38 -0.469299145274
16.4 -0.46954500329
16.42 -0.469735935239
16.44 -0.46987327374
16.46 -0.469957968671
16.48 -0.46999058395
16.5 -0.469971296673
16.52 -0.469899895783
16.54 -0.46977578325
16.56 -0.469597974944
16.58 -0.469365103533
16.6 -0.469075421974
16.62 -0.468726807571
16.64 -0.468316768403
16.66 -0.46784244924
16.68 -0.467300639499
16.7 -0.466687781913
16.72 -0.465999982353
16.74 -0.465233020348
16.76 -0.464382361539
16.78 -0.463443169771
16.8 -0.462410321682
16.82 -0.461278421601
16.84 -0.460041817267
16.86 -0.458694617427
16.88 -0.457230709489
16.9 -0.455643779067
16.92 -0.453927329916
16.94 -0.452074705066
16.96 -0.450079109123
16.98 -0.44793363109
17.0 -0.445631268522
17.02 -0.443164952136
17.04 -0.440527571738
17.06 -0.4377120023
17.08 -0.434711131407
17.1 -0.431517886808
17.12 -0.428125264954
17.14 -0.424526359706
17.16 -0.420714391728
17.18 -0.416682738096
17.2 -0.412424961992
17.22 -0.407934842837
17.24 -0.403206405979
17.26 -0.398233952691
17.28 -0.393012089674
17.3 -0.387535757957
17.32 -0.381800261925
17.34 -0.375801296746
17.36 -0.369534975802
17.38 -0.362997856555
17.4 -0.356186965513
17.42 -0.349099821906
17.44 -0.341734459639
17.46 -0.334089448079
17.48 -0.32616391055
17.5 -0.317957541306
17.52 -0.309470620299
17.54 -0.300704025692
17.56 -0.291659244268
17.58 -0.28233837908
17.6 -0.272744155154
17.62 -0.262879921818
17.64 -0.252749653184
17.66 -0.24235794522
17.68 -0.23171001072
17.7 -0.22081167085
17.72 -0.209669344617
17.74 -0.198290035054
17.76 -0.186681313221
17.78 -0.174851299115
17.8 -0.162808640636
17.82 -0.150562489636
17.84 -0.138122475975
17.86 -0.125498679523
17.88 -0.112701599906
17.9 -0.0997421248902
17.92 -0.0866314967268
17.94 -0.0733812776157
17.96 -0.0600033135017
17.98 -0.0465096975085
18.0 -0.032912732115
18.02 -0.0192248912813
18.04 -0.00545878223571
18.06 0.00837289285274
18.08 0.0222573747271
18.1 0.0361818846415
18.12 0.0501336609343
18.14 0.0640999951677
18.16 0.0780682666885
18.18 0.0920259761182
18.2 0.105960777319
18.22 0.119860507774
18.24 0.133713217075
18.26 0.147507193636
18.28 0.16123098928
18.3 0.174873441902
18.32 0.188423695824
18.34 0.201871219916
18.36 0.215205823747
18.38 0.228417671219
18.4 0.241497291971
18.42 0.254435590876
18.44 0.267223854922
18.46 0.279853758454
18.48 0.292317365831
18.5 0.304607132716
18.52 0.316715904944
18.54 0.328636916062
18.56 0.340363782813
18.58 0.351890499453
18.6 0.363211430408
18.62 0.374321301644
18.64 0.385215191055
18.66 0.395888517624
18.68 0.406337029769
18.7 0.416556792943
18.72 0.426544176539
18.74 0.436295840357
18.76 0.445808720552
18.78 0.455080015423
18.8 0.464107170974
18.82 0.472887866496
18.84 0.481419999967
18.86 0.489701673885
18.88 0.497731181057
18.9 0.505506990804
18.92 0.513027735422
18.94 0.520292197232
18.96 0.527299295802
18.98 0.53404807604
19.0 0.540537696433
19.02 0.546767418225
19.04 0.552736594954
19.06 0.558444662638
19.08 0.563891130702
19.1 0.569075573349
19.12 0.573997621663
19.14 0.578656956328
19.16 0.58305330085
19.18 0.58718641548
19.2 0.591056091636
19.22 0.594662146837
19.24 0.598004420267
19.26 0.601082768702
19.28 0.603897062976
19.3 0.606447184925
19.32 0.608733024585
19.34 0.610754478016
19.36 0.612511445185
19.38 0.614003828522
19.4 0.61523153147
19.42 0.616194457532
19.44 0.616892509518
19.46 0.61732558906
19.48 0.617493596348
19.5 0.617396430133
19.52 0.617033987954
19.54 0.616406166573
19.56 0.615512862643
19.58 0.614353973622
19.6 0.612929398944
19.62 0.611239041325
19.64 0.609282808519
19.66 0.607060615206
19.68 0.604572385193
19.7 0.601818054021
19.72 0.598797571833
19.74 0.595510906633
19.76 0.591958047917
19.78 0.588139010781
19.8 0.58405384041
19.82 0.579702617037
19.84 0.575085461429
19.86 0.570202540905
19.88 0.565054075787
19.9 0.559640346528
19.92 0.553961701328
19.94 0.548018564371
19.96 0.541811444587
19.98 0.53534094511
20.0 0.528607773157
20.02 0.521612750661
20.04 0.5143568253
20.06 0.506841082132
20.08 0.499066755797
20.1 0.491035242979
20.12 0.482748115579
20.14 0.474207133925
20.16 0.46541426063
20.18 0.45637167438
20.2 0.447081784103
20.22 0.437547243097
20.24 0.427770963207
20.26 0.417756128877
20.28 0.407506210889
20.3 0.397024980041
20.32 0.386316520036
20.34 0.375385240088
20.36 0.364235886695
20.38 0.352873554647
20.4 0.341303697164
20.42 0.329532134706
20.44 0.317565063013
20.46 0.305409059335
20.48 0.293071087655
20.5 0.280558501942
20.52 0.267879048045
20.54 0.255040863686
20.56 0.24205247637
20.58 0.228922799697
20.6 0.215661127248
20.62 0.202277124658
20.64 0.188780819335
20.66 0.175182587929
20.68 0.16149314193
20.7 0.147723510558
20.72 0.133885021828
20.74 0.119989281351
20.76 0.106048148889
20.78 0.0920737130201
20.8 0.0780782638547
20.82 0.0640742637948
20.84 0.0500743167406
20.86 0.0360911355284
20.88 0.0221375082583
20.9 0.00822626304619
20.92 -0.00562976786169
20.94 -0.0194177852775
20.96 -0.0331250603457
20.98 -0.0467389726506
21.0 -0.0602470482655
21.02 -0.0736369978021
21.04 -0.0868967540004
21.06 -0.10001450922
21.08 -0.112978751403
21.1 -0.125778300021
21.12 -0.138402339653
21.14 -0.150840453314
21.16 -0.163082653139
21.18 -0.175119409862
21.2 -0.186941680137
21.22 -0.19854093145
21.24 -0.209909165253
21.26 -0.22103893709
21.28 -0.231923374702
21.3 -0.242556193157
21.32 -0.252931707616
21.34 -0.26304484314
21.36 -0.272891141902
21.38 -0.282466767778
21.4 -0.291768507891
21.42 -0.300793771831
21.44 -0.309540588142
21.46 -0.318007598221
21.48 -0.326194047602
21.5 -0.334099775465
21.52 -0.34172520099
21.54 -0.349071308587
21.56 -0.356139630157
21.58 -0.362932226465
21.6 -0.369451665884
21.62 -0.375701002348
21.64 -0.38168375144
21.66 -0.387403865358
21.68 -0.392865706945
21.7 -0.3980740225
21.72 -0.403033913992
21.74 -0.407750810705
21.76 -0.412230440046
21.78 -0.416478798601
21.8 -0.420502122132
21.82 -0.424306856391
21.84 -0.427899627201
21.86 -0.431287211142
21.88 -0.434476506337
21.9 -0.437474503369
21.92 -0.440288257103
21.94 -0.442924858427
21.96 -0.44539140718
21.98 -0.44769498506
22.0 -0.449842630057
22.02 -0.451841310779
22.04 -0.453697902245
22.06 -0.455419162231
22.08 -0.457011708612
22.1 -0.45848199745
22.12 -0.45983630226
22.14 -0.461080694135
22.16 -0.462221022617
22.18 -0.463262898305
22.2 -0.464211675139
22.22 -0.465072435369
22.24 -0.465849974116
22.26 -0.466548785663
22.28 -0.467173050665
22.3 -0.467726624396
22.32 -0.468213025775
22.34 -0.468635427919
22.36 -0.468996649172
22.38 -0.469299145266
22.4 -0.469545003296
22.42 -0.469735935228
22.44 -0.469873273746
22.46 -0.469957968671
22.48 -0.46999058395
22.5 -0.469971296673
22.52 -0.469899895783
22.54 -0.46977578325
22.56 -0.469597974944
22.58 -0.469365103541
22.6 -0.469075421958
22.62 -0.468726807579
22.64 -0.468316768403
22.66 -0.46784244924
22.68 -0.467300639499
22.7 -0.466687781913
22.72 -0.465999982353
22.74 -0.465233020348
22.76 -0.464382361559
22.78 -0.46344316973
22.8 -0.462410321702
22.82 -0.461278421601
22.84 -0.460041817273
22.86 -0.45869461741
22.88 -0.457230709503
22.9 -0.455643779063
22.92 -0.453927329916
22.94 -0.452074705066
22.96 -0.450079109123
22.98 -0.447933631084
23.0 -0.445631268534
23.02 -0.443164952127
23.04 -0.440527571746
23.06 -0.437712002292
23.08 -0.434711131415
23.1 -0.431517886797
23.12 -0.42812526497
23.14 -0.424526359698
23.16 -0.420714391728
23.18 -0.416682738096
23.2 -0.412424961999
23.22 -0.407934842816
23.24 -0.403206405994
23.26 -0.398233952698
23.28 -0.393012089666
23.3 -0.387535757952
23.32 -0.381800261937
23.34 -0.37580129674
23.36 -0.369534975802
23.38 -0.362997856549
23.4 -0.356186965525
23.42 -0.349099821895
23.44 -0.341734459651
23.46 -0.334089448074
23.48 -0.326163910552
23.5 -0.3179575413
23.52 -0.3094706203
23.54 -0.300704025694
23.56 -0.291659244266
23.58 -0.282338379087
23.6 -0.272744155149
23.62 -0.262879921824
23.64 -0.252749653172
23.66 -0.242357945226
23.68 -0.231710010716
23.7 -0.220811670856
23.72 -0.209669344617
23.74 -0.198290035057
23.76 -0.186681313212
23.78 -0.174851299119
23.8 -0.162808640636
23.82 -0.150562489636
23.84 -0.138122475975
23.86 -0.125498679517
23.88 -0.112701599917
23.9 -0.0997421248767
23.92 -0.08663149675
23.94 -0.0733812775866
23.96 -0.0600033135211
23.98 -0.0465096975065
24.0 -0.0329127321073
24.02 -0.0192248912852
24.04 -0.00545878223571
24.06 0.00837289284581
24.08 0.022257374741
24.1 0.0361818846424
24.12 0.0501336609187
24.14 0.0640999951766
24.16 0.0780682666902
24.18 0.0920259761189
24.2 0.105960777308
24.22 0.119860507782
24.24 0.133713217075
24.26 0.147507193638
24.28 0.161230989277
24.3 0.174873441911
24.32 0.18842369581
24.34 0.201871219924
24.36 0.215205823747
24.38 0.228417671224
24.4 0.24149729196
24.42 0.254435590874
24.44 0.267223854936
24.46 0.279853758447
24.48 0.292317365835
24.5 0.304607132703
24.52 0.316715904959
24.54 0.328636916064
24.56 0.3403637828
24.58 0.35189049946
24.6 0.363211430403
24.62 0.374321301647
24.64 0.385215191056
24.66 0.395888517623
24.68 0.406337029769
24.7 0.416556792938
24.72 0.426544176541
24.74 0.436295840375
24.76 0.445808720532
24.78 0.455080015428
24.8 0.464107170974
24.82 0.472887866499
24.84 0.481419999961
24.86 0.489701673885
24.88 0.497731181063
24.9 0.505506990801
24.92 0.513027735422
24.94 0.520292197229
24.96 0.527299295809
24.98 0.53404807604
25.0 0.540537696426
25.02 0.546767418232
25.04 0.552736594946
25.06 0.558444662638
25.08 0.563891130709
25.1 0.569075573346
25.12 0.573997621663
25.14 0.578656956326
25.16 0.58305330085
25.18 0.587186415486
25.2 0.591056091633
25.22 0.594662146837
25.24 0.598004420267
25.26 0.601082768704
25.28 0.603897062972
25.3 0.606447184923
25.32 0.608733024593
25.34 0.610754478012
25.36 0.612511445185
25.38 0.614003828522
25.4 0.61523153147
25.42 0.616194457532
25.44 0.616892509518
25.46 0.61732558906
25.48 0.617493596348
25.5 0.617396430133
25.52 0.617033987954
25.54 0.616406166573
25.56 0.615512862643
25.58 0.614353973622
25.6 0.612929398944
25.62 0.61123904132
25.64 0.609282808527
25.66 0.607060615202
25.68 0.604572385193
25.7 0.601818054021
25.72 0.598797571832
25.74 0.595510906636
25.76 0.591958047913
25.78 0.588139010784
25.8 0.584053840407
25.82 0.579702617039
25.84 0.575085461428
25.86 0.570202540905
25.88 0.565054075787
25.9 0.559640346527
25.92 0.553961701331
25.94 0.548018564369
25.96 0.541811444586
25.98 0.535340945113
26.0 0.528607773154
26.02 0.521612750666
26.04 0.514356825287
26.06 0.506841082144
26.08 0.499066755799
26.1 0.491035242972
26.12 0.482748115581
26.14 0.474207133922
26.16 0.465414260637
26.18 0.456371674381
26.2 0.447081784092
26.22 0.437547243111
26.24 0.427770963209
26.26 0.417756128858
26.28 0.407506210904
26.3 0.397024980037
26.32 0.386316520037
26.34 0.375385240089
26.36 0.364235886687
26.38 0.352873554667
26.4 0.341303697148
26.42 0.329532134709
26.44 0.317565063009
26.46 0.305409059345
26.48 0.293071087645
26.5 0.280558501944
26.52 0.267879048051
26.54 0.255040863675
26.56 0.242052476383
26.58 0.228922799679
26.6 0.215661127256
26.62 0.20227712467
26.64 0.188780819314
26.66 0.175182587951
26.68 0.161493141922
26.7 0.147723510545
26.72 0.133885021844
26.74 0.119989281346
26.76 0.106048148889
26.78 0.092073713017
26.8 0.07807826385
26.82 0.0640742638147
26.84 0.0500743167235
26.86 0.0360911355374
26.88 0.0221375082513
26.9 0.00822626305923
26.92 -0.00562976787971
26.94 -0.0194177852684
26.96 -0.0331250603398
26.98 -0.0467389726644
27.0 -0.0602470482664
27.02 -0.0736369977915
27.04 -0.0868967540021
27.06 -0.10001450921
27.08 -0.112978751434
27.1 -0.125778299984
27.12 -0.13840233967
27.14 -0.150840453325
27.16 -0.163082653123
27.18 -0.175119409867
27.2 -0.186941680137
27.22 -0.198540931444
27.24 -0.209909165267
27.26 -0.221038937078
27.28 -0.231923374707
27.3 -0.242556193153
27.32 -0.252931707625
27.34 -0.26304484312
27.36 -0.272891141927
27.38 -0.282466767759
27.4 -0.29176850789
27.42 -0.300793771841
27.44 -0.309540588148
27.46 -0.318007598203
27.48 -0.326194047619
27.5 -0.334099775453
27.52 -0.341725201004
27.54 -0.349071308567
27.56 -0.356139630173
27.58 -0.362932226465
27.6 -0.369451665877
27.62 -0.375701002352
27.64 -0.38168375144
27.66 -0.38740386535
27.68 -0.392865706969
27.7 -0.398074022477
27.72 -0.403033914007
27.74 -0.407750810691
27.76 -0.412230440057
27.78 -0.416478798593
27.8 -0.420502122135
27.82 -0.424306856391
27.84 -0.427899627194
27.86 -0.431287211157
27.88 -0.434476506329
27.9 -0.437474503377
27.92 -0.440288257087
27.94 -0.442924858434
27.96 -0.44539140718
27.98 -0.447694985055
28.0 -0.44984263007
28.02 -0.451841310776
28.04 -0.45369790223
28.06 -0.455419162241
28.08 -0.457011708612
28.1 -0.458481997449
28.12 -0.459836302262
28.14 -0.461080694127
28.16 -0.462221022641
28.18 -0.46326289828
28.2 -0.464211675147
28.22 -0.465072435368
28.24 -0.465849974131
28.26 -0.466548785637
28.28 -0.467173050685
28.3 -0.46772662438
28.32 -0.468213025783
28.34 -0.468635427927
28.36 -0.468996649157
28.38 -0.469299145274
28.4 -0.46954500329
28.42 -0.469735935239
28.44 -0.46987327374
28.46 -0.469957968671
28.48 -0.46999058395
28.5 -0.469971296673
28.52 -0.469899895783
28.54 -0.46977578325
28.56 -0.469597974944
28.58 -0.469365103533
28.6 -0.469075421974
28.62 -0.468726807571
28.64 -0.468316768403
28.66 -0.46784244924
28.68 -0.467300639499
28.7 -0.466687781913
28.72 -0.465999982353
28.74 -0.465233020348
28.76 -0.464382361539
28.78 -0.463443169771
28.8 -0.46241032167
28.82 -0.461278421636
28.84 -0.460041817232
28.86 -0.458694617439
28.88 -0.457230709483
28.9 -0.455643779078
28.92 -0.45392732991
28.94 -0.452074705066
28.96 -0.450079109123
28.98 -0.44793363109
29.0 -0.445631268522
29.02 -0.443164952136
29.04 -0.440527571738
29.06 -0.437712002296
29.08 -0.434711131407
29.1 -0.43151788682
29.12 -0.428125264947
29.14 -0.424526359698
29.16 -0.420714391748
29.18 -0.41668273808
29.2 -0.412424961996
29.22 -0.407934842837
29.24 -0.403206405972
29.26 -0.398233952714
29.28 -0.393012089647
29.3 -0.387535757973
29.32 -0.381800261927
29.34 -0.375801296729
29.36 -0.369534975819
29.38 -0.362997856553
29.4 -0.356186965506
29.42 -0.34909982191
29.44 -0.341734459639
29.46 -0.334089448079
29.48 -0.326163910545
29.5 -0.317957541314
29.52 -0.309470620289
29.54 -0.300704025711
29.56 -0.291659244246
29.58 -0.282338379095
29.6 -0.272744155152
29.62 -0.26287992181
29.64 -0.252749653186
29.66 -0.242357945222
29.68 -0.231710010716
29.7 -0.22081167086
29.72 -0.209669344607
29.74 -0.198290035057
29.76 -0.186681313223
29.78 -0.174851299105
29.8 -0.162808640653
29.82 -0.150562489632
29.84 -0.138122475968
29.86 -0.125498679528
29.88 -0.112701599905
29.9 -0.0997421248902
29.92 -0.0866314967268
29.94 -0.0733812776098
29.96 -0.0600033135103
29.98 -0.0465096975126
30.0 -0.0329127321023
30.02 -0.0192248912891
30.04 -0.0054587822396
30.06 0.00837289286443
30.08 0.0222573747271
30.1 0.0361818846287
30.12 0.0501336609454
30.14 0.0640999951605
30.16 0.0780682666946
30.18 0.092025976114
30.2 0.105960777317
30.22 0.119860507783
30.24 0.133713217066
30.26 0.147507193631
30.28 0.161230989294
30.3 0.174873441903
30.32 0.188423695813
30.34 0.20187121992
30.36 0.215205823755
30.38 0.22841767121
30.4 0.241497291975
30.42 0.254435590864
30.44 0.267223854936
30.46 0.279853758451
30.48 0.292317365832
30.5 0.304607132715
30.52 0.316715904948
30.54 0.328636916054
30.56 0.340363782817
30.58 0.351890499455
30.6 0.363211430407
30.62 0.374321301644
30.64 0.385215191055
30.66 0.395888517629
30.68 0.406337029764
30.7 0.416556792932
30.72 0.426544176552
30.74 0.436295840364
30.76 0.445808720538
30.78 0.455080015431
30.8 0.464107170967
30.82 0.472887866508
30.84 0.481419999949
30.86 0.489701673889
30.88 0.497731181072
30.9 0.505506990786
30.92 0.513027735431
30.94 0.520292197226
30.96 0.52729929581
30.98 0.534048076034
31.0 0.540537696433
31.02 0.546767418228
31.04 0.552736594952
31.06 0.558444662638
31.08 0.563891130702
31.1 0.569075573349
31.12 0.573997621668
31.14 0.578656956319
31.16 0.583053300857
31.18 0.587186415478
31.2 0.591056091632
31.22 0.594662146845
31.24 0.598004420264
31.26 0.601082768703
31.28 0.603897062973
31.3 0.606447184923
31.32 0.608733024595
31.34 0.610754478005
31.36 0.612511445194
31.38 0.614003828519
31.4 0.615231531472
31.42 0.616194457528
31.44 0.61689250952
31.46 0.61732558906
31.48 0.617493596348
31.5 0.617396430133
31.52 0.617033987954
31.54 0.616406166573
31.56 0.615512862643
31.58 0.614353973622
31.6 0.612929398942
31.62 0.611239041324
31.64 0.609282808526
31.66 0.607060615202
31.68 0.604572385192
31.7 0.601818054018
31.72 0.59879757184
31.74 0.595510906632
31.76 0.59195804791
31.78 0.588139010791
31.8 0.584053840405
31.82 0.579702617035
31.84 0.575085461428
31.86 0.57020254091
31.88 0.565054075783
31.9 0.559640346528
31.92 0.553961701329
31.94 0.548018564371
31.96 0.541811444585
31.98 0.535340945108
32.0 0.528607773168
32.02 0.521612750654
32.04 0.514356825292
32.06 0.506841082141
32.08 0.499066755801
32.1 0.491035242971
32.12 0.482748115583
32.14 0.474207133917
32.16 0.465414260643
32.18 0.45637167438
32.2 0.447081784086
32.22 0.437547243114
32.24 0.427770963203
32.26 0.417756128868
32.28 0.407506210891
32.3 0.397024980054
32.32 0.386316520027
32.34 0.375385240087
32.36 0.36423588669
32.38 0.352873554659
32.4 0.34130369715
32.42 0.329532134716
32.44 0.317565063014
32.46 0.305409059337
32.48 0.293071087647
32.5 0.280558501938
32.52 0.267879048065
32.54 0.255040863664
32.56 0.242052476389
32.58 0.228922799671
32.6 0.215661127264
32.62 0.202277124673
32.64 0.188780819305
32.66 0.175182587954
32.68 0.161493141916
32.7 0.147723510556
32.72 0.13388502184
32.74 0.119989281351
32.76 0.106048148879
32.78 0.0920737130205
32.8 0.0780782638532
32.82 0.0640742638029
32.84 0.0500743167364
32.86 0.0360911355276
32.88 0.0221375082652
32.9 0.00822626304619
32.92 -0.00562976787363
32.94 -0.0194177852697
32.96 -0.0331250603385
32.98 -0.0467389726713
33.0 -0.0602470482547
33.02 -0.0736369978012
33.04 -0.0868967539944
33.06 -0.100014509209
33.08 -0.112978751444
33.1 -0.125778299979
33.12 -0.138402339676
33.14 -0.150840453313
33.16 -0.163082653123
33.18 -0.175119409875
33.2 -0.18694168014
33.22 -0.198540931444
33.24 -0.209909165253
33.26 -0.221038937095
33.28 -0.231923374699
33.3 -0.242556193155
33.32 -0.252931707614
33.34 -0.263044843134
33.36 -0.27289114192
33.38 -0.282466767766
33.4 -0.291768507887
33.42 -0.300793771846
33.44 -0.309540588137
33.46 -0.318007598202
33.48 -0.326194047632
33.5 -0.33409977544
33.52 -0.341725201015
33.54 -0.349071308562
33.56 -0.356139630176
33.58 -0.362932226458
33.6 -0.36945166588
33.62 -0.375701002352
33.64 -0.38168375144
33.66 -0.387403865358
33.68 -0.392865706953
33.7 -0.398074022485
33.72 -0.403033914014
33.74 -0.407750810676
33.76 -0.41223044006
33.78 -0.416478798601
33.8 -0.420502122137
33.82 -0.424306856379
33.84 -0.4278996272
33.86 -0.431287211161
33.88 -0.434476506322
33.9 -0.437474503369
33.92 -0.440288257112
33.94 -0.442924858422
33.96 -0.44539140718
33.98 -0.447694985055
34.0 -0.449842630067
34.02 -0.451841310784
34.04 -0.45369790222
34.06 -0.455419162248
34.08 -0.457011708614
34.1 -0.458481997446
34.12 -0.45983630226
34.14 -0.461080694135
34.16 -0.462221022617
34.18 -0.463262898293
34.2 -0.464211675162
34.22 -0.465072435357
34.24 -0.465849974128
34.26 -0.46654878564
34.28 -0.467173050684
34.3 -0.467726624374
34.32 -0.468213025794
34.34 -0.468635427921
34.36 -0.468996649157
34.38 -0.469299145274
34.4 -0.46954500329
34.42 -0.469735935239
34.44 -0.46987327374
34.46 -0.469957968671
34.48 -0.46999058395
34.5 -0.469971296673
34.52 -0.469899895783
34.54 -0.46977578325
34.56 -0.46959797493
34.58 -0.469365103568
34.6 -0.469075421945
34.62 -0.468726807579
34.64 -0.468316768403
34.66 -0.46784244924
34.68 -0.467300639499
34.7 -0.466687781913
34.72 -0.465999982353
34.74 -0.46523302036
34.76 -0.464382361515
34.78 -0.46344316979
34.8 -0.462410321655
34.82 -0.461278421644
34.84 -0.460041817232
34.86 -0.458694617439
34.88 -0.457230709483
34.9 -0.455643779078
34.92 -0.453927329906
34.94 -0.452074705074
34.96 -0.45007910912
34.98 -0.447933631084
35.0 -0.445631268534
35.02 -0.443164952127
35.04 -0.440527571746
35.06 -0.437712002296
35.08 -0.434711131399
35.1 -0.431517886823
35.12 -0.428125264947
35.14 -0.424526359706
35.16 -0.420714391732
35.18 -0.416682738079
35.2 -0.412424962013
35.22 -0.407934842828
35.24 -0.403206405972
35.26 -0.398233952714
35.28 -0.393012089641
35.3 -0.387535757984
35.32 -0.381800261921
35.34 -0.375801296729
35.36 -0.369534975823
35.38 -0.362997856541
35.4 -0.356186965517
35.42 -0.3490998219
35.44 -0.341734459645
35.46 -0.334089448079
35.48 -0.326163910558
35.5 -0.317957541296
35.52 -0.309470620297
35.54 -0.3007040257
35.56 -0.291659244256
35.58 -0.282338379095
35.6 -0.272744155151
35.62 -0.262879921807
35.64 -0.252749653194
35.66 -0.242357945226
35.68 -0.2317100107
35.7 -0.220811670868
35.72 -0.209669344603
35.74 -0.198290035064
35.76 -0.186681313219
35.78 -0.174851299105
35.8 -0.162808640659
35.82 -0.150562489614
35.84 -0.138122475986
35.86 -0.125498679516
35.88 -0.112701599911
35.9 -0.0997421248866
35.92 -0.0866314967451
35.94 -0.0733812775924
35.96 -0.0600033135095
35.98 -0.0465096975046
36.0 -0.0329127321178
36.02 -0.0192248912824
36.04 -0.00545878224653
36.06 0.00837289286637
36.08 0.0222573747332
36.1 0.0361818846257
36.12 0.0501336609473
36.14 0.0640999951566
36.16 0.0780682667059
36.18 0.0920259760953
36.2 0.105960777321
36.22 0.119860507794
36.24 0.133713217059
36.26 0.147507193637
36.28 0.161230989286
36.3 0.174873441911
36.32 0.188423695803
36.34 0.201871219934
36.36 0.215205823741
36.38 0.228417671215
36.4 0.241497291974
36.42 0.254435590876
36.44 0.267223854929
36.46 0.279853758444
36.48 0.292317365832
36.5 0.304607132714
36.52 0.316715904956
36.54 0.328636916052
36.56 0.34036378282
36.58 0.351890499444
36.6 0.36321143042
36.62 0.374321301631
36.64 0.385215191055
36.66 0.395888517642
36.68 0.40633702975
36.7 0.416556792947
36.72 0.426544176542
36.74 0.436295840366
36.76 0.445808720538
36.78 0.455080015424
36.8 0.464107170981
36.82 0.472887866492
36.84 0.481419999967
36.86 0.489701673887
36.88 0.497731181058
36.9 0.505506990796
36.92 0.513027735424
36.94 0.520292197229
36.96 0.527299295811
36.98 0.534048076034
37.0 0.540537696437
37.02 0.546767418218
37.04 0.552736594962
37.06 0.558444662628
37.08 0.563891130703
37.1 0.569075573355
37.12 0.573997621661
37.14 0.578656956327
37.16 0.58305330085
37.18 0.58718641548
37.2 0.591056091632
37.22 0.594662146843
37.24 0.598004420267
37.26 0.6010827687
37.28 0.603897062976
37.3 0.606447184925
37.32 0.608733024587
37.34 0.610754478013
37.36 0.612511445187
37.38 0.614003828522
37.4 0.615231531472
37.42 0.616194457528
37.44 0.61689250952
37.46 0.61732558906
37.48 0.617493596348
37.5 0.617396430133
37.52 0.617033987956
37.54 0.616406166568
37.56 0.615512862645
37.58 0.614353973622
37.6 0.612929398942
37.62 0.611239041324
37.64 0.609282808526
37.66 0.607060615204
37.68 0.604572385189
37.7 0.60181805402
37.72 0.598797571837
37.74 0.595510906631
37.76 0.591958047913
37.78 0.588139010786
37.8 0.584053840411
37.82 0.579702617032
37.84 0.575085461428
37.86 0.57020254091
37.88 0.565054075778
37.9 0.559640346538
37.92 0.553961701318
37.94 0.548018564382
37.96 0.541811444585
37.98 0.535340945098
38.0 0.528607773173
38.02 0.521612750654
38.04 0.514356825292
38.06 0.506841082141
38.08 0.499066755801
38.1 0.491035242975
38.12 0.482748115573
38.14 0.474207133929
38.16 0.46541426063
38.18 0.45637167438
38.2 0.447081784101
38.22 0.437547243102
38.24 0.427770963206
38.26 0.417756128868
38.28 0.407506210891
38.3 0.397024980054
38.32 0.38631652002
38.34 0.3753852401
38.36 0.364235886678
38.38 0.352873554672
38.4 0.34130369715
38.42 0.329532134703
38.44 0.317565063021
38.46 0.305409059337
38.48 0.293071087647
38.5 0.280558501938
38.52 0.267879048065
38.54 0.255040863672
38.56 0.242052476376
38.58 0.228922799686
38.6 0.215661127247
38.62 0.202277124673
38.64 0.188780819322
38.66 0.175182587946
38.68 0.161493141916
38.7 0.147723510556
38.72 0.133885021832
38.74 0.119989281363
38.76 0.106048148865
38.78 0.0920737130395
38.8 0.0780782638517
38.82 0.064074263785
38.84 0.0500743167514
38.86 0.0360911355154
38.88 0.0221375082713
38.9 0.00822626304619
38.92 -0.00562976787363
38.94 -0.0194177852609
38.96 -0.0331250603593
38.98 -0.0467389726495
39.0 -0.0602470482716
39.02 -0.0736369977846
39.04 -0.0868967540137
39.06 -0.100014509212
39.08 -0.112978751419
39.1 -0.125778299992
39.12 -0.13840233968
39.14 -0.150840453305
39.16 -0.163082653132
39.18 -0.175119409865
39.2 -0.18694168015
39.22 -0.198540931434
39.24 -0.209909165255
39.26 -0.221038937101
39.28 -0.231923374691
39.3 -0.242556193165
39.32 -0.252931707609
39.34 -0.263044843138
39.36 -0.272891141912
39.38 -0.282466767766
39.4 -0.291768507894
39.42 -0.300793771833
39.44 -0.309540588156
39.46 -0.318007598197
39.48 -0.326194047622
39.5 -0.334099775453
39.52 -0.341725201
39.54 -0.349071308569
39.56 -0.356139630176
39.58 -0.362932226458
39.6 -0.369451665886
39.62 -0.375701002341
39.64 -0.381683751446
39.66 -0.387403865358
39.68 -0.392865706945
39.7 -0.3980740225
39.72 -0.403033913992
39.74 -0.407750810705
39.76 -0.412230440046
39.78 -0.416478798601
39.8 -0.420502122137
39.82 -0.424306856379
39.84 -0.4278996272
39.86 -0.431287211161
39.88 -0.434476506322
39.9 -0.437474503381
39.92 -0.440288257087
39.94 -0.442924858434
39.96 -0.44539140718
39.98 -0.447694985055
