0.0 0.0157715350977
0.02 0.0167086048405
0.04 0.0176295565661
0.06 0.0185341050684
0.08 0.0194220011767
0.1 0.0202930313252
0.12 0.0211470170104
0.14 0.0219838141369
0.16 0.0228033122477
0.18 0.0236054336591
0.2 0.0243901324863
0.22 0.0251573935821
0.24 0.0259072313825
0.26 0.0266396886736
0.28 0.0273548352738
0.3 0.0280527666582
0.32 0.0287336025074
0.34 0.0293974852094
0.36 0.030044578306
0.38 0.030675064901
0.4 0.0312891460329
0.42 0.0318870390216
0.44 0.0324689757921
0.46 0.0330352011918
0.48 0.0335859713008
0.5 0.0341215517451
0.52 0.0346422160221
0.54 0.0351482438465
0.56 0.0356399195153
0.58 0.0361175303167
0.6 0.0365813649687
0.62 0.0370317121109
0.64 0.0374688588484
0.66 0.0378930893574
0.68 0.0383046835503
0.7 0.0387039158252
0.72 0.039091053878
0.74 0.0394663576095
0.76 0.0398300781082
0.78 0.0401824567345
0.8 0.0405237242899
0.82 0.0408541002887
0.84 0.0411737923267
0.86 0.0414829955539
0.88 0.0417818922458
0.9 0.042070651483
0.92 0.0423494289243
0.94 0.0426183666946
0.96 0.0428775933584
0.98 0.0431272240036
1.0 0.0433673604101
1.02 0.0435980913144
1.04 0.0438194927596
1.06 0.0440316285239
1.08 0.0442345506269
1.1 0.0444282999005
1.12 0.0446129066265
1.14 0.0447883912223
1.16 0.0449547649743
1.18 0.0451120308103
1.2 0.0452601840973
1.22 0.0453992134574
1.24 0.0455291015989
1.26 0.0456498261418
1.28 0.0457613604391
1.3 0.0458636743766
1.32 0.0459567351526
1.34 0.0460405080107
1.36 0.0461149569448
1.38 0.0461800453372
1.4 0.0462357365521
1.42 0.0462819944544
1.44 0.046318783866
1.46 0.0463460709425
1.48 0.0463638234751
1.5 0.0463720111056
1.52 0.046370605466
1.54 0.0463595802239
1.56 0.0463389110522
1.58 0.0463085755093
1.6 0.0462685528411
1.62 0.0462188237014
1.64 0.0461593698029
1.66 0.0460901734896
1.68 0.0460112172568
1.7 0.0459224831991
1.72 0.0458239524203
1.74 0.0457156043907
1.76 0.0455974162734
1.78 0.0454693622221
1.8 0.0453314126607
1.82 0.0451835335556
1.84 0.0450256856832
1.86 0.0448578239129
1.88 0.0446798965028
1.9 0.0444918444235
1.92 0.0442936007209
1.94 0.0440850899171
1.96 0.0438662274682
1.98 0.0436369192775
2.0 0.0433970612777
2.02 0.0431465390831
2.04 0.0428852277199
2.06 0.0426129914422
2.08 0.0423296836307
2.1 0.0420351467868
2.12 0.0417292126171
2.14 0.0414117022152
2.16 0.0410824263418
2.18 0.0407411857981
2.2 0.0403877719047
2.22 0.0400219670713
2.24 0.0396435454614
2.26 0.0392522737606
2.28 0.0388479120208
2.3 0.0384302146074
2.32 0.0379989312161
2.34 0.0375538079855
2.36 0.0370945886665
2.38 0.0366210158778
2.4 0.0361328324124
2.42 0.0356297826142
2.44 0.0351116137915
2.46 0.0345780776939
2.48 0.0340289320066
2.5 0.0334639418946
2.52 0.0328828815592
2.54 0.0322855358125
2.56 0.0316717016651
2.58 0.0310411899112
2.6 0.0303938267064
2.62 0.0297294551355
2.64 0.0290479367557
2.66 0.0283491531118
2.68 0.0276330072104
2.7 0.0268994249615
2.72 0.0261483565523
2.74 0.0253797777808
2.76 0.0245936913083
2.78 0.0237901278528
2.8 0.0229691472985
2.82 0.022130839724
2.84 0.0212753263391
2.86 0.0204027603336
2.88 0.0195133276187
2.9 0.0186072474728
2.92 0.0176847730764
2.94 0.016746191935
2.96 0.0157918261957
2.98 0.0148220328384
3.0 0.0138372037585
3.02 0.0128377657232
3.04 0.011824180217
3.06 0.0107969431568
3.08 0.0097565844989
3.1 0.00870366771914
3.12 0.00763878918439
3.14 0.00656257740255
3.16 0.0054756921669
3.18 0.00437882359155
3.2 0.00327269104093
3.22 0.00215804196081
3.24 0.00103565061813
3.26 -9.36832515046e-05
3.28 -0.00122913588053
3.3 -0.00236986097426
3.32 -0.00351499129724
3.34 -0.00466364031223
3.36 -0.00581490387902
3.38 -0.00696786199934
3.4 -0.00812158060481
3.42 -0.00927511337022
3.44 -0.0104275035545
3.46 -0.0115777858595
3.48 -0.0127249882932
3.5 -0.0138681340279
3.52 -0.015006243261
3.54 -0.0161383350505
3.56 -0.0172634291315
3.58 -0.0183805476965
3.6 -0.0194887171487
3.62 -0.0205869697968
3.64 -0.021674345512
3.66 -0.0227498933255
3.68 -0.0238126729558
3.7 -0.0248617562881
3.72 -0.0258962287661
3.74 -0.0269151907244
3.76 -0.0279177586307
3.78 -0.0289030662657
3.8 -0.029870265807
3.82 -0.0308185288391
3.84 -0.0317470472786
3.86 -0.0326550342216
3.88 -0.0335417246954
3.9 -0.0344063763492
3.92 -0.0352482700428
3.94 -0.0360667103756
3.96 -0.0368610261312
3.98 -0.0376305706498
4.0 -0.0383747221324
4.02 -0.0390928838853
4.04 -0.0397844844874
4.06 -0.0404489779223
4.08 -0.0410858436359
4.1 -0.0416945865577
4.12 -0.0422747370808
4.14 -0.0428258509918
4.16 -0.0433475093796
4.18 -0.0438393185098
4.2 -0.0443009096734
4.22 -0.0447319390253
4.24 -0.0451320873992
4.26 -0.045501060122
4.28 -0.0458385868251
4.3 -0.0461444212403
4.32 -0.046418341024
4.34 -0.0466601475734
4.36 -0.0468696658556
4.38 -0.0470467442615
4.4 -0.0471912544674
4.42 -0.0473030913252
4.44 -0.0473821727706
4.46 -0.0474284397609
4.48 -0.0474418562312
4.5 -0.0474224090939
4.52 -0.0473701082423
4.54 -0.0472849866095
4.56 -0.0471671002312
4.58 -0.0470165283522
4.6 -0.0468333735497
4.62 -0.0466177618867
4.64 -0.046369843082
4.66 -0.0460897907082
4.68 -0.0457778023964
4.7 -0.045434100064
4.72 -0.0450589301541
4.74 -0.0446525638653
4.76 -0.0442152974078
4.78 -0.0437474522398
4.8 -0.0432493753005
4.82 -0.0427214392425
4.84 -0.0421640426262
4.86 -0.0415776101139
4.88 -0.0409625926246
4.9 -0.0403194674539
4.92 -0.0396487383683
4.94 -0.0389509356386
4.96 -0.0382266160365
4.98 -0.0374763627785
5.0 -0.0367007853943
5.02 -0.0359005195531
5.04 -0.0350762268038
5.06 -0.0342285942497
5.08 -0.0333583341454
5.1 -0.0324661834192
5.12 -0.0315529030915
5.14 -0.0306192776431
5.16 -0.0296661142543
5.18 -0.0286942419921
5.2 -0.027704510879
5.22 -0.0266977908907
5.24 -0.0256749708501
5.26 -0.0246369572448
5.28 -0.0235846729454
5.3 -0.0225190558495
5.32 -0.0214410574332
5.34 -0.0203516412401
5.36 -0.0192517812715
5.38 -0.0181424603376
5.4 -0.0170246683212
5.42 -0.0158994003942
5.44 -0.0147676551815
5.46 -0.0136304328834
5.48 -0.0124887333558
5.5 -0.0113435541663
5.52 -0.0101958886266
5.54 -0.00904672381897
5.56 -0.00789703860913
5.58 -0.00674780167284
5.6 -0.00559996953572
5.62 -0.00445448462832
5.64 -0.0033122733846
5.66 -0.00217424437372
5.68 -0.00104128647967
5.7 8.5732857067e-05
5.72 0.00120596932938
5.74 0.00231860339637
5.76 0.00342284181078
5.78 0.0045179190816
5.8 0.00560309882937
5.82 0.00667767504658
5.84 0.00774097325158
5.86 0.00879235153346
5.88 0.00983120148031
5.9 0.0108569489927
5.92 0.0118690549754
5.94 0.0128670159026
5.96 0.0138503642651
5.98 0.0148186688822
6.0 0.0157715350975
6.02 0.0167086048406
6.04 0.0176295565661
6.06 0.0185341050684
6.08 0.0194220011767
6.1 0.0202930313253
6.12 0.0211470170102
6.14 0.0219838141373
6.16 0.0228033122472
6.18 0.0236054336593
6.2 0.0243901324864
6.22 0.0251573935818
6.24 0.0259072313829
6.26 0.0266396886731
6.28 0.0273548352739
6.3 0.0280527666585
6.32 0.0287336025072
6.34 0.0293974852094
6.36 0.0300445783062
6.38 0.0306750649007
6.4 0.0312891460332
6.42 0.0318870390214
6.44 0.032468975792
6.46 0.0330352011921
6.48 0.0335859713004
6.5 0.0341215517454
6.52 0.0346422160223
6.54 0.0351482438459
6.56 0.0356399195156
6.58 0.0361175303169
6.6 0.0365813649681
6.62 0.0370317121115
6.64 0.0374688588481
6.66 0.0378930893574
6.68 0.0383046835503
6.7 0.0387039158253
6.72 0.0390910538779
6.74 0.0394663576096
6.76 0.039830078108
6.78 0.0401824567347
6.8 0.0405237242901
6.82 0.0408541002882
6.84 0.0411737923269
6.86 0.0414829955537
6.88 0.0417818922461
6.9 0.0420706514829
6.92 0.0423494289245
6.94 0.0426183666942
6.96 0.0428775933587
6.98 0.0431272240035
7.0 0.0433673604103
7.02 0.0435980913141
7.04 0.0438194927597
7.06 0.0440316285239
7.08 0.0442345506269
7.1 0.0444282999005
7.12 0.0446129066264
7.14 0.0447883912223
7.16 0.0449547649743
7.18 0.0451120308103
7.2 0.0452601840973
7.22 0.0453992134574
7.24 0.0455291015989
7.26 0.0456498261418
7.28 0.0457613604391
7.3 0.0458636743765
7.32 0.0459567351526
7.34 0.0460405080107
7.36 0.0461149569448
7.38 0.0461800453372
7.4 0.0462357365521
7.42 0.0462819944544
7.44 0.046318783866
7.46 0.0463460709425
7.48 0.0463638234751
7.5 0.0463720111056
7.52 0.046370605466
7.54 0.0463595802239
7.56 0.0463389110522
7.58 0.0463085755093
7.6 0.0462685528411
7.62 0.0462188237015
7.64 0.0461593698029
7.66 0.0460901734898
7.68 0.0460112172565
7.7 0.0459224831992
7.72 0.0458239524203
7.74 0.0457156043906
7.76 0.0455974162734
7.78 0.0454693622221
7.8 0.0453314126607
7.82 0.0451835335556
7.84 0.0450256856832
7.86 0.044857823913
7.88 0.0446798965028
7.9 0.0444918444233
7.92 0.0442936007212
7.94 0.044085089917
7.96 0.043866227468
7.98 0.0436369192777
8.0 0.0433970612776
8.02 0.0431465390829
8.04 0.0428852277201
8.06 0.0426129914423
8.08 0.0423296836306
8.1 0.0420351467868
8.12 0.041729212617
8.14 0.0414117022155
8.16 0.0410824263418
8.18 0.0407411857976
8.2 0.0403877719052
8.22 0.0400219670711
8.24 0.0396435454613
8.26 0.0392522737609
8.28 0.0388479120206
8.3 0.0384302146074
8.32 0.037998931216
8.34 0.0375538079857
8.36 0.0370945886665
8.38 0.0366210158778
8.4 0.0361328324123
8.42 0.0356297826143
8.44 0.0351116137917
8.46 0.0345780776936
8.48 0.034028932007
8.5 0.0334639418944
8.52 0.0328828815592
8.54 0.0322855358125
8.56 0.0316717016651
8.58 0.0310411899113
8.6 0.0303938267062
8.62 0.0297294551356
8.64 0.0290479367558
8.66 0.0283491531115
8.68 0.0276330072103
8.7 0.0268994249617
8.72 0.026148356552
8.74 0.0253797777812
8.76 0.0245936913079
8.78 0.0237901278528
8.8 0.0229691472991
8.82 0.0221308397231
8.84 0.0212753263395
8.86 0.0204027603334
8.88 0.0195133276191
8.9 0.0186072474723
8.92 0.0176847730769
8.94 0.0167461919345
8.96 0.0157918261962
8.98 0.0148220328381
9.0 0.0138372037581
9.02 0.0128377657239
9.04 0.0118241802167
9.06 0.0107969431571
9.08 0.00975658449844
9.1 0.00870366771948
9.12 0.00763878918416
9.14 0.00656257740267
9.16 0.00547569216678
9.18 0.00437882359177
9.2 0.00327269104082
9.22 0.00215804196059
9.24 0.00103565061857
9.26 -9.36832517182e-05
9.28 -0.00122913588053
9.3 -0.00236986097437
9.32 -0.00351499129714
9.34 -0.00466364031244
9.36 -0.00581490387849
9.38 -0.00696786199956
9.4 -0.00812158060501
9.42 -0.00927511337011
9.44 -0.0104275035542
9.46 -0.0115777858601
9.48 -0.0127249882931
9.5 -0.0138681340278
9.52 -0.0150062432608
9.54 -0.016138335051
9.56 -0.0172634291312
9.58 -0.0183805476964
9.6 -0.0194887171486
9.62 -0.0205869697972
9.64 -0.0216743455118
9.66 -0.0227498933255
9.68 -0.0238126729559
9.7 -0.0248617562879
9.72 -0.0258962287662
9.74 -0.0269151907243
9.76 -0.0279177586309
9.78 -0.0289030662656
9.8 -0.029870265807
9.82 -0.0308185288392
9.84 -0.0317470472784
9.86 -0.0326550342219
9.88 -0.0335417246951
9.9 -0.0344063763492
9.92 -0.0352482700429
9.94 -0.0360667103756
9.96 -0.0368610261314
9.98 -0.0376305706495
10.0 -0.0383747221324
10.02 -0.0390928838856
10.04 -0.0397844844873
10.06 -0.0404489779225
10.08 -0.0410858436356
10.1 -0.0416945865579
10.12 -0.0422747370808
10.14 -0.0428258509918
10.16 -0.0433475093792
10.18 -0.0438393185106
10.2 -0.044300909673
10.22 -0.0447319390253
10.24 -0.0451320873992
10.26 -0.045501060122
10.28 -0.0458385868251
10.3 -0.0461444212403
10.32 -0.046418341024
10.34 -0.0466601475734
10.36 -0.0468696658556
10.38 -0.0470467442615
10.4 -0.0471912544674
10.42 -0.0473030913252
10.44 -0.0473821727706
10.46 -0.0474284397609
10.48 -0.0474418562312
10.5 -0.0474224090939
10.52 -0.0473701082423
10.54 -0.0472849866095
10.56 -0.0471671002312
10.58 -0.0470165283522
10.6 -0.0468333735499
10.62 -0.0466177618863
10.64 -0.0463698430824
10.66 -0.0460897907078
10.68 -0.0457778023963
10.7 -0.0454341000647
10.72 -0.0450589301537
10.74 -0.0446525638656
10.76 -0.0442152974073
10.78 -0.0437474522401
10.8 -0.0432493753005
10.82 -0.0427214392425
10.84 -0.0421640426262
10.86 -0.0415776101139
10.88 -0.0409625926246
10.9 -0.0403194674539
10.92 -0.0396487383684
10.94 -0.0389509356384
10.96 -0.0382266160366
10.98 -0.0374763627785
11.0 -0.0367007853943
11.02 -0.0359005195532
11.04 -0.0350762268036
11.06 -0.0342285942499
11.08 -0.0333583341454
11.1 -0.0324661834191
11.12 -0.0315529030917
11.14 -0.0306192776433
11.16 -0.0296661142539
11.18 -0.0286942419919
11.2 -0.0277045108794
11.22 -0.0266977908906
11.24 -0.0256749708502
11.26 -0.0246369572446
11.28 -0.0235846729458
11.3 -0.0225190558491
11.32 -0.0214410574337
11.34 -0.0203516412398
11.36 -0.0192517812716
11.38 -0.0181424603375
11.4 -0.0170246683213
11.42 -0.0158994003941
11.44 -0.0147676551816
11.46 -0.0136304328832
11.48 -0.0124887333568
11.5 -0.0113435541652
11.52 -0.010195888627
11.54 -0.00904672381907
11.56 -0.00789703860871
11.58 -0.00674780167358
11.6 -0.00559996953508
11.62 -0.00445448462811
11.64 -0.00331227338536
11.66 -0.0021742443734
11.68 -0.00104128647945
11.7 8.57328564216e-05
11.72 0.00120596932959
11.74 0.00231860339691
11.76 0.00342284181056
11.78 0.00451791908138
11.8 0.00560309882926
11.82 0.0066776750468
11.84 0.00774097325191
11.86 0.00879235153323
11.88 0.00983120147998
11.9 0.0108569489931
11.92 0.0118690549752
11.94 0.0128670159026
11.96 0.0138503642656
11.98 0.0148186688815
12.0 0.0157715350981
12.02 0.0167086048402
12.04 0.0176295565661
12.06 0.0185341050686
12.08 0.019422001177
12.1 0.0202930313246
12.12 0.0211470170108
12.14 0.0219838141366
12.16 0.022803312248
12.18 0.0236054336591
12.2 0.0243901324863
12.22 0.0251573935822
12.24 0.0259072313824
12.26 0.0266396886734
12.28 0.0273548352741
12.3 0.0280527666581
12.32 0.0287336025075
12.34 0.0293974852091
12.36 0.0300445783062
12.38 0.0306750649009
12.4 0.0312891460331
12.42 0.0318870390213
12.44 0.0324689757922
12.46 0.0330352011916
12.48 0.0335859713011
12.5 0.0341215517449
12.52 0.0346422160224
12.54 0.035148243846
12.56 0.0356399195153
12.58 0.0361175303171
12.6 0.0365813649685
12.62 0.0370317121109
12.64 0.0374688588483
12.66 0.0378930893575
12.68 0.0383046835501
12.7 0.0387039158256
12.72 0.0390910538778
12.74 0.0394663576096
12.76 0.0398300781082
12.78 0.0401824567342
12.8 0.0405237242904
12.82 0.0408541002884
12.84 0.0411737923267
12.86 0.0414829955539
12.88 0.0417818922459
12.9 0.0420706514828
12.92 0.0423494289246
12.94 0.0426183666945
12.96 0.0428775933585
12.98 0.0431272240035
13.0 0.0433673604102
13.02 0.043598091314
13.04 0.0438194927601
13.06 0.044031628524
13.08 0.0442345506267
13.1 0.0444282999003
13.12 0.0446129066267
13.14 0.0447883912223
13.16 0.0449547649743
13.18 0.0451120308103
13.2 0.0452601840974
13.22 0.0453992134574
13.24 0.0455291015988
13.26 0.0456498261419
13.28 0.0457613604391
13.3 0.0458636743765
13.32 0.0459567351526
13.34 0.0460405080108
13.36 0.0461149569447
13.38 0.0461800453372
13.4 0.0462357365521
13.42 0.0462819944544
13.44 0.046318783866
13.46 0.0463460709425
13.48 0.0463638234751
13.5 0.0463720111056
13.52 0.046370605466
13.54 0.0463595802239
13.56 0.0463389110522
13.58 0.0463085755093
13.6 0.0462685528411
13.62 0.0462188237015
13.64 0.0461593698029
13.66 0.0460901734896
13.68 0.0460112172568
13.7 0.0459224831991
13.72 0.0458239524201
13.74 0.045715604391
13.76 0.0455974162735
13.78 0.0454693622217
13.8 0.0453314126609
13.82 0.0451835335556
13.84 0.0450256856832
13.86 0.044857823913
13.88 0.0446798965027
13.9 0.0444918444236
13.92 0.0442936007208
13.94 0.0440850899171
13.96 0.043866227468
13.98 0.043636919278
14.0 0.0433970612772
14.02 0.0431465390831
14.04 0.0428852277201
14.06 0.0426129914423
14.08 0.0423296836305
14.1 0.0420351467867
14.12 0.0417292126176
14.14 0.0414117022146
14.16 0.0410824263418
14.18 0.0407411857982
14.2 0.0403877719051
14.22 0.0400219670708
14.24 0.0396435454615
14.26 0.0392522737607
14.28 0.0388479120207
14.3 0.0384302146071
14.32 0.0379989312164
14.34 0.037553807986
14.36 0.0370945886659
14.38 0.0366210158777
14.4 0.0361328324128
14.42 0.0356297826142
14.44 0.0351116137913
14.46 0.0345780776938
14.48 0.034028932007
14.5 0.0334639418944
14.52 0.0328828815591
14.54 0.0322855358128
14.56 0.0316717016651
14.58 0.031041189911
14.6 0.0303938267062
14.62 0.0297294551359
14.64 0.0290479367557
14.66 0.0283491531115
14.68 0.0276330072106
14.7 0.0268994249613
14.72 0.0261483565522
14.74 0.0253797777808
14.76 0.0245936913087
14.78 0.0237901278528
14.8 0.0229691472981
14.82 0.022130839724
14.84 0.0212753263391
14.86 0.0204027603339
14.88 0.0195133276183
14.9 0.0186072474733
14.92 0.0176847730762
14.94 0.0167461919347
14.96 0.0157918261958
14.98 0.0148220328388
15.0 0.0138372037581
15.02 0.012837765723
15.04 0.0118241802174
15.06 0.0107969431568
15.08 0.0097565844988
15.1 0.00870366771924
15.12 0.00763878918406
15.14 0.00656257740289
15.16 0.00547569216667
15.18 0.00437882359155
15.2 0.00327269104127
15.22 0.0021580419607
15.24 0.00103565061792
15.26 -9.36832513989e-05
15.28 -0.00122913588052
15.3 -0.00236986097426
15.32 -0.00351499129768
15.34 -0.00466364031137
15.36 -0.00581490387913
15.38 -0.00696786199987
15.4 -0.0081215806047
15.42 -0.00927511337022
15.44 -0.0104275035539
15.46 -0.0115777858605
15.48 -0.0127249882927
15.5 -0.0138681340281
15.52 -0.0150062432607
15.54 -0.0161383350512
15.56 -0.0172634291306
15.58 -0.0183805476972
15.6 -0.0194887171481
15.62 -0.0205869697973
15.64 -0.0216743455121
15.66 -0.0227498933249
15.68 -0.0238126729565
15.7 -0.0248617562872
15.72 -0.0258962287667
15.74 -0.0269151907242
15.76 -0.027917758631
15.78 -0.0289030662654
15.8 -0.029870265807
15.82 -0.0308185288392
15.84 -0.0317470472788
15.86 -0.0326550342213
15.88 -0.033541724695
15.9 -0.03440637635
15.92 -0.035248270042
15.94 -0.036066710376
15.96 -0.0368610261314
15.98 -0.0376305706495
16.0 -0.0383747221326
16.02 -0.0390928838849
16.04 -0.0397844844882
16.06 -0.0404489779221
16.08 -0.0410858436354
16.1 -0.0416945865581
16.12 -0.0422747370807
16.14 -0.0428258509918
16.16 -0.0433475093796
16.18 -0.0438393185098
16.2 -0.0443009096734
16.22 -0.0447319390253
16.24 -0.0451320873989
16.26 -0.0455010601226
16.28 -0.045838586825
16.3 -0.0461444212398
16.32 -0.0464183410245
16.34 -0.0466601475733
16.36 -0.0468696658556
16.38 -0.0470467442615
16.4 -0.0471912544674
16.42 -0.0473030913252
16.44 -0.0473821727706
16.46 -0.0474284397609
16.48 -0.0474418562312
16.5 -0.0474224090939
16.52 -0.0473701082423
16.54 -0.0472849866095
16.56 -0.0471671002312
16.58 -0.0470165283522
16.6 -0.0468333735497
16.62 -0.0466177618867
16.64 -0.046369843082
16.66 -0.0460897907082
16.68 -0.0457778023964
16.7 -0.045434100064
16.72 -0.0450589301541
16.74 -0.0446525638653
16.76 -0.0442152974078
16.78 -0.0437474522398
16.8 -0.0432493753005
16.82 -0.0427214392426
16.84 -0.0421640426261
16.86 -0.0415776101138
16.88 -0.0409625926244
16.9 -0.0403194674549
16.92 -0.0396487383675
16.94 -0.0389509356388
16.96 -0.0382266160363
16.98 -0.0374763627789
17.0 -0.0367007853941
17.02 -0.0359005195531
17.04 -0.0350762268038
17.06 -0.0342285942497
17.08 -0.0333583341454
17.1 -0.0324661834192
17.12 -0.0315529030915
17.14 -0.0306192776431
17.16 -0.0296661142541
17.18 -0.0286942419923
17.2 -0.0277045108793
17.22 -0.0266977908904
17.24 -0.0256749708501
17.26 -0.0246369572448
17.28 -0.0235846729458
17.3 -0.0225190558487
17.32 -0.021441057434
17.34 -0.02035164124
17.36 -0.0192517812714
17.38 -0.0181424603375
17.4 -0.0170246683212
17.42 -0.0158994003948
17.44 -0.0147676551809
17.46 -0.0136304328832
17.48 -0.0124887333561
17.5 -0.0113435541664
17.52 -0.0101958886265
17.54 -0.00904672381887
17.56 -0.00789703860933
17.58 -0.00674780167285
17.6 -0.0055999695354
17.62 -0.00445448462833
17.64 -0.00331227338533
17.66 -0.00217424437299
17.68 -0.00104128647988
17.7 8.57328569568e-05
17.72 0.00120596932928
17.74 0.00231860339691
17.76 0.00342284181056
17.78 0.00451791908105
17.8 0.00560309883014
17.82 0.00667767504624
17.84 0.00774097325202
17.86 0.00879235153232
17.88 0.00983120148123
17.9 0.0108569489925
17.92 0.0118690549754
17.94 0.0128670159025
17.96 0.0138503642656
17.98 0.0148186688818
18.0 0.0157715350975
18.02 0.016708604841
18.04 0.0176295565659
18.06 0.0185341050684
18.08 0.0194220011762
18.1 0.020293031326
18.12 0.0211470170101
18.14 0.0219838141367
18.16 0.0228033122481
18.18 0.0236054336589
18.2 0.0243901324868
18.22 0.0251573935808
18.24 0.0259072313838
18.26 0.0266396886731
18.28 0.0273548352736
18.3 0.0280527666579
18.32 0.028733602508
18.34 0.0293974852095
18.36 0.0300445783056
18.38 0.0306750649011
18.4 0.0312891460331
18.42 0.0318870390214
18.44 0.0324689757919
18.46 0.0330352011921
18.48 0.0335859713005
18.5 0.0341215517453
18.52 0.0346422160215
18.54 0.0351482438471
18.56 0.0356399195151
18.58 0.0361175303167
18.6 0.0365813649687
18.62 0.0370317121109
18.64 0.0374688588486
18.66 0.0378930893568
18.68 0.0383046835508
18.7 0.0387039158252
18.72 0.0390910538781
18.74 0.0394663576088
18.76 0.0398300781088
18.78 0.0401824567346
18.8 0.0405237242896
18.82 0.0408541002889
18.84 0.0411737923265
18.86 0.0414829955539
18.88 0.0417818922457
18.9 0.0420706514831
18.92 0.0423494289245
18.94 0.0426183666944
18.96 0.042877593358
18.98 0.0431272240042
19.0 0.04336736041
19.02 0.043598091314
19.04 0.04381949276
19.06 0.044031628524
19.08 0.0442345506267
19.1 0.0444282999004
19.12 0.0446129066268
19.14 0.0447883912222
19.16 0.0449547649741
19.18 0.0451120308103
19.2 0.0452601840974
19.22 0.0453992134574
19.24 0.0455291015989
19.26 0.0456498261418
19.28 0.0457613604391
19.3 0.0458636743765
19.32 0.0459567351526
19.34 0.0460405080107
19.36 0.0461149569448
19.38 0.0461800453372
19.4 0.0462357365521
19.42 0.0462819944544
19.44 0.046318783866
19.46 0.0463460709425
19.48 0.0463638234751
19.5 0.0463720111056
19.52 0.046370605466
19.54 0.0463595802239
19.56 0.0463389110521
19.58 0.0463085755096
19.6 0.046268552841
19.62 0.0462188237014
19.64 0.0461593698029
19.66 0.0460901734896
19.68 0.0460112172568
19.7 0.0459224831991
19.72 0.0458239524201
19.74 0.045715604391
19.76 0.0455974162733
19.78 0.045469362222
19.8 0.0453314126607
19.82 0.0451835335558
19.84 0.045025685683
19.86 0.044857823913
19.88 0.0446798965028
19.9 0.0444918444236
19.92 0.0442936007208
19.94 0.0440850899171
19.96 0.043866227468
19.98 0.0436369192778
20.0 0.0433970612774
20.02 0.0431465390832
20.04 0.0428852277202
20.06 0.042612991442
20.08 0.0423296836304
20.1 0.0420351467868
20.12 0.0417292126176
20.14 0.0414117022146
20.16 0.0410824263418
20.18 0.040741185798
20.2 0.0403877719053
20.22 0.0400219670708
20.24 0.0396435454615
20.26 0.0392522737609
20.28 0.0388479120206
20.3 0.0384302146069
20.32 0.0379989312165
20.34 0.0375538079858
20.36 0.0370945886664
20.38 0.0366210158771
20.4 0.0361328324133
20.42 0.0356297826137
20.44 0.0351116137919
20.46 0.0345780776933
20.48 0.0340289320071
20.5 0.033463941895
20.52 0.0328828815584
20.54 0.0322855358126
20.56 0.0316717016654
20.58 0.0310411899113
20.6 0.0303938267061
20.62 0.029729455135
20.64 0.0290479367571
20.66 0.0283491531104
20.68 0.0276330072113
20.7 0.0268994249612
20.72 0.026148356552
20.74 0.025379777781
20.76 0.0245936913079
20.78 0.0237901278534
20.8 0.0229691472985
20.82 0.0221308397234
20.84 0.0212753263394
20.86 0.0204027603334
20.88 0.019513327619
20.9 0.0186072474724
20.92 0.0176847730767
20.94 0.0167461919354
20.96 0.0157918261952
20.98 0.0148220328382
21.0 0.0138372037588
21.02 0.0128377657225
21.04 0.0118241802178
21.06 0.0107969431562
21.08 0.00975658449995
21.1 0.00870366771787
21.12 0.00763878918507
21.14 0.00656257740256
21.16 0.00547569216667
21.18 0.00437882359155
21.2 0.00327269104082
21.22 0.00215804196147
21.24 0.00103565061802
21.26 -9.36832524785e-05
21.28 -0.00122913587956
21.3 -0.00236986097458
21.32 -0.00351499129725
21.34 -0.00466364031286
21.36 -0.00581490387743
21.38 -0.00696786200051
21.4 -0.0081215806047
21.42 -0.00927511337022
21.44 -0.0104275035537
21.46 -0.011577785861
21.48 -0.0127249882923
21.5 -0.0138681340286
21.52 -0.0150062432599
21.54 -0.0161383350518
21.56 -0.0172634291302
21.58 -0.0183805476974
21.6 -0.0194887171481
21.62 -0.0205869697973
21.64 -0.0216743455121
21.66 -0.0227498933249
21.68 -0.0238126729561
21.7 -0.0248617562882
21.72 -0.0258962287659
21.74 -0.0269151907246
21.76 -0.0279177586306
21.78 -0.0289030662662
21.8 -0.0298702658064
21.82 -0.0308185288394
21.84 -0.0317470472788
21.86 -0.0326550342213
21.88 -0.0335417246949
21.9 -0.0344063763502
21.92 -0.0352482700419
21.94 -0.036066710376
21.96 -0.0368610261312
21.98 -0.03763057065
22.0 -0.0383747221321
22.02 -0.0390928838851
22.04 -0.0397844844882
22.06 -0.0404489779221
22.08 -0.0410858436354
22.1 -0.0416945865581
22.12 -0.0422747370808
22.14 -0.0428258509915
22.16 -0.0433475093795
22.18 -0.0438393185104
22.2 -0.044300909673
22.22 -0.0447319390254
22.24 -0.0451320873987
22.26 -0.0455010601227
22.28 -0.045838586825
22.3 -0.0461444212398
22.32 -0.0464183410245
22.34 -0.0466601475733
22.36 -0.0468696658556
22.38 -0.0470467442615
22.4 -0.0471912544674
22.42 -0.0473030913252
22.44 -0.0473821727706
22.46 -0.0474284397609
22.48 -0.0474418562312
22.5 -0.0474224090939
22.52 -0.0473701082423
22.54 -0.0472849866095
22.56 -0.0471671002312
22.58 -0.0470165283522
22.6 -0.0468333735499
22.62 -0.0466177618863
22.64 -0.0463698430822
22.66 -0.0460897907081
22.68 -0.0457778023966
22.7 -0.0454341000639
22.72 -0.0450589301541
22.74 -0.0446525638653
22.76 -0.0442152974082
22.78 -0.0437474522388
22.8 -0.0432493753013
22.82 -0.0427214392424
22.84 -0.042164042626
22.86 -0.0415776101139
22.88 -0.0409625926244
22.9 -0.0403194674548
22.92 -0.0396487383675
22.94 -0.0389509356388
22.96 -0.0382266160363
22.98 -0.0374763627789
23.0 -0.0367007853941
23.02 -0.0359005195529
23.04 -0.0350762268043
23.06 -0.0342285942491
23.08 -0.033358334146
23.1 -0.0324661834182
23.12 -0.0315529030929
23.14 -0.0306192776424
23.16 -0.0296661142541
23.18 -0.0286942419923
23.2 -0.0277045108793
23.22 -0.0266977908905
23.24 -0.0256749708501
23.26 -0.0246369572445
23.28 -0.0235846729459
23.3 -0.0225190558484
23.32 -0.0214410574345
23.34 -0.0203516412397
23.36 -0.0192517812714
23.38 -0.0181424603375
23.4 -0.0170246683212
23.42 -0.0158994003942
23.44 -0.0147676551819
23.46 -0.0136304328827
23.48 -0.0124887333569
23.5 -0.0113435541649
23.52 -0.0101958886273
23.54 -0.00904672381931
23.56 -0.00789703860889
23.58 -0.00674780167286
23.6 -0.0055999695354
23.62 -0.00445448462821
23.64 -0.00331227338556
23.66 -0.00217424437267
23.68 -0.00104128648019
23.7 8.57328571733e-05
23.72 0.00120596932927
23.74 0.00231860339691
23.76 0.00342284181002
23.78 0.00451791908182
23.8 0.00560309882948
23.82 0.00667767504658
23.84 0.00774097325202
23.86 0.00879235153266
23.88 0.00983120148054
23.9 0.0108569489933
23.92 0.0118690549741
23.94 0.0128670159042
23.96 0.0138503642643
23.98 0.0148186688819
24.0 0.0157715350982
24.02 0.0167086048406
24.04 0.0176295565659
24.06 0.0185341050681
24.08 0.0194220011769
24.1 0.0202930313258
24.12 0.0211470170097
24.14 0.0219838141371
24.16 0.0228033122478
24.18 0.0236054336596
24.2 0.0243901324857
24.22 0.0251573935816
24.24 0.0259072313834
24.26 0.0266396886731
24.28 0.027354835274
24.3 0.0280527666578
24.32 0.0287336025075
24.34 0.0293974852097
24.36 0.0300445783057
24.38 0.0306750649015
24.4 0.0312891460325
24.42 0.0318870390216
24.44 0.0324689757923
24.46 0.0330352011919
24.48 0.0335859713005
24.5 0.0341215517451
24.52 0.0346422160219
24.54 0.0351482438471
24.56 0.0356399195147
24.58 0.0361175303173
24.6 0.036581364968
24.62 0.0370317121114
24.64 0.0374688588482
24.66 0.037893089357
24.68 0.0383046835508
24.7 0.0387039158249
24.72 0.039091053878
24.74 0.0394663576101
24.76 0.0398300781075
24.78 0.0401824567349
24.8 0.0405237242898
24.82 0.040854100289
24.84 0.0411737923263
24.86 0.0414829955537
24.88 0.0417818922463
24.9 0.0420706514829
24.92 0.0423494289245
24.94 0.0426183666944
24.96 0.0428775933582
24.98 0.0431272240042
25.0 0.0433673604099
25.02 0.0435980913142
25.04 0.0438194927597
25.06 0.044031628524
25.08 0.044234550627
25.1 0.0444282999002
25.12 0.0446129066268
25.14 0.044788391222
25.16 0.0449547649742
25.18 0.0451120308107
25.2 0.0452601840971
25.22 0.0453992134574
25.24 0.0455291015989
25.26 0.0456498261419
25.28 0.0457613604389
25.3 0.0458636743767
25.32 0.0459567351526
25.34 0.0460405080107
25.36 0.0461149569448
25.38 0.0461800453372
25.4 0.0462357365521
25.42 0.0462819944544
25.44 0.046318783866
25.46 0.0463460709425
25.48 0.0463638234751
25.5 0.0463720111056
25.52 0.046370605466
25.54 0.0463595802239
25.56 0.0463389110521
25.58 0.0463085755096
25.6 0.046268552841
25.62 0.0462188237014
25.64 0.0461593698029
25.66 0.0460901734896
25.68 0.0460112172568
25.7 0.045922483199
25.72 0.0458239524203
25.74 0.045715604391
25.76 0.0455974162732
25.78 0.0454693622221
25.8 0.0453314126606
25.82 0.0451835335557
25.84 0.0450256856831
25.86 0.0448578239129
25.88 0.0446798965028
25.9 0.0444918444234
25.92 0.0442936007212
25.94 0.044085089917
25.96 0.0438662274679
25.98 0.0436369192779
26.0 0.0433970612774
26.02 0.0431465390835
26.04 0.0428852277193
26.06 0.0426129914429
26.08 0.0423296836306
26.1 0.0420351467862
26.12 0.0417292126177
26.14 0.0414117022149
26.16 0.0410824263418
26.18 0.0407411857983
26.2 0.0403877719042
26.22 0.040021967072
26.24 0.0396435454614
26.26 0.0392522737599
26.28 0.0388479120214
26.3 0.0384302146068
26.32 0.0379989312165
26.34 0.0375538079854
26.36 0.0370945886666
26.38 0.0366210158783
26.4 0.0361328324119
26.42 0.0356297826139
26.44 0.0351116137919
26.46 0.0345780776939
26.48 0.0340289320058
26.5 0.0334639418958
26.52 0.0328828815587
26.54 0.0322855358118
26.56 0.0316717016659
26.58 0.0310411899106
26.6 0.0303938267066
26.62 0.0297294551359
26.64 0.0290479367549
26.66 0.0283491531126
26.68 0.0276330072106
26.7 0.0268994249603
26.72 0.0261483565532
26.74 0.0253797777805
26.76 0.0245936913081
26.78 0.023790127853
26.8 0.0229691472982
26.82 0.0221308397249
26.84 0.0212753263384
26.86 0.0204027603334
26.88 0.0195133276188
26.9 0.0186072474732
26.92 0.0176847730755
26.94 0.0167461919362
26.96 0.0157918261954
26.98 0.0148220328376
27.0 0.0138372037588
27.02 0.0128377657226
27.04 0.0118241802179
27.06 0.0107969431569
27.08 0.0097565844982
27.1 0.00870366772006
27.12 0.00763878918416
27.14 0.0065625774012
27.16 0.00547569216835
27.18 0.00437882359088
27.2 0.00327269104093
27.22 0.00215804196169
27.24 0.00103565061683
27.26 -9.36832503147e-05
27.28 -0.00122913588118
27.3 -0.00236986097415
27.32 -0.00351499129768
27.34 -0.00466364031159
27.36 -0.00581490387943
27.38 -0.00696786199863
27.4 -0.00812158060564
27.42 -0.00927511336978
27.44 -0.0104275035545
27.46 -0.0115777858602
27.48 -0.0127249882925
27.5 -0.0138681340279
27.52 -0.0150062432614
27.54 -0.01613833505
27.56 -0.0172634291314
27.58 -0.0183805476974
27.6 -0.0194887171481
27.62 -0.0205869697968
27.64 -0.0216743455123
27.66 -0.0227498933245
27.68 -0.0238126729572
27.7 -0.0248617562869
27.72 -0.0258962287667
27.74 -0.0269151907239
27.76 -0.0279177586312
27.78 -0.0289030662657
27.8 -0.029870265807
27.82 -0.0308185288383
27.84 -0.0317470472793
27.86 -0.0326550342218
27.88 -0.0335417246947
27.9 -0.0344063763501
27.92 -0.0352482700421
27.94 -0.0360667103756
27.96 -0.036861026132
27.98 -0.037630570649
28.0 -0.038374722133
28.02 -0.0390928838848
28.04 -0.0397844844878
28.06 -0.0404489779224
28.08 -0.0410858436354
28.1 -0.0416945865582
28.12 -0.0422747370804
28.14 -0.0428258509919
28.16 -0.0433475093796
28.18 -0.0438393185098
28.2 -0.0443009096734
28.22 -0.0447319390254
28.24 -0.0451320873989
28.26 -0.0455010601223
28.28 -0.045838586825
28.3 -0.0461444212402
28.32 -0.0464183410243
28.34 -0.0466601475733
28.36 -0.0468696658556
28.38 -0.0470467442615
28.4 -0.0471912544674
28.42 -0.0473030913252
28.44 -0.0473821727706
28.46 -0.0474284397609
28.48 -0.0474418562312
28.5 -0.0474224090939
28.52 -0.0473701082423
28.54 -0.0472849866095
28.56 -0.0471671002312
28.58 -0.0470165283522
28.6 -0.0468333735497
28.62 -0.0466177618867
28.64 -0.046369843082
28.66 -0.0460897907082
28.68 -0.0457778023961
28.7 -0.0454341000646
28.72 -0.0450589301539
28.74 -0.0446525638653
28.76 -0.0442152974078
28.78 -0.0437474522398
28.8 -0.0432493753006
28.82 -0.0427214392422
28.84 -0.0421640426264
28.86 -0.0415776101137
28.88 -0.0409625926247
28.9 -0.0403194674538
28.92 -0.0396487383687
28.94 -0.0389509356384
28.96 -0.0382266160363
28.98 -0.037476362779
29.0 -0.0367007853939
29.02 -0.0359005195532
29.04 -0.0350762268038
29.06 -0.0342285942495
29.08 -0.033358334146
29.1 -0.0324661834187
29.12 -0.0315529030918
29.14 -0.030619277643
29.16 -0.0296661142545
29.18 -0.0286942419915
29.2 -0.0277045108797
29.22 -0.0266977908904
29.24 -0.0256749708499
29.26 -0.0246369572453
29.28 -0.0235846729449
29.3 -0.0225190558497
29.32 -0.0214410574339
29.34 -0.0203516412392
29.36 -0.0192517812717
29.38 -0.0181424603386
29.4 -0.0170246683198
29.42 -0.0158994003953
29.44 -0.0147676551807
29.46 -0.0136304328836
29.48 -0.0124887333558
29.5 -0.0113435541662
29.52 -0.0101958886268
29.54 -0.00904672381948
29.56 -0.00789703860851
29.58 -0.00674780167305
29.6 -0.00559996953571
29.62 -0.00445448462761
29.64 -0.00331227338532
29.66 -0.00217424437394
29.68 -0.00104128647881
29.7 8.57328554573e-05
29.72 0.00120596933122
29.74 0.0023186033955
29.76 0.00342284181078
29.78 0.00451791908193
29.8 0.00560309882904
29.82 0.00667767504591
29.84 0.00774097325304
29.86 0.00879235153277
29.88 0.00983120148032
29.9 0.0108569489927
29.92 0.0118690549756
29.94 0.0128670159026
29.96 0.0138503642649
29.98 0.0148186688814
30.0 0.0157715350987
30.02 0.0167086048405
30.04 0.0176295565654
30.06 0.0185341050694
30.08 0.0194220011762
30.1 0.0202930313248
30.12 0.0211470170115
30.14 0.0219838141356
30.16 0.0228033122488
30.18 0.0236054336584
30.2 0.0243901324864
30.22 0.0251573935826
30.24 0.0259072313822
30.26 0.0266396886726
30.28 0.0273548352752
30.3 0.0280527666576
30.32 0.0287336025074
30.34 0.0293974852095
30.36 0.0300445783062
30.38 0.0306750649006
30.4 0.0312891460332
30.42 0.0318870390209
30.44 0.0324689757926
30.46 0.0330352011919
30.48 0.0335859713003
30.5 0.0341215517458
30.52 0.0346422160218
30.54 0.0351482438457
30.56 0.0356399195163
30.58 0.0361175303167
30.6 0.0365813649684
30.62 0.0370317121111
30.64 0.0374688588485
30.66 0.037893089357
30.68 0.0383046835506
30.7 0.0387039158247
30.72 0.0390910538786
30.74 0.0394663576094
30.76 0.0398300781077
30.78 0.0401824567356
30.8 0.0405237242889
30.82 0.0408541002896
30.84 0.0411737923258
30.86 0.0414829955537
30.88 0.0417818922469
30.9 0.0420706514819
30.92 0.042349428925
30.94 0.0426183666946
30.96 0.0428775933584
30.98 0.0431272240031
31.0 0.0433673604106
31.02 0.0435980913142
31.04 0.0438194927598
31.06 0.044031628524
31.08 0.0442345506267
31.1 0.0444282999005
31.12 0.0446129066266
31.14 0.0447883912217
31.16 0.0449547649747
31.18 0.0451120308103
31.2 0.0452601840971
31.22 0.0453992134578
31.24 0.0455291015986
31.26 0.0456498261421
31.28 0.0457613604386
31.3 0.0458636743768
31.32 0.0459567351526
31.34 0.0460405080107
31.36 0.0461149569448
31.38 0.0461800453372
31.4 0.0462357365521
31.42 0.0462819944544
31.44 0.0463187838661
31.46 0.0463460709425
31.48 0.0463638234751
31.5 0.0463720111056
31.52 0.046370605466
31.54 0.0463595802239
31.56 0.0463389110522
31.58 0.0463085755095
31.6 0.0462685528409
31.62 0.0462188237015
31.64 0.0461593698029
31.66 0.0460901734895
31.68 0.046011217257
31.7 0.0459224831988
31.72 0.0458239524206
31.74 0.0457156043908
31.76 0.045597416273
31.78 0.0454693622224
31.8 0.0453314126606
31.82 0.0451835335556
31.84 0.0450256856831
31.86 0.0448578239131
31.88 0.0446798965026
31.9 0.0444918444235
31.92 0.0442936007209
31.94 0.044085089917
31.96 0.0438662274683
31.98 0.0436369192774
32.0 0.043397061278
32.02 0.0431465390828
32.04 0.0428852277198
32.06 0.0426129914425
32.08 0.0423296836308
32.1 0.0420351467859
32.12 0.0417292126181
32.14 0.0414117022143
32.16 0.0410824263426
32.18 0.0407411857982
32.2 0.0403877719038
32.22 0.0400219670722
32.24 0.0396435454609
32.26 0.0392522737609
32.28 0.0388479120207
32.3 0.0384302146075
32.32 0.0379989312159
32.34 0.0375538079857
32.36 0.0370945886664
32.38 0.0366210158776
32.4 0.0361328324127
32.42 0.0356297826139
32.44 0.0351116137925
32.46 0.034578077693
32.48 0.0340289320065
32.5 0.033463941895
32.52 0.0328828815595
32.54 0.0322855358113
32.56 0.0316717016665
32.58 0.0310411899098
32.6 0.0303938267077
32.62 0.0297294551356
32.64 0.0290479367544
32.66 0.0283491531129
32.68 0.02763300721
32.7 0.026899424961
32.72 0.0261483565534
32.74 0.02537977778
32.76 0.0245936913083
32.78 0.0237901278528
32.8 0.0229691472988
32.82 0.0221308397234
32.84 0.0212753263391
32.86 0.0204027603341
32.88 0.0195133276188
32.9 0.0186072474726
32.92 0.0176847730758
32.94 0.0167461919354
32.96 0.0157918261965
32.98 0.0148220328367
33.0 0.0138372037598
33.02 0.0128377657219
33.04 0.0118241802184
33.06 0.0107969431569
33.08 0.00975658449762
33.1 0.0087036677203
33.12 0.00763878918392
33.14 0.00656257740211
33.16 0.00547569216791
33.18 0.0043788235911
33.2 0.0032726910406
33.22 0.00215804196103
33.24 0.00103565061813
33.26 -9.36832517205e-05
33.28 -0.00122913588053
33.3 -0.00236986097415
33.32 -0.00351499129661
33.34 -0.00466364031296
33.36 -0.0058149038788
33.38 -0.00696786199935
33.4 -0.00812158060429
33.42 -0.00927511337156
33.44 -0.0104275035532
33.46 -0.0115777858593
33.48 -0.0127249882948
33.5 -0.0138681340264
33.52 -0.0150062432623
33.54 -0.0161383350495
33.56 -0.0172634291319
33.58 -0.0183805476966
33.6 -0.0194887171478
33.62 -0.0205869697975
33.64 -0.0216743455121
33.66 -0.0227498933254
33.68 -0.0238126729561
33.7 -0.0248617562874
33.72 -0.0258962287667
33.74 -0.0269151907242
33.76 -0.0279177586301
33.78 -0.0289030662665
33.8 -0.0298702658067
33.82 -0.0308185288391
33.84 -0.0317470472784
33.86 -0.0326550342221
33.88 -0.0335417246948
33.9 -0.0344063763492
33.92 -0.0352482700435
33.94 -0.036066710375
33.96 -0.036861026132
33.98 -0.037630570649
34.0 -0.0383747221328
34.02 -0.0390928838852
34.04 -0.0397844844872
34.06 -0.0404489779229
34.08 -0.0410858436355
34.1 -0.041694586558
34.12 -0.0422747370806
34.14 -0.0428258509917
34.16 -0.0433475093794
34.18 -0.0438393185106
34.2 -0.0443009096727
34.22 -0.0447319390256
34.24 -0.045132087399
34.26 -0.0455010601225
34.28 -0.0458385868243
34.3 -0.0461444212408
34.32 -0.0464183410241
34.34 -0.0466601475731
34.36 -0.0468696658558
34.38 -0.0470467442615
34.4 -0.0471912544674
34.42 -0.0473030913252
34.44 -0.0473821727706
34.46 -0.0474284397609
34.48 -0.0474418562312
34.5 -0.0474224090939
34.52 -0.0473701082423
34.54 -0.0472849866095
34.56 -0.0471671002312
34.58 -0.0470165283522
34.6 -0.0468333735499
34.62 -0.0466177618863
34.64 -0.0463698430822
34.66 -0.0460897907082
34.68 -0.0457778023961
34.7 -0.0454341000646
34.72 -0.0450589301539
34.74 -0.0446525638651
34.76 -0.0442152974082
34.78 -0.0437474522395
34.8 -0.0432493753006
34.82 -0.0427214392425
34.84 -0.0421640426258
34.86 -0.0415776101144
34.88 -0.0409625926242
34.9 -0.040319467454
34.92 -0.0396487383686
34.94 -0.0389509356383
34.96 -0.0382266160364
34.98 -0.0374763627785
35.0 -0.0367007853943
35.02 -0.0359005195532
35.04 -0.0350762268041
35.06 -0.0342285942494
35.08 -0.0333583341456
35.1 -0.0324661834187
35.12 -0.0315529030921
35.14 -0.0306192776425
35.16 -0.029666114255
35.18 -0.0286942419909
35.2 -0.0277045108803
35.22 -0.0266977908909
35.24 -0.0256749708487
35.26 -0.0246369572457
35.28 -0.0235846729448
35.3 -0.0225190558502
35.32 -0.0214410574337
35.34 -0.0203516412388
35.36 -0.0192517812724
35.38 -0.0181424603373
35.4 -0.0170246683214
35.42 -0.0158994003933
35.44 -0.014767655182
35.46 -0.0136304328834
35.48 -0.0124887333565
35.5 -0.0113435541656
35.52 -0.0101958886263
35.54 -0.00904672381971
35.56 -0.00789703860849
35.58 -0.00674780167326
35.6 -0.00559996953602
35.62 -0.00445448462719
35.64 -0.00331227338563
35.66 -0.00217424437394
35.68 -0.00104128647839
35.7 8.57328554612e-05
35.72 0.0012059693311
35.74 0.00231860339507
35.76 0.00342284181067
35.78 0.00451791908281
35.8 0.00560309882826
35.82 0.00667767504713
35.84 0.00774097325158
35.86 0.00879235153345
35.88 0.00983120148054
35.9 0.0108569489923
35.92 0.0118690549748
35.94 0.0128670159037
35.96 0.0138503642647
35.98 0.0148186688827
36.0 0.0157715350972
36.02 0.0167086048408
36.04 0.0176295565654
36.06 0.018534105069
36.08 0.0194220011767
36.1 0.0202930313246
36.12 0.0211470170116
36.14 0.0219838141354
36.16 0.0228033122492
36.18 0.0236054336579
36.2 0.0243901324863
36.22 0.0251573935831
36.24 0.0259072313815
36.26 0.0266396886742
36.28 0.0273548352736
36.3 0.0280527666585
36.32 0.0287336025064
36.34 0.0293974852111
36.36 0.0300445783045
36.38 0.0306750649016
36.4 0.0312891460331
36.42 0.0318870390215
36.44 0.0324689757922
36.46 0.0330352011916
36.48 0.0335859713003
36.5 0.0341215517458
36.52 0.0346422160222
36.54 0.0351482438455
36.56 0.0356399195168
36.58 0.0361175303156
36.6 0.0365813649695
36.62 0.0370317121098
36.64 0.0374688588486
36.66 0.0378930893581
36.68 0.0383046835495
36.7 0.0387039158258
36.72 0.039091053878
36.74 0.0394663576094
36.76 0.0398300781077
36.78 0.040182456735
36.8 0.04052372429
36.82 0.0408541002886
36.84 0.0411737923267
36.86 0.0414829955537
36.88 0.0417818922462
36.9 0.0420706514824
36.92 0.0423494289245
36.94 0.0426183666949
36.96 0.0428775933584
36.98 0.0431272240031
37.0 0.043367360411
37.02 0.0435980913133
37.04 0.0438194927605
37.06 0.0440316285234
37.08 0.0442345506268
37.1 0.044428299901
37.12 0.044612906626
37.14 0.0447883912225
37.16 0.0449547649743
37.18 0.0451120308103
37.2 0.0452601840971
37.22 0.0453992134578
37.24 0.0455291015987
37.26 0.045649826142
37.28 0.0457613604387
37.3 0.0458636743767
37.32 0.0459567351526
37.34 0.0460405080107
37.36 0.0461149569447
37.38 0.0461800453373
37.4 0.0462357365521
37.42 0.0462819944544
37.44 0.0463187838661
37.46 0.0463460709425
37.48 0.0463638234751
37.5 0.0463720111056
37.52 0.046370605466
37.54 0.0463595802238
37.56 0.0463389110523
37.58 0.0463085755092
37.6 0.0462685528411
37.62 0.0462188237015
37.64 0.0461593698029
37.66 0.0460901734897
37.68 0.0460112172565
37.7 0.0459224831992
37.72 0.0458239524201
37.74 0.045715604391
37.76 0.0455974162732
37.78 0.045469362222
37.8 0.045331412661
37.82 0.0451835335554
37.84 0.0450256856831
37.86 0.0448578239131
37.88 0.0446798965023
37.9 0.0444918444242
37.92 0.0442936007201
37.94 0.0440850899179
37.96 0.0438662274683
37.98 0.0436369192766
38.0 0.0433970612784
38.02 0.0431465390828
38.04 0.0428852277198
38.06 0.0426129914425
38.08 0.0423296836308
38.1 0.0420351467864
38.12 0.0417292126172
38.14 0.0414117022151
38.16 0.0410824263417
38.18 0.040741185798
38.2 0.0403877719049
38.22 0.0400219670717
38.24 0.0396435454609
38.26 0.0392522737609
38.28 0.0388479120207
38.3 0.0384302146075
38.32 0.0379989312156
38.34 0.0375538079863
38.36 0.0370945886655
38.38 0.036621015879
38.4 0.0361328324127
38.42 0.0356297826125
38.44 0.0351116137932
38.46 0.034578077693
38.48 0.0340289320065
38.5 0.0334639418948
38.52 0.0328828815597
38.54 0.0322855358118
38.56 0.0316717016652
38.58 0.0310411899112
38.6 0.030393826706
38.62 0.0297294551358
38.64 0.029047936756
38.66 0.0283491531119
38.68 0.0276330072099
38.7 0.0268994249615
38.72 0.0261483565524
38.74 0.0253797777813
38.76 0.0245936913069
38.78 0.0237901278544
38.8 0.0229691472986
38.82 0.0221308397224
38.84 0.0212753263404
38.86 0.0204027603323
38.88 0.0195133276198
38.9 0.0186072474724
38.92 0.0176847730759
38.94 0.0167461919362
38.96 0.0157918261951
38.98 0.014822032838
39.0 0.0138372037586
39.02 0.012837765723
39.04 0.0118241802175
39.06 0.0107969431567
39.08 0.00975658449867
39.1 0.00870366771983
39.12 0.00763878918392
39.14 0.00656257740211
39.16 0.00547569216723
39.18 0.00437882359244
39.2 0.00327269103938
39.22 0.00215804196191
39.24 0.00103565061868
39.26 -9.36832532389e-05
39.28 -0.00122913587913
39.3 -0.00236986097565
39.32 -0.00351499129597
39.34 -0.00466364031286
39.36 -0.0058149038787
39.38 -0.00696786199894
39.4 -0.00812158060531
39.42 -0.00927511337044
39.44 -0.0104275035541
39.46 -0.0115777858602
39.48 -0.0127249882929
39.5 -0.0138681340281
39.52 -0.0150062432607
39.54 -0.0161383350503
39.56 -0.0172634291319
39.58 -0.0183805476966
39.6 -0.0194887171483
39.62 -0.0205869697964
39.64 -0.0216743455134
39.66 -0.022749893324
39.68 -0.0238126729561
39.7 -0.0248617562889
39.72 -0.0258962287652
39.74 -0.0269151907254
39.76 -0.0279177586296
39.78 -0.0289030662665
39.8 -0.0298702658067
39.82 -0.0308185288387
39.84 -0.0317470472792
39.86 -0.0326550342213
39.88 -0.0335417246956
39.9 -0.0344063763494
39.92 -0.0352482700423
39.94 -0.0360667103757
39.96 -0.0368610261316
39.98 -0.0376305706492
