0.0 -0.106888817732
0.02 -0.100557919765
0.04 -0.094262796202
0.06 -0.0880075805809
0.08 -0.0817962965431
0.1 -0.0756328505691
0.12 -0.0695210252339
0.14 -0.0634644731059
0.16 -0.057466711193
0.18 -0.0515311160769
0.2 -0.0456609196061
0.22 -0.0398592053294
0.24 -0.0341289054725
0.26 -0.028472798643
0.28 -0.0228935081678
0.3 -0.0173935009841
0.32 -0.0119750873218
0.34 -0.00664042079685
0.36 -0.00139149928719
0.38 0.00376983376971
0.4 0.00884188742069
0.42 0.0138231207872
0.44 0.018712140106
0.46 0.0235076953754
0.48 0.0282086764541
0.5 0.0328141088966
0.52 0.0373231493106
0.54 0.0417350804295
0.56 0.046049305925
0.58 0.050265344848
0.6 0.054382826015
0.62 0.0584014820435
0.64 0.0623211433595
0.66 0.0661417320336
0.68 0.0698632555382
0.7 0.0734858005102
0.72 0.0770095264409
0.74 0.0804346594338
0.76 0.0837614859805
0.78 0.0869903468568
0.8 0.0901216310641
0.82 0.0931557699744
0.84 0.0960932315735
0.86 0.0989345148906
0.88 0.101680144654
0.9 0.104330666096
0.92 0.106886640031
0.94 0.109348638162
0.96 0.111717238594
0.98 0.113993021651
1.0 0.116176565897
1.02 0.118268444473
1.04 0.120269221644
1.06 0.122179449629
1.08 0.123999665701
1.1 0.125730389507
1.12 0.127372120651
1.14 0.128925336544
1.16 0.130390490416
1.18 0.131768009621
1.2 0.133058294104
1.22 0.134261715086
1.24 0.135378613931
1.26 0.136409301174
1.28 0.137354055739
1.3 0.138213124271
1.32 0.138986720622
1.34 0.139675025452
1.36 0.140278185959
1.38 0.140796315669
1.4 0.141229494376
1.42 0.141577768085
1.44 0.141841149105
1.46 0.142019616159
1.48 0.142113114563
1.5 0.142121556463
1.52 0.142044821132
1.54 0.1418827553
1.56 0.141635173544
1.58 0.141301858731
1.6 0.140882562521
1.62 0.140377005889
1.64 0.13978487978
1.66 0.139105845761
1.68 0.138339536802
1.7 0.137485558121
1.72 0.136543488122
1.74 0.135512879444
1.76 0.134393260144
1.78 0.133184134962
1.8 0.131884986784
1.82 0.130495278193
1.84 0.129014453238
1.86 0.127441939351
1.88 0.125777149409
1.9 0.124019484076
1.92 0.122168334262
1.94 0.120223083829
1.96 0.118183112505
1.98 0.116047799036
2.0 0.113816524513
2.02 0.111488675984
2.04 0.10906365024
2.06 0.106540857861
2.08 0.103919727447
2.1 0.101199710101
2.12 0.0983802840849
2.14 0.0954609596618
2.16 0.0924412841697
2.18 0.0893208472034
2.2 0.086099285977
2.22 0.0827762908317
2.24 0.0793516108
2.26 0.0758250593182
2.28 0.0721965199575
2.3 0.0684659522209
2.32 0.0646333973083
2.34 0.0606989839213
2.36 0.0566629339408
2.38 0.0525255680805
2.4 0.0482873113933
2.42 0.0439486986236
2.44 0.0395103794275
2.46 0.0349731232527
2.48 0.0303378241475
2.5 0.0256055050863
2.52 0.0207773221368
2.54 0.0158545682068
2.56 0.010838676366
2.58 0.00573122286652
2.6 0.00053392961716
2.62 -0.00475133375074
2.64 -0.0101225483217
2.66 -0.0155775448594
2.68 -0.0211140033105
2.7 -0.0267294527964
2.72 -0.0324212722931
2.74 -0.0381866917516
2.76 -0.0440227939026
2.78 -0.0499265166219
2.8 -0.0558946558491
2.82 -0.0619238691857
2.84 -0.0680106799734
2.86 -0.0741514820447
2.88 -0.0803425449632
2.9 -0.0865800198762
2.92 -0.0928599458356
2.94 -0.099178256691
2.96 -0.105530788395
2.98 -0.111913286842
3.0 -0.118321416023
3.02 -0.124750766688
3.04 -0.131196865248
3.06 -0.137655183056
3.08 -0.144121145908
3.1 -0.150590143814
3.12 -0.157057540895
3.14 -0.163518685444
3.16 -0.169968920059
3.18 -0.176403591806
3.2 -0.182818062387
3.22 -0.18920771816
3.24 -0.195567980243
3.26 -0.201894314179
3.28 -0.208182239659
3.3 -0.214427339798
3.32 -0.220625270264
3.34 -0.226771767919
3.36 -0.232862659237
3.38 -0.238893868178
3.4 -0.244861423684
3.42 -0.250761466672
3.44 -0.256590256528
3.46 -0.262344177034
3.48 -0.268019741783
3.5 -0.273613598978
3.52 -0.27912253566
3.54 -0.284543481326
3.56 -0.289873510931
3.58 -0.295109847321
3.6 -0.300249862929
3.62 -0.305291081018
3.64 -0.310231176194
3.66 -0.315067974334
3.68 -0.319799452054
3.7 -0.32442373532
3.72 -0.328939097914
3.74 -0.333343958913
3.76 -0.337636880045
3.78 -0.34181656231
3.8 -0.34588184222
3.82 -0.34983168766
3.84 -0.353665193225
3.86 -0.357381575301
3.88 -0.360980166771
3.9 -0.36446041134
3.92 -0.367821857739
3.94 -0.371064153516
3.96 -0.374187038836
3.98 -0.377190339839
4.0 -0.380073962187
4.02 -0.382837884227
4.04 -0.385482150279
4.06 -0.388006863803
4.08 -0.390412180653
4.1 -0.392698302241
4.12 -0.394865468925
4.14 -0.396913953418
4.16 -0.39884405427
4.18 -0.400656089724
4.2 -0.402350391491
4.22 -0.403927298889
4.24 -0.405387153418
4.26 -0.406730293016
4.28 -0.407957047402
4.3 -0.409067733043
4.32 -0.410062648863
4.34 -0.41094207215
4.36 -0.411706254879
4.38 -0.412355420262
4.4 -0.412889760173
4.42 -0.413309432262
4.44 -0.413614558106
4.46 -0.41380522159
4.48 -0.413881467521
4.5 -0.41384330115
4.52 -0.413690687534
4.54 -0.413423552021
4.56 -0.413041780567
4.58 -0.412545220981
4.6 -0.411933684401
4.62 -0.411206947016
4.64 -0.41036475284
4.66 -0.409406816184
4.68 -0.408332825033
4.7 -0.40714244466
4.72 -0.405835321688
4.74 -0.404411088365
4.76 -0.402869367615
4.78 -0.401209777765
4.8 -0.399431938266
4.82 -0.397535475378
4.84 -0.395520028003
4.86 -0.393385254169
4.88 -0.391130837326
4.9 -0.388756493093
4.92 -0.386261976091
4.94 -0.383647086825
4.96 -0.380911678852
4.98 -0.378055665784
5.0 -0.375079028535
5.02 -0.37198182235
5.04 -0.368764184032
5.06 -0.365426338788
5.08 -0.361968607264
5.1 -0.358391412149
5.12 -0.354695284787
5.14 -0.350880871374
5.16 -0.346948939026
5.18 -0.342900381445
5.2 -0.338736224205
5.22 -0.334457629772
5.24 -0.330065901895
5.26 -0.325562489748
5.28 -0.32094899146
5.3 -0.316227157014
5.32 -0.31139889092
5.34 -0.306466253858
5.36 -0.30143146413
5.38 -0.296296898199
5.4 -0.291065090707
5.42 -0.285738733847
5.44 -0.28032067596
5.46 -0.27481391958
5.48 -0.269221618722
5.5 -0.263547075508
5.52 -0.25779373612
5.54 -0.251965186097
5.56 -0.246065144993
5.58 -0.240097460327
5.6 -0.234066101073
5.62 -0.227975150404
5.64 -0.221828797969
5.66 -0.215631331666
5.68 -0.209387128883
5.7 -0.203100647311
5.72 -0.196776415407
5.74 -0.190419022425
5.76 -0.184033108267
5.78 -0.177623352896
5.8 -0.171194465827
5.82 -0.164751175199
5.84 -0.158298216915
5.86 -0.15184032381
5.88 -0.145382214615
5.9 -0.138928583284
5.92 -0.132484088246
5.94 -0.12605334197
5.96 -0.119640900684
5.98 -0.113251254498
6.0 -0.106888817733
6.02 -0.100557919766
6.04 -0.0942627962011
6.06 -0.0880075805809
6.08 -0.0817962965431
6.1 -0.0756328505691
6.12 -0.0695210252339
6.14 -0.0634644731059
6.16 -0.057466711193
6.18 -0.0515311160769
6.2 -0.0456609196061
6.22 -0.0398592053294
6.24 -0.034128905472
6.26 -0.0284727986454
6.28 -0.0228935081644
6.3 -0.0173935009855
6.32 -0.0119750873218
6.34 -0.00664042079685
6.36 -0.00139149928625
6.38 0.00376983376782
6.4 0.00884188742164
6.42 0.0138231207868
6.44 0.0187121401068
6.46 0.0235076953759
6.48 0.0282086764527
6.5 0.0328141088965
6.52 0.0373231493097
6.54 0.0417350804323
6.56 0.0460493059245
6.58 0.050265344847
6.6 0.0543828260144
6.62 0.0584014820436
6.64 0.06232114336
6.66 0.0661417320336
6.68 0.0698632555382
6.7 0.0734858005108
6.72 0.0770095264398
6.74 0.0804346594359
6.76 0.0837614859774
6.78 0.08699034686
6.8 0.0901216310619
6.82 0.093155769974
6.84 0.0960932315745
6.86 0.09893451489
6.88 0.101680144657
6.9 0.104330666091
6.92 0.106886640033
6.94 0.109348638163
6.96 0.111717238593
6.98 0.113993021652
7.0 0.116176565897
7.02 0.118268444473
7.04 0.120269221644
7.06 0.122179449629
7.08 0.123999665702
7.1 0.125730389506
7.12 0.127372120651
7.14 0.128925336544
7.16 0.130390490416
7.18 0.131768009621
7.2 0.133058294104
7.22 0.134261715086
7.24 0.135378613931
7.26 0.136409301174
7.28 0.137354055739
7.3 0.138213124271
7.32 0.138986720622
7.34 0.139675025452
7.36 0.140278185959
7.38 0.140796315669
7.4 0.141229494376
7.42 0.141577768085
7.44 0.141841149105
7.46 0.142019616159
7.48 0.142113114563
7.5 0.142121556463
7.52 0.142044821132
7.54 0.1418827553
7.56 0.141635173544
7.58 0.141301858731
7.6 0.140882562521
7.62 0.140377005889
7.64 0.13978487978
7.66 0.139105845761
7.68 0.138339536801
7.7 0.137485558123
7.72 0.136543488121
7.74 0.135512879444
7.76 0.134393260144
7.78 0.133184134963
7.8 0.131884986783
7.82 0.130495278194
7.84 0.129014453239
7.86 0.127441939349
7.88 0.125777149411
7.9 0.124019484074
7.92 0.122168334265
7.94 0.120223083826
7.96 0.118183112507
7.98 0.116047799035
8.0 0.113816524515
8.02 0.111488675983
8.04 0.109063650239
8.06 0.10654085786
8.08 0.103919727448
8.1 0.101199710101
8.12 0.0983802840843
8.14 0.0954609596629
8.16 0.0924412841707
8.18 0.0893208472006
8.2 0.0860992859767
8.22 0.0827762908347
8.24 0.0793516107978
8.26 0.0758250593188
8.28 0.0721965199575
8.3 0.0684659522209
8.32 0.0646333973083
8.34 0.0606989839203
8.36 0.0566629339428
8.38 0.0525255680795
8.4 0.0482873113914
8.42 0.0439486986279
8.44 0.0395103794247
8.46 0.0349731232535
8.48 0.0303378241467
8.5 0.0256055050867
8.52 0.0207773221368
8.54 0.0158545682068
8.56 0.010838676366
8.58 0.00573122286652
8.6 0.00053392961569
8.62 -0.00475133374781
8.64 -0.0101225483231
8.66 -0.0155775448608
8.68 -0.0211140033086
8.7 -0.026729452796
8.72 -0.0324212722941
8.74 -0.0381866917516
8.76 -0.0440227939026
8.78 -0.0499265166211
8.8 -0.0558946558507
8.82 -0.061923869185
8.84 -0.0680106799733
8.86 -0.0741514820447
8.88 -0.0803425449641
8.9 -0.0865800198762
8.92 -0.0928599458329
8.94 -0.0991782566928
8.96 -0.105530788397
8.98 -0.111913286839
9.0 -0.118321416025
9.02 -0.124750766688
9.04 -0.131196865249
9.06 -0.137655183055
9.08 -0.144121145909
9.1 -0.150590143814
9.12 -0.157057540897
9.14 -0.163518685441
9.16 -0.169968920061
9.18 -0.176403591806
9.2 -0.182818062387
9.22 -0.18920771816
9.24 -0.195567980241
9.26 -0.201894314183
9.28 -0.208182239657
9.3 -0.214427339798
9.32 -0.220625270264
9.34 -0.226771767921
9.36 -0.232862659233
9.38 -0.238893868178
9.4 -0.244861423688
9.42 -0.25076146667
9.44 -0.256590256529
9.46 -0.262344177032
9.48 -0.268019741786
9.5 -0.273613598977
9.52 -0.27912253566
9.54 -0.284543481325
9.56 -0.289873510934
9.58 -0.295109847317
9.6 -0.300249862931
9.62 -0.305291081018
9.64 -0.310231176194
9.66 -0.315067974337
9.68 -0.319799452044
9.7 -0.32442373533
9.72 -0.32893909791
9.74 -0.333343958916
9.76 -0.337636880041
9.78 -0.341816562305
9.8 -0.345881842229
9.82 -0.349831687656
9.84 -0.353665193225
9.86 -0.357381575301
9.88 -0.360980166771
9.9 -0.36446041134
9.92 -0.367821857739
9.94 -0.371064153516
9.96 -0.374187038836
9.98 -0.377190339839
10.0 -0.380073962189
10.02 -0.382837884223
10.04 -0.385482150281
10.06 -0.388006863803
10.08 -0.390412180653
10.1 -0.392698302246
10.12 -0.394865468914
10.14 -0.396913953423
10.16 -0.398844054266
10.18 -0.400656089733
10.2 -0.402350391486
10.22 -0.403927298895
10.24 -0.405387153406
10.26 -0.406730293022
10.28 -0.407957047402
10.3 -0.409067733043
10.32 -0.410062648863
10.34 -0.41094207215
10.36 -0.411706254879
10.38 -0.412355420262
10.4 -0.412889760173
10.42 -0.413309432262
10.44 -0.413614558106
10.46 -0.41380522159
10.48 -0.413881467521
10.5 -0.41384330115
10.52 -0.413690687532
10.54 -0.413423552027
10.56 -0.413041780564
10.58 -0.412545220985
10.6 -0.411933684393
10.62 -0.41120694702
10.64 -0.41036475284
10.66 -0.409406816184
10.68 -0.408332825033
10.7 -0.407142444666
10.72 -0.405835321675
10.74 -0.404411088371
10.76 -0.402869367615
10.78 -0.401209777765
10.8 -0.399431938266
10.82 -0.397535475378
10.84 -0.395520028003
10.86 -0.393385254169
10.88 -0.391130837326
10.9 -0.388756493093
10.92 -0.386261976089
10.94 -0.383647086829
10.96 -0.38091167885
10.98 -0.378055665784
11.0 -0.375079028535
11.02 -0.37198182235
11.04 -0.368764184032
11.06 -0.365426338788
11.08 -0.361968607264
11.1 -0.358391412149
11.12 -0.354695284787
11.14 -0.350880871374
11.16 -0.346948939026
11.18 -0.342900381447
11.2 -0.3387362242
11.22 -0.334457629774
11.24 -0.330065901891
11.26 -0.325562489759
11.28 -0.320948991449
11.3 -0.316227157017
11.32 -0.31139889092
11.34 -0.306466253858
11.36 -0.301431464132
11.38 -0.296296898195
11.4 -0.291065090709
11.42 -0.285738733847
11.44 -0.280320675958
11.46 -0.274813919584
11.48 -0.269221618721
11.5 -0.263547075507
11.52 -0.25779373612
11.54 -0.251965186099
11.56 -0.24606514499
11.58 -0.240097460329
11.6 -0.234066101074
11.62 -0.227975150401
11.64 -0.221828797971
11.66 -0.215631331665
11.68 -0.209387128885
11.7 -0.203100647309
11.72 -0.196776415405
11.74 -0.190419022428
11.76 -0.184033108268
11.78 -0.177623352892
11.8 -0.171194465831
11.82 -0.164751175192
11.84 -0.158298216923
11.86 -0.151840323807
11.88 -0.145382214614
11.9 -0.138928583284
11.92 -0.13248408825
11.94 -0.126053341965
11.96 -0.119640900686
11.98 -0.113251254499
12.0 -0.106888817731
12.02 -0.100557919768
12.04 -0.0942627961993
12.06 -0.0880075805818
12.08 -0.0817962965431
12.1 -0.0756328505691
12.12 -0.069521025233
12.14 -0.0634644731078
12.16 -0.0574667111939
12.18 -0.0515311160733
12.2 -0.0456609196079
12.22 -0.0398592053285
12.24 -0.0341289054744
12.26 -0.0284727986421
12.28 -0.0228935081678
12.3 -0.0173935009832
12.32 -0.0119750873222
12.34 -0.00664042079933
12.36 -0.0013914992847
12.38 0.00376983376919
12.4 0.00884188742069
12.42 0.0138231207872
12.44 0.0187121401079
12.46 0.023507695371
12.48 0.0282086764571
12.5 0.0328141088961
12.52 0.0373231493102
12.54 0.0417350804323
12.56 0.0460493059197
12.58 0.0502653448519
12.6 0.054382826014
12.62 0.0584014820445
12.64 0.0623211433591
12.66 0.0661417320315
12.68 0.0698632555391
12.7 0.0734858005113
12.72 0.0770095264404
12.74 0.0804346594354
12.76 0.0837614859789
12.78 0.0869903468557
12.8 0.0901216310648
12.82 0.0931557699749
12.84 0.0960932315735
12.86 0.0989345148906
12.88 0.101680144656
12.9 0.104330666092
12.92 0.106886640033
12.94 0.109348638162
12.96 0.111717238594
12.98 0.113993021651
13.0 0.116176565897
13.02 0.118268444473
13.04 0.120269221646
13.06 0.122179449629
13.08 0.123999665701
13.1 0.125730389507
13.12 0.127372120651
13.14 0.128925336545
13.16 0.130390490417
13.18 0.131768009619
13.2 0.133058294105
13.22 0.134261715087
13.24 0.13537861393
13.26 0.136409301176
13.28 0.137354055738
13.3 0.138213124273
13.32 0.138986720618
13.34 0.139675025455
13.36 0.140278185959
13.38 0.140796315669
13.4 0.141229494376
13.42 0.141577768085
13.44 0.141841149105
13.46 0.142019616159
13.48 0.142113114563
13.5 0.142121556463
13.52 0.142044821132
13.54 0.1418827553
13.56 0.141635173544
13.58 0.141301858731
13.6 0.140882562521
13.62 0.140377005889
13.64 0.13978487978
13.66 0.13910584576
13.68 0.138339536804
13.7 0.137485558121
13.72 0.13654348812
13.74 0.135512879447
13.76 0.134393260144
13.78 0.13318413496
13.8 0.131884986785
13.82 0.130495278193
13.84 0.129014453239
13.86 0.127441939349
13.88 0.125777149411
13.9 0.124019484076
13.92 0.122168334261
13.94 0.120223083829
13.96 0.118183112504
13.98 0.116047799038
14.0 0.113816524512
14.02 0.111488675984
14.04 0.109063650238
14.06 0.106540857862
14.08 0.103919727446
14.1 0.101199710102
14.12 0.0983802840875
14.14 0.0954609596581
14.16 0.0924412841707
14.18 0.0893208472028
14.2 0.0860992859777
14.22 0.082776290832
14.24 0.0793516107986
14.26 0.0758250593202
14.28 0.0721965199565
14.3 0.0684659522203
14.32 0.0646333973083
14.34 0.0606989839239
14.36 0.0566629339377
14.38 0.0525255680819
14.4 0.0482873113905
14.42 0.0439486986279
14.44 0.0395103794256
14.46 0.0349731232531
14.48 0.0303378241467
14.5 0.0256055050867
14.52 0.0207773221362
14.54 0.0158545682079
14.56 0.0108386763664
14.58 0.00573122286367
14.6 0.000533929618005
14.62 -0.00475133374824
14.64 -0.0101225483211
14.66 -0.0155775448642
14.68 -0.0211140033071
14.7 -0.026729452796
14.72 -0.032421272295
14.74 -0.0381866917511
14.76 -0.0440227939006
14.78 -0.0499265166233
14.8 -0.0558946558491
14.82 -0.061923869184
14.84 -0.0680106799796
14.86 -0.0741514820374
14.88 -0.0803425449669
14.9 -0.0865800198743
14.92 -0.0928599458365
14.94 -0.099178256691
14.96 -0.105530788397
14.98 -0.111913286839
15.0 -0.118321416023
15.02 -0.124750766693
15.04 -0.131196865246
15.06 -0.137655183056
15.08 -0.144121145904
15.1 -0.150590143817
15.12 -0.157057540895
15.14 -0.163518685444
15.16 -0.169968920059
15.18 -0.17640359181
15.2 -0.182818062383
15.22 -0.189207718162
15.24 -0.195567980243
15.26 -0.201894314179
15.28 -0.208182239658
15.3 -0.2144273398
15.32 -0.220625270265
15.34 -0.226771767916
15.36 -0.232862659239
15.38 -0.238893868176
15.4 -0.244861423688
15.42 -0.250761466672
15.44 -0.256590256524
15.46 -0.262344177036
15.48 -0.26801974178
15.5 -0.273613598983
15.52 -0.279122535658
15.54 -0.284543481326
15.56 -0.289873510928
15.58 -0.295109847322
15.6 -0.300249862929
15.62 -0.305291081018
15.64 -0.310231176194
15.66 -0.315067974334
15.68 -0.319799452054
15.7 -0.324423735316
15.72 -0.328939097921
15.74 -0.333343958912
15.76 -0.337636880041
15.78 -0.341816562309
15.8 -0.345881842222
15.82 -0.34983168766
15.84 -0.353665193225
15.86 -0.3573815753
15.88 -0.360980166775
15.9 -0.364460411339
15.92 -0.367821857741
15.94 -0.37106415351
15.96 -0.374187038839
15.98 -0.377190339839
16.0 -0.380073962187
16.02 -0.382837884227
16.04 -0.385482150279
16.06 -0.388006863803
16.08 -0.390412180653
16.1 -0.392698302241
16.12 -0.394865468925
16.14 -0.396913953418
16.16 -0.39884405427
16.18 -0.400656089724
16.2 -0.402350391491
16.22 -0.403927298895
16.24 -0.405387153406
16.26 -0.406730293022
16.28 -0.407957047399
16.3 -0.40906773305
16.32 -0.410062648859
16.34 -0.410942072154
16.36 -0.411706254872
16.38 -0.412355420266
16.4 -0.41288976017
16.42 -0.413309432268
16.44 -0.413614558103
16.46 -0.41380522159
16.48 -0.413881467521
16.5 -0.41384330115
16.52 -0.413690687534
16.54 -0.413423552021
16.56 -0.413041780567
16.58 -0.412545220981
16.6 -0.411933684401
16.62 -0.411206947016
16.64 -0.41036475284
16.66 -0.409406816184
16.68 -0.408332825033
16.7 -0.40714244466
16.72 -0.405835321688
16.74 -0.404411088365
16.76 -0.402869367615
16.78 -0.401209777765
16.8 -0.399431938266
16.82 -0.397535475378
16.84 -0.395520028
16.86 -0.393385254176
16.88 -0.391130837323
16.9 -0.388756493093
16.92 -0.386261976091
16.94 -0.383647086825
16.96 -0.380911678852
16.98 -0.378055665784
17.0 -0.375079028535
17.02 -0.37198182235
17.04 -0.368764184032
17.06 -0.365426338788
17.08 -0.361968607264
17.1 -0.358391412149
17.12 -0.354695284787
17.14 -0.350880871374
17.16 -0.346948939026
17.18 -0.342900381445
17.2 -0.338736224205
17.22 -0.334457629772
17.24 -0.330065901895
17.26 -0.325562489748
17.28 -0.32094899146
17.3 -0.316227157014
17.32 -0.31139889092
17.34 -0.306466253858
17.36 -0.30143146413
17.38 -0.296296898199
17.4 -0.291065090706
17.42 -0.285738733852
17.44 -0.280320675954
17.46 -0.274813919581
17.48 -0.269221618724
17.5 -0.263547075507
17.52 -0.25779373612
17.54 -0.251965186097
17.56 -0.246065144996
17.58 -0.24009746032
17.6 -0.234066101079
17.62 -0.2279751504
17.64 -0.221828797975
17.66 -0.215631331662
17.68 -0.209387128884
17.7 -0.203100647309
17.72 -0.196776415408
17.74 -0.190419022426
17.76 -0.184033108267
17.78 -0.177623352896
17.8 -0.171194465826
17.82 -0.164751175197
17.84 -0.15829821692
17.86 -0.15184032381
17.88 -0.145382214611
17.9 -0.138928583286
17.92 -0.132484088244
17.94 -0.126053341974
17.96 -0.119640900682
17.98 -0.113251254497
18.0 -0.106888817736
18.02 -0.100557919762
18.04 -0.094262796202
18.06 -0.0880075805808
18.08 -0.0817962965496
18.1 -0.0756328505618
18.12 -0.0695210252339
18.14 -0.0634644731078
18.16 -0.0574667111956
18.18 -0.0515311160724
18.2 -0.0456609196084
18.22 -0.0398592053286
18.24 -0.0341289054724
18.26 -0.0284727986431
18.28 -0.0228935081663
18.3 -0.0173935009909
18.32 -0.011975087315
18.34 -0.00664042079788
18.36 -0.00139149929053
18.38 0.00376983377358
18.4 0.00884188741923
18.42 0.0138231207887
18.44 0.018712140103
18.46 0.0235076953778
18.48 0.0282086764527
18.5 0.0328141088989
18.52 0.0373231493043
18.54 0.0417350804359
18.56 0.046049305923
18.58 0.050265344847
18.6 0.0543828260169
18.62 0.0584014820435
18.64 0.0623211433587
18.66 0.0661417320323
18.68 0.0698632555389
18.7 0.0734858005126
18.72 0.0770095264385
18.74 0.0804346594325
18.76 0.0837614859828
18.78 0.0869903468578
18.8 0.0901216310603
18.82 0.0931557699772
18.84 0.0960932315725
18.86 0.098934514892
18.88 0.101680144653
18.9 0.104330666097
18.92 0.106886640029
18.94 0.109348638165
18.96 0.111717238592
18.98 0.113993021651
19.0 0.116176565898
19.02 0.118268444472
19.04 0.120269221646
19.06 0.122179449629
19.08 0.123999665701
19.1 0.125730389507
19.12 0.127372120652
19.14 0.128925336544
19.16 0.130390490417
19.18 0.131768009619
19.2 0.133058294105
19.22 0.134261715086
19.24 0.13537861393
19.26 0.136409301176
19.28 0.137354055738
19.3 0.138213124273
19.32 0.138986720618
19.34 0.139675025456
19.36 0.140278185956
19.38 0.140796315671
19.4 0.141229494376
19.42 0.141577768085
19.44 0.141841149105
19.46 0.142019616159
19.48 0.142113114563
19.5 0.142121556463
19.52 0.142044821132
19.54 0.1418827553
19.56 0.141635173544
19.58 0.141301858731
19.6 0.140882562522
19.62 0.14037700589
19.64 0.139784879777
19.66 0.139105845762
19.68 0.138339536804
19.7 0.137485558121
19.72 0.13654348812
19.74 0.135512879447
19.76 0.134393260144
19.78 0.133184134961
19.8 0.131884986783
19.82 0.130495278194
19.84 0.129014453239
19.86 0.127441939349
19.88 0.125777149409
19.9 0.124019484077
19.92 0.122168334261
19.94 0.120223083829
19.96 0.118183112504
19.98 0.116047799037
20.0 0.113816524513
20.02 0.111488675983
20.04 0.109063650242
20.06 0.106540857857
20.08 0.103919727449
20.1 0.1011997101
20.12 0.098380284087
20.14 0.0954609596607
20.16 0.0924412841697
20.18 0.0893208472018
20.2 0.0860992859796
20.22 0.0827762908313
20.24 0.0793516107978
20.26 0.0758250593219
20.28 0.0721965199564
20.3 0.0684659522183
20.32 0.0646333973093
20.34 0.0606989839224
20.36 0.0566629339428
20.38 0.0525255680759
20.4 0.048287311395
20.42 0.0439486986244
20.44 0.0395103794258
20.46 0.0349731232533
20.48 0.0303378241482
20.5 0.0256055050878
20.52 0.0207773221343
20.54 0.0158545682068
20.56 0.0108386763659
20.58 0.00573122286957
20.6 0.000533929616113
20.62 -0.00475133375367
20.64 -0.0101225483162
20.66 -0.0155775448657
20.68 -0.0211140033071
20.7 -0.026729452795
20.72 -0.0324212722959
20.74 -0.0381866917521
20.76 -0.0440227939015
20.78 -0.0499265166196
20.8 -0.05589465585
20.82 -0.0619238691878
20.84 -0.0680106799722
20.86 -0.0741514820456
20.88 -0.0803425449614
20.9 -0.0865800198799
20.92 -0.0928599458318
20.94 -0.0991782566902
20.96 -0.105530788399
20.98 -0.111913286839
21.0 -0.118321416021
21.02 -0.124750766696
21.04 -0.131196865243
21.06 -0.137655183063
21.08 -0.144121145897
21.1 -0.150590143822
21.12 -0.15705754089
21.14 -0.163518685445
21.16 -0.169968920063
21.18 -0.176403591805
21.2 -0.182818062386
21.22 -0.189207718162
21.24 -0.195567980243
21.26 -0.201894314178
21.28 -0.208182239659
21.3 -0.2144273398
21.32 -0.220625270261
21.34 -0.226771767925
21.36 -0.232862659232
21.38 -0.238893868178
21.4 -0.244861423688
21.42 -0.250761466672
21.44 -0.256590256521
21.46 -0.262344177043
21.48 -0.268019741777
21.5 -0.273613598986
21.52 -0.279122535652
21.54 -0.284543481331
21.56 -0.289873510928
21.58 -0.295109847322
21.6 -0.300249862929
21.62 -0.305291081018
21.64 -0.310231176194
21.66 -0.315067974337
21.68 -0.319799452044
21.7 -0.32442373533
21.72 -0.328939097908
21.74 -0.333343958921
21.76 -0.337636880037
21.78 -0.341816562312
21.8 -0.34588184222
21.82 -0.34983168766
21.84 -0.353665193225
21.86 -0.3573815753
21.88 -0.360980166775
21.9 -0.364460411339
21.92 -0.367821857738
21.94 -0.371064153517
21.96 -0.374187038839
21.98 -0.377190339834
22.0 -0.380073962186
22.02 -0.38283788423
22.04 -0.385482150279
22.06 -0.388006863803
22.08 -0.390412180653
22.1 -0.392698302241
22.12 -0.394865468925
22.14 -0.396913953422
22.16 -0.398844054259
22.18 -0.400656089742
22.2 -0.402350391475
22.22 -0.403927298901
22.24 -0.405387153404
22.26 -0.406730293023
22.28 -0.407957047399
22.3 -0.40906773305
22.32 -0.410062648859
22.34 -0.41094207215
22.36 -0.411706254879
22.38 -0.412355420262
22.4 -0.412889760173
22.42 -0.413309432262
22.44 -0.413614558106
22.46 -0.41380522159
22.48 -0.413881467521
22.5 -0.41384330115
22.52 -0.413690687534
22.54 -0.413423552021
22.56 -0.413041780567
22.58 -0.412545220985
22.6 -0.411933684393
22.62 -0.41120694702
22.64 -0.41036475284
22.66 -0.409406816184
22.68 -0.408332825033
22.7 -0.40714244466
22.72 -0.405835321688
22.74 -0.404411088365
22.76 -0.402869367625
22.78 -0.401209777746
22.8 -0.399431938276
22.82 -0.397535475378
22.84 -0.395520028003
22.86 -0.393385254167
22.88 -0.39113083733
22.9 -0.388756493091
22.92 -0.386261976091
22.94 -0.383647086825
22.96 -0.380911678852
22.98 -0.378055665781
23.0 -0.375079028541
23.02 -0.371981822345
23.04 -0.368764184035
23.06 -0.365426338784
23.08 -0.361968607267
23.1 -0.358391412143
23.12 -0.354695284794
23.14 -0.350880871371
23.16 -0.346948939026
23.18 -0.342900381445
23.2 -0.338736224208
23.22 -0.334457629761
23.24 -0.330065901902
23.26 -0.325562489752
23.28 -0.320948991456
23.3 -0.316227157011
23.32 -0.311398890925
23.34 -0.306466253855
23.36 -0.30143146413
23.38 -0.296296898196
23.4 -0.291065090712
23.42 -0.285738733846
23.44 -0.280320675959
23.46 -0.274813919579
23.48 -0.269221618725
23.5 -0.263547075504
23.52 -0.257793736121
23.54 -0.251965186098
23.56 -0.246065144995
23.58 -0.240097460324
23.6 -0.234066101076
23.62 -0.227975150403
23.64 -0.22182879797
23.66 -0.215631331664
23.68 -0.209387128882
23.7 -0.203100647312
23.72 -0.196776415408
23.74 -0.190419022428
23.76 -0.184033108261
23.78 -0.177623352899
23.8 -0.171194465826
23.82 -0.164751175197
23.84 -0.15829821692
23.86 -0.151840323807
23.88 -0.145382214616
23.9 -0.13892858328
23.92 -0.132484088255
23.94 -0.12605334196
23.96 -0.119640900691
23.98 -0.113251254496
24.0 -0.106888817732
24.02 -0.100557919764
24.04 -0.094262796202
24.06 -0.0880075805836
24.08 -0.081796296544
24.1 -0.0756328505609
24.12 -0.0695210252412
24.14 -0.063464473104
24.16 -0.0574667111939
24.18 -0.0515311160728
24.2 -0.0456609196131
24.22 -0.0398592053253
24.24 -0.0341289054724
24.26 -0.0284727986426
24.28 -0.0228935081673
24.3 -0.0173935009875
24.32 -0.0119750873208
24.34 -0.00664042079497
24.36 -0.00139149929053
24.38 0.00376983377557
24.4 0.00884188741524
24.42 0.0138231207877
24.44 0.0187121401089
24.46 0.0235076953749
24.48 0.0282086764547
24.5 0.0328141088927
24.52 0.0373231493111
24.54 0.0417350804368
24.56 0.0460493059171
24.58 0.0502653448501
24.6 0.0543828260148
24.62 0.0584014820442
24.64 0.0623211433604
24.66 0.0661417320315
24.68 0.0698632555389
24.7 0.0734858005105
24.72 0.0770095264391
24.74 0.0804346594399
24.76 0.0837614859748
24.78 0.08699034686
24.8 0.0901216310603
24.82 0.0931557699783
24.84 0.0960932315701
24.86 0.098934514892
24.88 0.101680144655
24.9 0.104330666096
24.92 0.106886640029
24.94 0.109348638164
24.96 0.111717238594
24.98 0.113993021651
25.0 0.116176565895
25.02 0.118268444476
25.04 0.120269221643
25.06 0.122179449629
25.08 0.123999665704
25.1 0.125730389505
25.12 0.127372120652
25.14 0.128925336544
25.16 0.130390490416
25.18 0.131768009622
25.2 0.133058294104
25.22 0.134261715085
25.24 0.13537861393
25.26 0.136409301178
25.28 0.137354055736
25.3 0.138213124272
25.32 0.138986720622
25.34 0.139675025454
25.36 0.140278185956
25.38 0.140796315671
25.4 0.141229494376
25.42 0.141577768085
25.44 0.141841149105
25.46 0.142019616159
25.48 0.142113114563
25.5 0.142121556463
25.52 0.142044821132
25.54 0.1418827553
25.56 0.141635173544
25.58 0.141301858731
25.6 0.140882562522
25.62 0.140377005888
25.64 0.139784879781
25.66 0.13910584576
25.68 0.138339536804
25.7 0.137485558121
25.72 0.136543488119
25.74 0.135512879449
25.76 0.134393260141
25.78 0.133184134963
25.8 0.131884986782
25.82 0.130495278195
25.84 0.129014453239
25.86 0.127441939349
25.88 0.125777149409
25.9 0.124019484077
25.92 0.122168334262
25.94 0.120223083828
25.96 0.118183112505
25.98 0.116047799038
26.0 0.113816524512
26.02 0.111488675986
26.04 0.109063650237
26.06 0.106540857861
26.08 0.10391972745
26.1 0.101199710097
26.12 0.0983802840875
26.14 0.0954609596596
26.16 0.092441284172
26.18 0.0893208472022
26.2 0.0860992859744
26.22 0.0827762908375
26.24 0.0793516107984
26.26 0.075825059314
26.28 0.0721965199623
26.3 0.0684659522167
26.32 0.0646333973094
26.34 0.0606989839232
26.36 0.0566629339393
26.38 0.0525255680841
26.4 0.0482873113883
26.42 0.0439486986259
26.44 0.0395103794247
26.46 0.034973123257
26.48 0.0303378241445
26.5 0.0256055050885
26.52 0.0207773221372
26.54 0.0158545682019
26.56 0.0108386763713
26.58 0.00573122286262
26.6 0.000533929619152
26.62 -0.00475133374876
26.64 -0.0101225483247
26.66 -0.0155775448573
26.68 -0.0211140033101
26.7 -0.0267294528007
26.72 -0.0324212722888
26.74 -0.0381866917544
26.76 -0.0440227939015
26.78 -0.0499265166207
26.8 -0.0558946558527
26.82 -0.0619238691794
26.84 -0.0680106799789
26.86 -0.0741514820419
26.88 -0.0803425449642
26.9 -0.0865800198751
26.92 -0.0928599458385
26.94 -0.0991782566873
26.96 -0.105530788396
26.98 -0.111913286844
27.0 -0.118321416022
27.02 -0.124750766691
27.04 -0.131196865244
27.06 -0.137655183057
27.08 -0.144121145911
27.1 -0.150590143805
27.12 -0.157057540898
27.14 -0.16351868545
27.16 -0.169968920057
27.18 -0.176403591806
27.2 -0.182818062386
27.22 -0.189207718159
27.24 -0.19556798025
27.26 -0.201894314173
27.28 -0.208182239661
27.3 -0.214427339798
27.32 -0.220625270266
27.34 -0.226771767916
27.36 -0.232862659243
27.38 -0.238893868169
27.4 -0.244861423688
27.42 -0.250761466675
27.44 -0.256590256524
27.46 -0.262344177035
27.48 -0.268019741785
27.5 -0.273613598979
27.52 -0.279122535658
27.54 -0.284543481322
27.56 -0.289873510935
27.58 -0.295109847322
27.6 -0.300249862926
27.62 -0.30529108102
27.64 -0.310231176194
27.66 -0.315067974334
27.68 -0.319799452054
27.7 -0.32442373532
27.72 -0.328939097915
27.74 -0.333343958914
27.76 -0.337636880042
27.78 -0.341816562309
27.8 -0.345881842222
27.82 -0.34983168766
27.84 -0.353665193221
27.86 -0.357381575307
27.88 -0.360980166771
27.9 -0.364460411343
27.92 -0.36782185773
27.94 -0.37106415352
27.96 -0.374187038839
27.98 -0.377190339831
28.0 -0.380073962193
28.02 -0.382837884228
28.04 -0.385482150272
28.06 -0.388006863808
28.08 -0.390412180653
28.1 -0.39269830224
28.12 -0.394865468926
28.14 -0.396913953417
28.16 -0.39884405427
28.18 -0.400656089729
28.2 -0.40235039148
28.22 -0.4039272989
28.24 -0.405387153412
28.26 -0.40673029301
28.28 -0.407957047409
28.3 -0.409067733043
28.32 -0.410062648863
28.34 -0.410942072154
28.36 -0.411706254872
28.38 -0.412355420266
28.4 -0.41288976017
28.42 -0.413309432268
28.44 -0.413614558103
28.46 -0.41380522159
28.48 -0.413881467521
28.5 -0.41384330115
28.52 -0.413690687534
28.54 -0.413423552021
28.56 -0.413041780567
28.58 -0.412545220981
28.6 -0.411933684401
28.62 -0.411206947016
28.64 -0.41036475284
28.66 -0.409406816184
28.68 -0.408332825033
28.7 -0.40714244466
28.72 -0.405835321688
28.74 -0.404411088365
28.76 -0.402869367615
28.78 -0.401209777765
28.8 -0.399431938261
28.82 -0.397535475394
28.84 -0.395520027984
28.86 -0.393385254182
28.88 -0.39113083732
28.9 -0.388756493098
28.92 -0.386261976088
28.94 -0.383647086825
28.96 -0.380911678852
28.98 -0.378055665784
29.0 -0.375079028535
29.02 -0.37198182235
29.04 -0.368764184032
29.06 -0.365426338786
29.08 -0.361968607264
29.1 -0.358391412154
29.12 -0.354695284783
29.14 -0.350880871371
29.16 -0.346948939035
29.18 -0.342900381438
29.2 -0.338736224207
29.22 -0.334457629772
29.24 -0.330065901891
29.26 -0.325562489759
29.28 -0.320948991448
29.3 -0.316227157021
29.32 -0.311398890921
29.34 -0.30646625385
29.36 -0.301431464138
29.38 -0.296296898198
29.4 -0.291065090703
29.42 -0.285738733853
29.44 -0.280320675954
29.46 -0.274813919581
29.48 -0.269221618722
29.5 -0.263547075509
29.52 -0.257793736117
29.54 -0.251965186105
29.56 -0.246065144986
29.58 -0.240097460327
29.6 -0.234066101078
29.62 -0.227975150396
29.64 -0.221828797977
29.66 -0.215631331662
29.68 -0.209387128883
29.7 -0.203100647313
29.72 -0.196776415404
29.74 -0.190419022427
29.76 -0.184033108268
29.78 -0.177623352892
29.8 -0.171194465833
29.82 -0.164751175195
29.84 -0.158298216917
29.86 -0.151840323812
29.88 -0.14538221461
29.9 -0.138928583286
29.92 -0.132484088244
29.94 -0.126053341971
29.96 -0.119640900686
29.98 -0.113251254498
30.0 -0.10688881773
30.02 -0.100557919766
30.04 -0.0942627962038
30.06 -0.0880075805754
30.08 -0.0817962965496
30.1 -0.0756328505673
30.12 -0.0695210252301
30.14 -0.0634644731098
30.16 -0.0574667111937
30.18 -0.0515311160735
30.2 -0.0456609196097
30.22 -0.0398592053252
30.24 -0.0341289054758
30.26 -0.0284727986454
30.28 -0.0228935081601
30.3 -0.0173935009904
30.32 -0.0119750873193
30.34 -0.00664042079642
30.36 -0.00139149928762
30.38 0.00376983376971
30.4 0.00884188742112
30.42 0.0138231207833
30.44 0.0187121401089
30.46 0.0235076953763
30.48 0.0282086764536
30.5 0.0328141088973
30.52 0.0373231493062
30.54 0.0417350804336
30.56 0.0460493059238
30.58 0.050265344848
30.6 0.0543828260164
30.62 0.0584014820435
30.64 0.0623211433587
30.66 0.0661417320344
30.68 0.0698632555372
30.7 0.0734858005075
30.72 0.0770095264438
30.74 0.0804346594356
30.76 0.0837614859774
30.78 0.0869903468607
30.8 0.0901216310576
30.82 0.0931557699825
30.84 0.0960932315649
30.86 0.098934514894
30.88 0.101680144659
30.9 0.10433066609
30.92 0.106886640033
30.94 0.109348638162
30.96 0.111717238595
30.98 0.11399302165
31.0 0.116176565897
31.02 0.118268444473
31.04 0.120269221646
31.06 0.122179449629
31.08 0.123999665701
31.1 0.125730389506
31.12 0.127372120654
31.14 0.128925336541
31.16 0.130390490419
31.18 0.131768009618
31.2 0.133058294104
31.22 0.134261715089
31.24 0.135378613929
31.26 0.136409301177
31.28 0.137354055737
31.3 0.138213124272
31.32 0.138986720623
31.34 0.139675025451
31.36 0.14027818596
31.38 0.140796315669
31.4 0.141229494377
31.42 0.141577768083
31.44 0.141841149106
31.46 0.142019616159
31.48 0.142113114563
31.5 0.142121556463
31.52 0.142044821132
31.54 0.1418827553
31.56 0.141635173544
31.58 0.141301858731
31.6 0.140882562521
31.62 0.140377005889
31.64 0.13978487978
31.66 0.13910584576
31.68 0.138339536803
31.7 0.13748555812
31.72 0.136543488122
31.74 0.135512879446
31.76 0.134393260141
31.78 0.133184134966
31.8 0.131884986781
31.82 0.130495278194
31.84 0.129014453239
31.86 0.127441939351
31.88 0.125777149408
31.9 0.124019484077
31.92 0.122168334261
31.94 0.120223083829
31.96 0.118183112504
31.98 0.116047799036
32.0 0.113816524518
32.02 0.111488675981
32.04 0.109063650238
32.06 0.106540857861
32.08 0.103919727451
32.1 0.101199710097
32.12 0.0983802840879
32.14 0.0954609596582
32.16 0.0924412841748
32.18 0.0893208472014
32.2 0.0860992859725
32.22 0.0827762908386
32.24 0.0793516107963
32.26 0.0758250593182
32.28 0.0721965199571
32.3 0.068465952224
32.32 0.0646333973052
32.34 0.0606989839227
32.36 0.0566629339404
32.38 0.0525255680813
32.4 0.0482873113882
32.42 0.0439486986297
32.44 0.0395103794259
32.46 0.0349731232538
32.48 0.0303378241446
32.5 0.0256055050859
32.52 0.0207773221436
32.54 0.0158545681975
32.56 0.0108386763734
32.58 0.00573122285957
32.6 0.000533929622191
32.62 -0.00475133374739
32.64 -0.0101225483285
32.66 -0.0155775448558
32.68 -0.0211140033125
32.7 -0.026729452796
32.72 -0.0324212722911
32.74 -0.0381866917513
32.76 -0.0440227939066
32.78 -0.0499265166192
32.8 -0.0558946558505
32.82 -0.0619238691849
32.84 -0.0680106799733
32.86 -0.0741514820465
32.88 -0.0803425449586
32.9 -0.0865800198799
32.92 -0.0928599458365
32.94 -0.0991782566865
32.96 -0.105530788397
32.98 -0.111913286847
33.0 -0.118321416017
33.02 -0.124750766695
33.04 -0.131196865241
33.06 -0.137655183057
33.08 -0.144121145915
33.1 -0.150590143803
33.12 -0.157057540901
33.14 -0.163518685444
33.16 -0.169968920057
33.18 -0.17640359181
33.2 -0.182818062388
33.22 -0.189207718158
33.24 -0.195567980243
33.26 -0.201894314181
33.28 -0.208182239657
33.3 -0.214427339799
33.32 -0.22062527026
33.34 -0.226771767922
33.36 -0.23286265924
33.38 -0.238893868172
33.4 -0.244861423686
33.42 -0.250761466678
33.44 -0.256590256518
33.46 -0.262344177035
33.48 -0.26801974179
33.5 -0.273613598974
33.52 -0.279122535663
33.54 -0.284543481319
33.56 -0.289873510936
33.58 -0.295109847319
33.6 -0.300249862927
33.62 -0.30529108102
33.64 -0.310231176194
33.66 -0.315067974337
33.68 -0.319799452047
33.7 -0.324423735323
33.72 -0.328939097918
33.74 -0.333343958907
33.76 -0.337636880044
33.78 -0.341816562312
33.8 -0.345881842222
33.82 -0.349831687654
33.84 -0.353665193224
33.86 -0.357381575309
33.88 -0.360980166768
33.9 -0.364460411338
33.92 -0.367821857743
33.94 -0.371064153514
33.96 -0.374187038839
33.98 -0.377190339831
34.0 -0.380073962191
34.02 -0.382837884231
34.04 -0.385482150268
34.06 -0.388006863811
34.08 -0.390412180654
34.1 -0.392698302239
34.12 -0.394865468925
34.14 -0.396913953422
34.16 -0.398844054259
34.18 -0.400656089736
34.2 -0.402350391486
34.22 -0.403927298896
34.24 -0.405387153409
34.26 -0.406730293013
34.28 -0.407957047408
34.3 -0.40906773304
34.32 -0.410062648868
34.34 -0.410942072151
34.36 -0.411706254872
34.38 -0.412355420266
34.4 -0.41288976017
34.42 -0.413309432268
34.44 -0.413614558103
34.46 -0.41380522159
34.48 -0.413881467521
34.5 -0.41384330115
34.52 -0.413690687534
34.54 -0.413423552021
34.56 -0.413041780561
34.58 -0.412545220997
34.6 -0.411933684387
34.62 -0.41120694702
34.64 -0.41036475284
34.66 -0.409406816184
34.68 -0.408332825033
34.7 -0.40714244466
34.72 -0.405835321688
34.74 -0.40441108837
34.76 -0.402869367605
34.78 -0.401209777774
34.8 -0.399431938254
34.82 -0.397535475397
34.84 -0.395520027984
34.86 -0.393385254182
34.88 -0.39113083732
34.9 -0.388756493098
34.92 -0.386261976086
34.94 -0.383647086829
34.96 -0.38091167885
34.98 -0.378055665781
35.0 -0.375079028541
35.02 -0.371981822345
35.04 -0.368764184035
35.06 -0.365426338786
35.08 -0.36196860726
35.1 -0.358391412156
35.12 -0.354695284783
35.14 -0.350880871374
35.16 -0.346948939028
35.18 -0.342900381437
35.2 -0.338736224215
35.22 -0.334457629767
35.24 -0.330065901891
35.26 -0.325562489759
35.28 -0.320948991445
35.3 -0.316227157026
35.32 -0.311398890918
35.34 -0.30646625385
35.36 -0.30143146414
35.38 -0.296296898192
35.4 -0.291065090708
35.42 -0.285738733849
35.44 -0.280320675957
35.46 -0.274813919581
35.48 -0.269221618728
35.5 -0.263547075502
35.52 -0.257793736119
35.54 -0.251965186101
35.56 -0.246065144991
35.58 -0.240097460327
35.6 -0.234066101077
35.62 -0.227975150395
35.64 -0.22182879798
35.66 -0.215631331664
35.68 -0.209387128876
35.7 -0.203100647316
35.72 -0.196776415402
35.74 -0.19041902243
35.76 -0.184033108266
35.78 -0.177623352892
35.8 -0.171194465836
35.82 -0.164751175186
35.84 -0.158298216925
35.86 -0.151840323807
35.88 -0.145382214614
35.9 -0.138928583284
35.92 -0.132484088253
35.94 -0.126053341963
35.96 -0.119640900686
35.98 -0.113251254496
36.0 -0.106888817737
36.02 -0.100557919762
36.04 -0.0942627962066
36.06 -0.0880075805745
36.08 -0.0817962965476
36.1 -0.0756328505683
36.12 -0.0695210252292
36.14 -0.0634644731116
36.16 -0.0574667111886
36.18 -0.0515311160818
36.2 -0.0456609196079
36.22 -0.0398592053206
36.24 -0.0341289054787
36.26 -0.028472798643
36.28 -0.0228935081635
36.3 -0.0173935009875
36.32 -0.0119750873237
36.34 -0.00664042079103
36.36 -0.00139149929261
36.38 0.0037698337717
36.4 0.00884188742069
36.42 0.0138231207887
36.44 0.018712140106
36.46 0.0235076953734
36.48 0.0282086764536
36.5 0.0328141088968
36.52 0.03732314931
36.54 0.0417350804326
36.56 0.0460493059245
36.58 0.0502653448437
36.6 0.0543828260216
36.62 0.0584014820382
36.64 0.0623211433587
36.66 0.0661417320397
36.68 0.0698632555318
36.7 0.0734858005134
36.72 0.0770095264399
36.74 0.0804346594362
36.76 0.0837614859774
36.78 0.086990346858
36.8 0.0901216310631
36.82 0.093155769976
36.84 0.0960932315725
36.86 0.098934514893
36.88 0.101680144653
36.9 0.104330666094
36.92 0.106886640031
36.94 0.109348638163
36.96 0.111717238595
36.98 0.113993021649
37.0 0.116176565899
37.02 0.11826844447
37.04 0.120269221649
37.06 0.122179449625
37.08 0.123999665701
37.1 0.125730389509
37.12 0.127372120651
37.14 0.128925336544
37.16 0.130390490417
37.18 0.131768009619
37.2 0.133058294104
37.22 0.134261715088
37.24 0.13537861393
37.26 0.136409301175
37.28 0.137354055738
37.3 0.138213124273
37.32 0.138986720618
37.34 0.139675025455
37.36 0.140278185957
37.38 0.140796315671
37.4 0.141229494377
37.42 0.141577768083
37.44 0.141841149106
37.46 0.142019616159
37.48 0.142113114563
37.5 0.142121556463
37.52 0.142044821133
37.54 0.141882755298
37.56 0.141635173546
37.58 0.141301858731
37.6 0.140882562521
37.62 0.140377005889
37.64 0.13978487978
37.66 0.139105845761
37.68 0.138339536802
37.7 0.13748555812
37.72 0.136543488122
37.74 0.135512879446
37.76 0.134393260142
37.78 0.133184134964
37.8 0.131884986784
37.82 0.130495278192
37.84 0.129014453239
37.86 0.127441939351
37.88 0.125777149405
37.9 0.124019484082
37.92 0.122168334257
37.94 0.120223083833
37.96 0.118183112503
37.98 0.116047799032
38.0 0.11381652452
38.02 0.111488675981
38.04 0.109063650238
38.06 0.106540857861
38.08 0.103919727451
38.1 0.101199710099
38.12 0.0983802840843
38.14 0.0954609596628
38.16 0.0924412841693
38.18 0.0893208472018
38.2 0.086099285979
38.22 0.0827762908326
38.24 0.0793516107981
38.26 0.0758250593182
38.28 0.0721965199571
38.3 0.068465952224
38.32 0.064633397303
38.34 0.0606989839272
38.36 0.0566629339359
38.38 0.0525255680858
38.4 0.0482873113886
38.42 0.0439486986245
38.44 0.0395103794285
38.46 0.0349731232538
38.48 0.0303378241446
38.5 0.0256055050863
38.52 0.0207773221427
38.54 0.0158545682005
38.56 0.0108386763683
38.58 0.00573122286557
38.6 0.000533929615268
38.62 -0.00475133374739
38.64 -0.0101225483217
38.66 -0.0155775448593
38.68 -0.0211140033125
38.7 -0.0267294527956
38.72 -0.0324212722944
38.74 -0.0381866917469
38.76 -0.0440227939115
38.78 -0.0499265166116
38.8 -0.055894655851
38.82 -0.0619238691924
38.84 -0.0680106799676
38.86 -0.0741514820504
38.88 -0.0803425449566
38.9 -0.0865800198799
38.92 -0.0928599458365
38.94 -0.0991782566828
38.96 -0.105530788405
38.98 -0.111913286839
39.0 -0.118321416023
39.02 -0.124750766688
39.04 -0.13119686525
39.06 -0.137655183058
39.08 -0.144121145904
39.1 -0.150590143809
39.12 -0.157057540903
39.14 -0.163518685441
39.16 -0.16996892006
39.18 -0.176403591806
39.2 -0.182818062392
39.22 -0.189207718154
39.24 -0.195567980244
39.26 -0.201894314183
39.28 -0.208182239654
39.3 -0.214427339802
39.32 -0.220625270258
39.34 -0.226771767924
39.36 -0.232862659236
39.38 -0.238893868172
39.4 -0.24486142369
39.42 -0.250761466672
39.44 -0.256590256527
39.46 -0.262344177033
39.48 -0.268019741786
39.5 -0.273613598979
39.52 -0.279122535656
39.54 -0.284543481323
39.56 -0.289873510936
39.58 -0.295109847319
39.6 -0.30024986293
39.62 -0.305291081015
39.64 -0.310231176197
39.66 -0.315067974337
39.68 -0.319799452044
39.7 -0.32442373533
39.72 -0.328939097908
39.74 -0.333343958921
39.76 -0.337636880037
39.78 -0.341816562312
39.8 -0.345881842222
39.82 -0.349831687654
39.84 -0.353665193224
39.86 -0.357381575309
39.88 -0.360980166768
39.9 -0.364460411345
39.92 -0.36782185773
39.94 -0.37106415352
39.96 -0.374187038839
39.98 -0.377190339831
