0.0 -0.046835857024
0.02 -0.0335044345176
0.04 -0.0200972660819
0.06 -0.00662673647781
0.08 0.00689471614172
0.1 0.0204546367646
0.12 0.0340405894313
0.14 0.0476401921407
0.16 0.0612411507407
0.18 0.0748312914687
0.2 0.0883985921169
0.22 0.101931211471
0.24 0.115417517155
0.26 0.128846111504
0.28 0.142205855453
0.3 0.15548589059
0.32 0.168675658719
0.34 0.181764919722
0.36 0.194743766807
0.38 0.207602639916
0.4 0.220332336694
0.42 0.232924021458
0.44 0.245369231942
0.46 0.257659884109
0.48 0.269788274749
0.5 0.281747082438
0.52 0.293529366433
0.54 0.305128563961
0.56 0.316538485934
0.58 0.327753310968
0.6 0.338767578321
0.62 0.349576179277
0.64 0.360174347626
0.66 0.370557649031
0.68 0.38072196952
0.7 0.390663503346
0.72 0.400378740089
0.74 0.409864451366
0.76 0.419117677102
0.78 0.428135711614
0.8 0.436916089414
0.82 0.445456571127
0.84 0.453755129314
0.86 0.461809934461
0.88 0.469619341262
0.9 0.477181875042
0.92 0.484496218657
0.94 0.491561199762
0.96 0.498375778502
0.98 0.504939035768
1.0 0.511250161922
1.02 0.517308446162
1.04 0.523113266409
1.06 0.528664079816
1.08 0.533960413916
1.1 0.539001858315
1.12 0.543788057036
1.14 0.548318701505
1.16 0.552593523984
1.18 0.556612291749
1.2 0.560374801687
1.22 0.563880875484
1.24 0.567130355321
1.26 0.570123099997
1.28 0.572858981587
1.3 0.575337882458
1.32 0.577559692704
1.34 0.579524307959
1.36 0.581231627577
1.38 0.582681553057
1.4 0.583873986897
1.42 0.584808831554
1.44 0.585485988837
1.46 0.58590535944
1.48 0.586066842723
1.5 0.585970336737
1.52 0.585615738462
1.54 0.585002944249
1.56 0.58413185047
1.58 0.583002354416
1.6 0.581614355422
1.62 0.579967756143
1.64 0.578062464238
1.66 0.575898394159
1.68 0.573475469347
1.7 0.570793624662
1.72 0.567852809163
1.74 0.564652989246
1.76 0.561194152185
1.78 0.557476309996
1.8 0.553499503836
1.82 0.54926380876
1.84 0.544769339034
1.86 0.540016253921
1.88 0.535004763918
1.9 0.529735137694
1.92 0.524207709424
1.94 0.518422886769
1.96 0.512381159397
1.98 0.506083108134
2.0 0.499529414586
2.02 0.492720871428
2.04 0.485658393153
2.06 0.478343027409
2.08 0.470775966776
2.1 0.462958561058
2.12 0.454892329956
2.14 0.446578976067
2.16 0.438020398302
2.18 0.429218705415
2.2 0.420176229764
2.22 0.410895541194
2.24 0.401379460788
2.26 0.391631074656
2.28 0.381653747426
2.3 0.371451135497
2.32 0.361027199764
2.34 0.350386217964
2.36 0.339532796169
2.38 0.328471879646
2.4 0.317208762728
2.42 0.305749097644
2.44 0.29409890228
2.46 0.282264566427
2.48 0.270252856948
2.5 0.258070921051
2.52 0.245726288226
2.54 0.233226870302
2.56 0.220580959577
2.58 0.207797225247
2.6 0.194884707618
2.62 0.181852810371
2.64 0.168711290694
2.66 0.155470247236
2.68 0.142140105888
2.7 0.128731603537
2.72 0.115255769388
2.74 0.101723904491
2.76 0.0881475589554
2.78 0.0745385072793
2.8 0.0609087218003
2.82 0.0472703442239
2.84 0.0336356556296
2.86 0.0200170448218
2.88 0.00642697538548
2.9 -0.00712204852768
2.92 -0.0206175173413
2.94 -0.0340469521298
2.96 -0.0473979411726
2.98 -0.0606581770458
3.0 -0.0738154937014
3.02 -0.086857903701
3.04 -0.099773634976
3.06 -0.112551167175
3.08 -0.125179267205
3.1 -0.137647023882
3.12 -0.149943881294
3.14 -0.162059670845
3.16 -0.173984641687
3.18 -0.185709489366
3.2 -0.197225382567
3.22 -0.208523987596
3.24 -0.219597491
3.26 -0.230438619304
3.28 -0.241040656789
3.3 -0.251397460369
3.32 -0.261503472154
3.34 -0.271353729083
3.36 -0.280943870197
3.38 -0.290270141005
3.4 -0.299329395342
3.42 -0.308119094567
3.44 -0.316637304254
3.46 -0.32488268829
3.48 -0.332854500709
3.5 -0.340552575093
3.52 -0.347977311869
3.54 -0.355129663446
3.56 -0.362011117464
3.58 -0.368623678272
3.6 -0.374969846533
3.62 -0.381052597586
3.64 -0.386875358228
3.66 -0.392441982295
3.68 -0.397756725402
3.7 -0.402824218216
3.72 -0.407649439784
3.74 -0.412237689285
3.76 -0.416594558124
3.78 -0.420725901139
3.8 -0.424637807763
3.82 -0.428336573185
3.84 -0.431828669282
3.86 -0.435120715926
3.88 -0.438219452411
3.9 -0.441131709096
3.92 -0.443864379719
3.94 -0.446424393881
3.96 -0.448818690497
3.98 -0.451054191331
4.0 -0.453137775867
4.02 -0.455076256333
4.04 -0.456876353902
4.06 -0.458544675525
4.08 -0.460087691784
4.1 -0.461511715398
4.12 -0.462822880918
4.14 -0.464027125238
4.16 -0.465130168911
4.18 -0.466137498872
4.2 -0.467054351587
4.22 -0.467885697502
4.24 -0.468636226856
4.26 -0.469310335304
4.28 -0.469912112187
4.3 -0.47044532836
4.32 -0.470913425895
4.34 -0.471319508446
4.36 -0.471666332727
4.38 -0.471956300658
4.4 -0.47219145351
4.42 -0.472373465526
4.44 -0.472503639842
4.46 -0.472582904981
4.48 -0.472611811891
4.5 -0.472590532995
4.52 -0.472518860917
4.54 -0.472396209646
4.56 -0.472221615396
4.58 -0.471993739455
4.6 -0.471710871617
4.62 -0.471370934173
4.64 -0.470971488229
4.66 -0.470509739516
4.68 -0.469982546207
4.7 -0.469386427437
4.72 -0.468717572941
4.74 -0.467971853395
4.76 -0.467144832635
4.78 -0.466231779537
4.8 -0.46522768233
4.82 -0.46412726322
4.84 -0.462924993819
4.86 -0.461615112374
4.88 -0.460191641205
4.9 -0.458648405656
4.92 -0.45697905387
4.94 -0.455177077368
4.96 -0.453235832955
4.98 -0.451148565076
5.0 -0.44890842949
5.02 -0.446508517365
5.04 -0.44394188068
5.06 -0.441201557754
5.08 -0.438280600116
5.1 -0.435172099467
5.12 -0.431869215602
5.14 -0.428365204498
5.16 -0.424653447053
5.18 -0.420727478041
5.2 -0.416581015133
5.22 -0.412207988341
5.24 -0.407602569024
5.26 -0.402759199182
5.28 -0.397672620262
5.3 -0.392337901358
5.32 -0.386750467536
5.34 -0.380906126581
5.36 -0.374801095738
5.38 -0.368432026913
5.4 -0.361796030995
5.42 -0.354890700876
5.44 -0.34771413289
5.46 -0.340264946828
5.48 -0.332542304156
5.5 -0.324545924278
5.52 -0.316276098904
5.54 -0.307733704172
5.56 -0.298920210641
5.58 -0.289837690681
5.6 -0.280488823759
5.62 -0.270876898848
5.64 -0.261005814381
5.66 -0.250880075629
5.68 -0.240504789277
5.7 -0.229885655332
5.72 -0.219028956471
5.74 -0.207941544546
5.76 -0.196630824739
5.78 -0.185104736824
5.8 -0.173371734492
5.82 -0.161440761835
5.84 -0.149321227891
5.86 -0.137022979262
5.88 -0.12455627037
5.9 -0.111931732547
5.92 -0.0991603411859
5.94 -0.0862533817772
5.96 -0.0732224146948
5.98 -0.060079239284
6.0 -0.0468358570259
6.02 -0.0335044345195
6.04 -0.02009726608
6.06 -0.00662673647781
6.08 0.00689471614172
6.1 0.0204546367646
6.12 0.0340405894313
6.14 0.0476401921407
6.16 0.0612411507407
6.18 0.0748312914687
6.2 0.0883985921169
6.22 0.101931211471
6.24 0.115417517156
6.26 0.128846111498
6.28 0.142205855462
6.3 0.155485890587
6.32 0.168675658719
6.34 0.181764919722
6.36 0.194743766809
6.38 0.207602639912
6.4 0.220332336696
6.42 0.232924021457
6.44 0.245369231942
6.46 0.25765988411
6.48 0.269788274747
6.5 0.281747082437
6.52 0.293529366432
6.54 0.305128563965
6.56 0.316538485934
6.58 0.327753310966
6.6 0.338767578319
6.62 0.349576179279
6.64 0.360174347627
6.66 0.370557649031
6.68 0.38072196952
6.7 0.390663503347
6.72 0.400378740085
6.74 0.409864451371
6.76 0.419117677095
6.78 0.428135711621
6.8 0.436916089409
6.82 0.445456571127
6.84 0.453755129316
6.86 0.461809934459
6.88 0.469619341269
6.9 0.477181875032
6.92 0.48449621866
6.94 0.491561199763
6.96 0.498375778501
6.98 0.504939035769
7.0 0.511250161922
7.02 0.517308446162
7.04 0.523113266409
7.06 0.528664079816
7.08 0.533960413916
7.1 0.539001858314
7.12 0.543788057036
7.14 0.548318701505
7.16 0.552593523984
7.18 0.556612291749
7.2 0.560374801687
7.22 0.563880875484
7.24 0.567130355321
7.26 0.570123099997
7.28 0.572858981587
7.3 0.575337882458
7.32 0.577559692704
7.34 0.579524307959
7.36 0.581231627577
7.38 0.582681553057
7.4 0.583873986897
7.42 0.584808831554
7.44 0.585485988837
7.46 0.58590535944
7.48 0.586066842723
7.5 0.585970336737
7.52 0.585615738462
7.54 0.585002944249
7.56 0.58413185047
7.58 0.583002354416
7.6 0.581614355422
7.62 0.579967756143
7.64 0.578062464238
7.66 0.575898394159
7.68 0.573475469345
7.7 0.570793624666
7.72 0.567852809161
7.74 0.564652989246
7.76 0.561194152185
7.78 0.557476309997
7.8 0.553499503833
7.82 0.549263808762
7.84 0.544769339035
7.86 0.540016253918
7.88 0.535004763922
7.9 0.52973513769
7.92 0.52420770943
7.94 0.518422886762
7.96 0.512381159399
7.98 0.506083108132
8.0 0.49952941459
8.02 0.492720871426
8.04 0.485658393152
8.06 0.478343027408
8.08 0.470775966779
8.1 0.462958561056
8.12 0.454892329955
8.14 0.44657897607
8.16 0.438020398304
8.18 0.429218705408
8.2 0.420176229764
8.22 0.4108955412
8.24 0.401379460783
8.26 0.391631074657
8.28 0.381653747426
8.3 0.371451135497
8.32 0.361027199764
8.34 0.350386217962
8.36 0.339532796173
8.38 0.328471879644
8.4 0.317208762724
8.42 0.305749097653
8.44 0.294098902275
8.46 0.282264566428
8.48 0.270252856947
8.5 0.258070921051
8.52 0.245726288226
8.54 0.233226870302
8.56 0.220580959577
8.58 0.207797225247
8.6 0.194884707614
8.62 0.181852810378
8.64 0.16871129069
8.66 0.155470247232
8.68 0.142140105893
8.7 0.128731603537
8.72 0.115255769386
8.74 0.101723904491
8.76 0.0881475589554
8.78 0.0745385072802
8.8 0.0609087217997
8.82 0.0472703442226
8.84 0.0336356556306
8.86 0.0200170448218
8.88 0.00642697538355
8.9 -0.00712204852768
8.92 -0.0206175173355
8.94 -0.0340469521337
8.96 -0.0473979411764
8.98 -0.0606581770381
9.0 -0.0738154937052
9.02 -0.086857903701
9.04 -0.0997736349779
9.06 -0.112551167171
9.08 -0.125179267206
9.1 -0.137647023882
9.12 -0.149943881298
9.14 -0.162059670837
9.16 -0.173984641691
9.18 -0.185709489366
9.2 -0.197225382567
9.22 -0.208523987596
9.24 -0.219597490996
9.26 -0.230438619312
9.28 -0.241040656785
9.3 -0.251397460369
9.32 -0.261503472154
9.34 -0.271353729087
9.36 -0.280943870189
9.38 -0.290270141005
9.4 -0.29932939535
9.42 -0.308119094563
9.44 -0.316637304256
9.46 -0.324882688284
9.48 -0.332854500715
9.5 -0.340552575091
9.52 -0.347977311871
9.54 -0.355129663442
9.56 -0.36201111747
9.58 -0.368623678264
9.6 -0.374969846537
9.62 -0.381052597586
9.64 -0.386875358228
9.66 -0.392441982303
9.68 -0.39775672538
9.7 -0.402824218239
9.72 -0.407649439776
9.74 -0.412237689291
9.76 -0.416594558117
9.78 -0.42072590113
9.8 -0.424637807782
9.82 -0.428336573177
9.84 -0.431828669282
9.86 -0.435120715926
9.88 -0.438219452411
9.9 -0.441131709096
9.92 -0.443864379719
9.94 -0.446424393881
9.96 -0.448818690497
9.98 -0.451054191331
10.0 -0.453137775871
10.02 -0.455076256325
10.04 -0.456876353906
10.06 -0.458544675525
10.08 -0.460087691784
10.1 -0.461511715409
10.12 -0.462822880895
10.14 -0.464027125249
10.16 -0.465130168903
10.18 -0.466137498889
10.2 -0.467054351579
10.22 -0.467885697515
10.24 -0.468636226829
10.26 -0.469310335317
10.28 -0.469912112187
10.3 -0.47044532836
10.32 -0.470913425895
10.34 -0.471319508446
10.36 -0.471666332727
10.38 -0.471956300658
10.4 -0.47219145351
10.42 -0.472373465526
10.44 -0.472503639842
10.46 -0.472582904981
10.48 -0.472611811891
10.5 -0.472590532995
10.52 -0.472518860911
10.54 -0.472396209658
10.56 -0.47222161539
10.58 -0.471993739463
10.6 -0.471710871602
10.62 -0.471370934181
10.64 -0.470971488229
10.66 -0.470509739516
10.68 -0.469982546207
10.7 -0.46938642745
10.72 -0.468717572914
10.74 -0.467971853408
10.76 -0.467144832635
10.78 -0.466231779537
10.8 -0.46522768233
10.82 -0.46412726322
10.84 -0.462924993819
10.86 -0.461615112374
10.88 -0.460191641205
10.9 -0.458648405656
10.92 -0.456979053866
10.94 -0.455177077376
10.96 -0.453235832951
10.98 -0.451148565076
11.0 -0.44890842949
11.02 -0.446508517365
11.04 -0.44394188068
11.06 -0.441201557754
11.08 -0.438280600116
11.1 -0.435172099467
11.12 -0.431869215602
11.14 -0.428365204498
11.16 -0.424653447053
11.18 -0.420727478047
11.2 -0.416581015121
11.22 -0.412207988346
11.24 -0.407602569017
11.26 -0.402759199205
11.28 -0.39767262024
11.3 -0.392337901366
11.32 -0.386750467536
11.34 -0.380906126581
11.36 -0.374801095741
11.38 -0.368432026905
11.4 -0.361796030999
11.42 -0.354890700876
11.44 -0.347714132884
11.46 -0.340264946837
11.48 -0.332542304154
11.5 -0.324545924276
11.52 -0.316276098904
11.54 -0.307733704176
11.56 -0.298920210633
11.58 -0.289837690684
11.6 -0.280488823763
11.62 -0.270876898841
11.64 -0.261005814386
11.66 -0.250880075627
11.68 -0.240504789279
11.7 -0.22988565533
11.72 -0.219028956467
11.74 -0.207941544552
11.76 -0.196630824742
11.78 -0.185104736817
11.8 -0.173371734502
11.82 -0.161440761821
11.84 -0.149321227906
11.86 -0.137022979255
11.88 -0.124556270368
11.9 -0.111931732547
11.92 -0.0991603411954
11.94 -0.0862533817657
11.96 -0.0732224146986
11.98 -0.0600792392859
12.0 -0.0468358570221
12.02 -0.0335044345233
12.04 -0.0200972660761
12.06 -0.00662673647974
12.08 0.00689471614172
12.1 0.0204546367646
12.12 0.0340405894343
12.14 0.0476401921346
12.16 0.0612411507399
12.18 0.0748312914764
12.2 0.088398592113
12.22 0.101931211473
12.24 0.115417517151
12.26 0.128846111506
12.28 0.142205855453
12.3 0.155485890592
12.32 0.168675658718
12.34 0.181764919715
12.36 0.194743766814
12.38 0.207602639915
12.4 0.220332336694
12.42 0.232924021458
12.44 0.245369231946
12.46 0.257659884099
12.48 0.269788274756
12.5 0.281747082436
12.52 0.293529366432
12.54 0.305128563965
12.56 0.316538485924
12.58 0.327753310976
12.6 0.338767578319
12.62 0.349576179279
12.64 0.360174347626
12.66 0.370557649026
12.68 0.380721969522
12.7 0.390663503349
12.72 0.400378740087
12.74 0.40986445137
12.76 0.419117677099
12.78 0.42813571161
12.8 0.436916089417
12.82 0.445456571128
12.84 0.453755129314
12.86 0.461809934461
12.88 0.469619341266
12.9 0.477181875035
12.92 0.48449621866
12.94 0.491561199762
12.96 0.498375778501
12.98 0.504939035769
13.0 0.511250161922
13.02 0.51730844616
13.04 0.523113266413
13.06 0.528664079816
13.08 0.533960413914
13.1 0.539001858314
13.12 0.543788057037
13.14 0.548318701505
13.16 0.552593523985
13.18 0.556612291746
13.2 0.560374801688
13.22 0.563880875484
13.24 0.567130355318
13.26 0.570123100001
13.28 0.572858981585
13.3 0.575337882462
13.32 0.577559692695
13.34 0.579524307964
13.36 0.581231627577
13.38 0.582681553057
13.4 0.583873986897
13.42 0.584808831554
13.44 0.585485988837
13.46 0.58590535944
13.48 0.586066842723
13.5 0.585970336737
13.52 0.585615738462
13.54 0.585002944249
13.56 0.58413185047
13.58 0.583002354416
13.6 0.581614355422
13.62 0.579967756143
13.64 0.578062464238
13.66 0.575898394158
13.68 0.573475469351
13.7 0.57079362466
13.72 0.567852809158
13.74 0.564652989253
13.76 0.561194152186
13.78 0.55747630999
13.8 0.553499503838
13.82 0.54926380876
13.84 0.544769339035
13.86 0.540016253918
13.88 0.535004763921
13.9 0.529735137695
13.92 0.524207709423
13.94 0.518422886769
13.96 0.512381159394
13.98 0.506083108138
14.0 0.499529414584
14.02 0.492720871428
14.04 0.48565839315
14.06 0.478343027411
14.08 0.470775966774
14.1 0.46295856106
14.12 0.454892329962
14.14 0.446578976059
14.16 0.438020398304
14.18 0.429218705413
14.2 0.420176229766
14.22 0.410895541193
14.24 0.401379460786
14.26 0.39163107466
14.28 0.381653747424
14.3 0.371451135495
14.32 0.361027199764
14.34 0.350386217971
14.36 0.339532796162
14.38 0.328471879649
14.4 0.317208762723
14.42 0.305749097653
14.44 0.294098902276
14.46 0.282264566428
14.48 0.270252856947
14.5 0.258070921051
14.52 0.245726288225
14.54 0.233226870305
14.56 0.220580959577
14.58 0.207797225241
14.6 0.194884707619
14.62 0.181852810377
14.64 0.168711290695
14.66 0.155470247224
14.68 0.142140105897
14.7 0.128731603537
14.72 0.115255769384
14.74 0.101723904491
14.76 0.0881475589603
14.78 0.0745385072759
14.8 0.0609087218003
14.82 0.0472703442267
14.84 0.0336356556182
14.86 0.0200170448361
14.88 0.00642697537776
14.9 -0.00712204852382
14.92 -0.0206175173432
14.94 -0.0340469521298
14.96 -0.0473979411764
14.98 -0.0606581770381
15.0 -0.0738154937014
15.02 -0.0868579037106
15.04 -0.0997736349722
15.06 -0.112551167175
15.08 -0.125179267197
15.1 -0.137647023888
15.12 -0.149943881294
15.14 -0.162059670845
15.16 -0.173984641686
15.18 -0.185709489372
15.2 -0.197225382558
15.22 -0.2085239876
15.24 -0.219597491
15.26 -0.230438619304
15.28 -0.241040656788
15.3 -0.251397460371
15.32 -0.261503472157
15.34 -0.271353729075
15.36 -0.280943870201
15.38 -0.290270141002
15.4 -0.29932939535
15.42 -0.308119094567
15.44 -0.316637304246
15.46 -0.324882688293
15.48 -0.332854500703
15.5 -0.340552575105
15.52 -0.347977311866
15.54 -0.355129663446
15.56 -0.362011117458
15.58 -0.368623678276
15.6 -0.374969846533
15.62 -0.381052597586
15.64 -0.386875358228
15.66 -0.392441982295
15.68 -0.397756725402
15.7 -0.402824218209
15.72 -0.407649439799
15.74 -0.412237689283
15.76 -0.416594558117
15.78 -0.420725901137
15.8 -0.424637807766
15.82 -0.428336573185
15.84 -0.431828669282
15.86 -0.435120715922
15.88 -0.438219452419
15.9 -0.441131709093
15.92 -0.443864379725
15.94 -0.446424393867
15.96 -0.448818690505
15.98 -0.451054191331
16.0 -0.453137775867
16.02 -0.455076256333
16.04 -0.456876353902
16.06 -0.458544675525
16.08 -0.460087691784
16.1 -0.461511715398
16.12 -0.462822880918
16.14 -0.464027125238
16.16 -0.465130168911
16.18 -0.466137498872
16.2 -0.467054351587
16.22 -0.467885697515
16.24 -0.468636226829
16.26 -0.469310335317
16.28 -0.46991211218
16.3 -0.470445328376
16.32 -0.470913425888
16.34 -0.471319508454
16.36 -0.471666332711
16.38 -0.471956300665
16.4 -0.472191453504
16.42 -0.472373465537
16.44 -0.472503639837
16.46 -0.472582904981
16.48 -0.472611811891
16.5 -0.472590532995
16.52 -0.472518860917
16.54 -0.472396209646
16.56 -0.472221615396
16.58 -0.471993739455
16.6 -0.471710871617
16.62 -0.471370934173
16.64 -0.470971488229
16.66 -0.470509739516
16.68 -0.469982546207
16.7 -0.469386427437
16.72 -0.468717572941
16.74 -0.467971853395
16.76 -0.467144832635
16.78 -0.466231779537
16.8 -0.46522768233
16.82 -0.46412726322
16.84 -0.462924993813
16.86 -0.461615112387
16.88 -0.460191641198
16.9 -0.458648405656
16.92 -0.45697905387
16.94 -0.455177077368
16.96 -0.453235832955
16.98 -0.451148565076
17.0 -0.44890842949
17.02 -0.446508517365
17.04 -0.44394188068
17.06 -0.441201557754
17.08 -0.438280600116
17.1 -0.435172099467
17.12 -0.431869215602
17.14 -0.428365204498
17.16 -0.424653447053
17.18 -0.420727478041
17.2 -0.416581015133
17.22 -0.412207988341
17.24 -0.407602569024
17.26 -0.402759199182
17.28 -0.397672620262
17.3 -0.392337901358
17.32 -0.386750467536
17.34 -0.380906126581
17.36 -0.374801095738
17.38 -0.368432026913
17.4 -0.361796030993
17.42 -0.354890700886
17.44 -0.347714132876
17.46 -0.340264946832
17.48 -0.33254230416
17.5 -0.324545924276
17.52 -0.316276098904
17.54 -0.307733704172
17.56 -0.298920210646
17.58 -0.289837690665
17.6 -0.280488823773
17.62 -0.270876898839
17.64 -0.261005814395
17.66 -0.250880075619
17.68 -0.240504789279
17.7 -0.229885655328
17.72 -0.219028956474
17.74 -0.207941544548
17.76 -0.19663082474
17.78 -0.185104736824
17.8 -0.17337173449
17.82 -0.161440761831
17.84 -0.1493212279
17.86 -0.137022979262
17.88 -0.124556270359
17.9 -0.111931732553
17.92 -0.099160341182
17.94 -0.0862533817849
17.96 -0.073222414691
17.98 -0.060079239282
18.0 -0.0468358570317
18.02 -0.0335044345118
18.04 -0.0200972660819
18.06 -0.00662673647675
18.08 0.0068947161261
18.1 0.0204546367811
18.12 0.0340405894313
18.14 0.0476401921357
18.16 0.0612411507371
18.18 0.0748312914773
18.2 0.0883985921126
18.22 0.101931211472
18.24 0.115417517156
18.26 0.128846111503
18.28 0.142205855458
18.3 0.155485890573
18.32 0.168675658736
18.34 0.181764919719
18.36 0.1947437668
18.38 0.207602639925
18.4 0.22033233669
18.42 0.232924021461
18.44 0.245369231935
18.46 0.257659884114
18.48 0.269788274747
18.5 0.281747082442
18.52 0.293529366419
18.54 0.305128563974
18.56 0.31653848593
18.58 0.327753310966
18.6 0.338767578325
18.62 0.349576179277
18.64 0.360174347625
18.66 0.370557649027
18.68 0.380721969522
18.7 0.39066350335
18.72 0.400378740084
18.74 0.409864451362
18.76 0.419117677108
18.78 0.428135711616
18.8 0.436916089406
18.82 0.445456571134
18.84 0.453755129312
18.86 0.461809934463
18.88 0.469619341258
18.9 0.477181875046
18.92 0.484496218652
18.94 0.491561199768
18.96 0.498375778495
18.98 0.504939035771
19.0 0.511250161923
19.02 0.51730844616
19.04 0.523113266413
19.06 0.528664079816
19.08 0.533960413914
19.1 0.539001858313
19.12 0.543788057038
19.14 0.548318701505
19.16 0.552593523985
19.18 0.556612291746
19.2 0.560374801688
19.22 0.563880875484
19.24 0.567130355318
19.26 0.570123100001
19.28 0.572858981585
19.3 0.575337882462
19.32 0.577559692695
19.34 0.579524307967
19.36 0.58123162757
19.38 0.582681553061
19.4 0.583873986897
19.42 0.584808831554
19.44 0.585485988837
19.46 0.58590535944
19.48 0.586066842723
19.5 0.585970336737
19.52 0.585615738462
19.54 0.585002944249
19.56 0.58413185047
19.58 0.583002354416
19.6 0.581614355423
19.62 0.579967756143
19.64 0.578062464231
19.66 0.575898394162
19.68 0.573475469351
19.7 0.57079362466
19.72 0.567852809158
19.74 0.564652989253
19.76 0.561194152185
19.78 0.557476309994
19.8 0.553499503835
19.82 0.549263808763
19.84 0.544769339036
19.86 0.540016253917
19.88 0.535004763918
19.9 0.529735137697
19.92 0.524207709423
19.94 0.518422886769
19.96 0.512381159394
19.98 0.506083108136
20.0 0.499529414586
20.02 0.492720871428
20.04 0.485658393158
20.06 0.4783430274
20.08 0.47077596678
20.1 0.462958561056
20.12 0.45489232996
20.14 0.446578976065
20.16 0.438020398302
20.18 0.429218705411
20.2 0.420176229769
20.22 0.410895541193
20.24 0.401379460783
20.26 0.391631074664
20.28 0.381653747423
20.3 0.371451135491
20.32 0.361027199766
20.34 0.350386217967
20.36 0.339532796173
20.38 0.328471879636
20.4 0.317208762733
20.42 0.305749097645
20.44 0.294098902279
20.46 0.282264566426
20.48 0.27025285695
20.5 0.258070921054
20.52 0.245726288221
20.54 0.233226870302
20.56 0.220580959576
20.58 0.207797225255
20.6 0.194884707615
20.62 0.181852810364
20.64 0.168711290707
20.66 0.15547024722
20.68 0.142140105897
20.7 0.128731603539
20.72 0.115255769382
20.74 0.101723904489
20.76 0.0881475589584
20.78 0.0745385072836
20.8 0.0609087217995
20.82 0.0472703442168
20.84 0.0336356556347
20.86 0.0200170448188
20.88 0.00642697538934
20.9 -0.00712204853646
20.92 -0.0206175173314
20.94 -0.034046952129
20.96 -0.0473979411803
20.98 -0.0606581770392
21.0 -0.0738154936954
21.02 -0.0868579037193
21.04 -0.0997736349645
21.06 -0.112551167189
21.08 -0.125179267182
21.1 -0.137647023899
21.12 -0.149943881282
21.14 -0.162059670847
21.16 -0.173984641695
21.18 -0.185709489362
21.2 -0.197225382566
21.22 -0.208523987597
21.24 -0.219597491
21.26 -0.230438619302
21.28 -0.241040656789
21.3 -0.251397460371
21.32 -0.26150347215
21.34 -0.271353729094
21.36 -0.280943870186
21.38 -0.290270141005
21.4 -0.29932939535
21.42 -0.308119094567
21.44 -0.316637304238
21.46 -0.324882688311
21.48 -0.332854500695
21.5 -0.34055257511
21.52 -0.347977311852
21.54 -0.355129663456
21.56 -0.362011117457
21.58 -0.368623678276
21.6 -0.374969846533
21.62 -0.381052597586
21.64 -0.386875358228
21.66 -0.392441982303
21.68 -0.39775672538
21.7 -0.402824218239
21.72 -0.407649439771
21.74 -0.412237689302
21.76 -0.416594558107
21.78 -0.420725901145
21.8 -0.424637807763
21.82 -0.428336573185
21.84 -0.431828669282
21.86 -0.435120715922
21.88 -0.438219452419
21.9 -0.441131709093
21.92 -0.443864379717
21.94 -0.446424393882
21.96 -0.448818690505
21.98 -0.451054191321
22.0 -0.453137775865
22.02 -0.455076256337
22.04 -0.456876353902
22.06 -0.458544675525
22.08 -0.460087691784
22.1 -0.461511715398
22.12 -0.462822880918
22.14 -0.464027125246
22.16 -0.465130168887
22.18 -0.466137498908
22.2 -0.467054351556
22.22 -0.467885697527
22.24 -0.468636226828
22.26 -0.469310335318
22.28 -0.46991211218
22.3 -0.470445328376
22.32 -0.470913425888
22.34 -0.471319508446
22.36 -0.471666332727
22.38 -0.471956300658
22.4 -0.47219145351
22.42 -0.472373465526
22.44 -0.472503639842
22.46 -0.472582904981
22.48 -0.472611811891
22.5 -0.472590532995
22.52 -0.472518860917
22.54 -0.472396209646
22.56 -0.472221615396
22.58 -0.471993739463
22.6 -0.471710871602
22.62 -0.471370934181
22.64 -0.470971488229
22.66 -0.470509739516
22.68 -0.469982546207
22.7 -0.469386427437
22.72 -0.468717572941
22.74 -0.467971853395
22.76 -0.467144832655
22.78 -0.466231779497
22.8 -0.465227682349
22.82 -0.46412726322
22.84 -0.462924993819
22.86 -0.46161511237
22.88 -0.460191641212
22.9 -0.458648405652
22.92 -0.45697905387
22.94 -0.455177077368
22.96 -0.453235832955
22.98 -0.451148565071
23.0 -0.448908429501
23.02 -0.446508517355
23.04 -0.443941880688
23.06 -0.441201557746
23.08 -0.438280600124
23.1 -0.435172099455
23.12 -0.431869215617
23.14 -0.42836520449
23.16 -0.424653447053
23.18 -0.420727478041
23.2 -0.416581015139
23.22 -0.41220798832
23.24 -0.407602569038
23.26 -0.40275919919
23.28 -0.397672620255
23.3 -0.392337901352
23.32 -0.386750467548
23.34 -0.380906126575
23.36 -0.374801095738
23.38 -0.368432026907
23.4 -0.361796031005
23.42 -0.354890700875
23.44 -0.347714132888
23.46 -0.340264946826
23.48 -0.332542304162
23.5 -0.32454592427
23.52 -0.316276098906
23.54 -0.307733704174
23.56 -0.298920210644
23.58 -0.289837690673
23.6 -0.280488823767
23.62 -0.270876898845
23.64 -0.261005814383
23.66 -0.250880075625
23.68 -0.240504789275
23.7 -0.229885655333
23.72 -0.219028956474
23.74 -0.207941544551
23.76 -0.196630824731
23.78 -0.185104736829
23.8 -0.17337173449
23.82 -0.161440761831
23.84 -0.1493212279
23.86 -0.137022979256
23.88 -0.124556270371
23.9 -0.11193173254
23.92 -0.099160341205
23.94 -0.0862533817562
23.96 -0.0732224147101
23.98 -0.0600792392801
24.0 -0.046835857024
24.02 -0.0335044345156
24.04 -0.0200972660819
24.06 -0.00662673648359
24.08 0.0068947161398
24.1 0.020454636782
24.12 0.0340405894159
24.14 0.0476401921445
24.16 0.0612411507388
24.18 0.0748312914779
24.2 0.0883985921018
24.22 0.101931211479
24.24 0.115417517156
24.26 0.128846111505
24.28 0.142205855455
24.3 0.155485890582
24.32 0.168675658722
24.34 0.181764919726
24.36 0.1947437668
24.38 0.20760263993
24.4 0.22033233668
24.42 0.232924021459
24.44 0.245369231949
24.46 0.257659884107
24.48 0.269788274751
24.5 0.281747082429
24.52 0.293529366434
24.54 0.305128563976
24.56 0.316538485917
24.58 0.327753310973
24.6 0.33876757832
24.62 0.34957617928
24.64 0.360174347627
24.66 0.370557649026
24.68 0.380721969522
24.7 0.390663503345
24.72 0.400378740086
24.74 0.409864451379
24.76 0.419117677089
24.78 0.428135711621
24.8 0.436916089406
24.82 0.445456571137
24.84 0.453755129305
24.86 0.461809934463
24.88 0.469619341265
24.9 0.477181875043
24.92 0.484496218652
24.94 0.491561199765
24.96 0.498375778502
24.98 0.504939035771
25.0 0.511250161916
25.02 0.517308446167
25.04 0.523113266405
25.06 0.528664079816
25.08 0.533960413921
25.1 0.53900185831
25.12 0.543788057038
25.14 0.548318701503
25.16 0.552593523985
25.18 0.556612291751
25.2 0.560374801686
25.22 0.563880875483
25.24 0.567130355318
25.26 0.570123100003
25.28 0.572858981581
25.3 0.57533788246
25.32 0.577559692704
25.34 0.579524307963
25.36 0.58123162757
25.38 0.582681553061
25.4 0.583873986897
25.42 0.584808831554
25.44 0.585485988837
25.46 0.58590535944
25.48 0.586066842723
25.5 0.585970336737
25.52 0.585615738462
25.54 0.585002944249
25.56 0.58413185047
25.58 0.583002354416
25.6 0.581614355423
25.62 0.579967756139
25.64 0.578062464239
25.66 0.575898394158
25.68 0.573475469351
25.7 0.570793624661
25.72 0.567852809158
25.74 0.564652989255
25.76 0.561194152181
25.78 0.557476309997
25.8 0.553499503831
25.82 0.549263808765
25.84 0.544769339035
25.86 0.540016253917
25.88 0.535004763918
25.9 0.529735137695
25.92 0.524207709426
25.94 0.518422886766
25.96 0.512381159394
25.98 0.506083108139
26.0 0.499529414582
26.02 0.492720871433
26.04 0.485658393146
26.06 0.478343027412
26.08 0.470775966782
26.1 0.462958561049
26.12 0.454892329962
26.14 0.446578976062
26.16 0.438020398309
26.18 0.429218705411
26.2 0.420176229758
26.22 0.410895541207
26.24 0.401379460784
26.26 0.391631074645
26.28 0.381653747438
26.3 0.371451135487
26.32 0.361027199768
26.34 0.350386217968
26.36 0.339532796166
26.38 0.328471879655
26.4 0.317208762717
26.42 0.305749097649
26.44 0.294098902275
26.46 0.282264566436
26.48 0.270252856941
26.5 0.258070921057
26.52 0.245726288227
26.54 0.233226870291
26.56 0.220580959588
26.58 0.207797225238
26.6 0.194884707623
26.62 0.181852810376
26.64 0.168711290686
26.66 0.155470247242
26.68 0.142140105888
26.7 0.128731603527
26.72 0.115255769398
26.74 0.101723904484
26.76 0.0881475589584
26.78 0.0745385072806
26.8 0.0609087217948
26.82 0.0472703442364
26.84 0.033635655618
26.86 0.0200170448276
26.88 0.00642697538248
26.9 -0.0071220485236
26.92 -0.0206175173492
26.94 -0.03404695212
26.96 -0.0473979411745
26.98 -0.0606581770528
27.0 -0.0738154936963
27.02 -0.0868579037089
27.04 -0.0997736349662
27.06 -0.112551167178
27.08 -0.125179267212
27.1 -0.137647023863
27.12 -0.1499438813
27.14 -0.162059670857
27.16 -0.173984641679
27.18 -0.185709489367
27.2 -0.197225382566
27.22 -0.208523987592
27.24 -0.219597491015
27.26 -0.230438619291
27.28 -0.241040656794
27.3 -0.251397460367
27.32 -0.261503472159
27.34 -0.271353729075
27.36 -0.28094387021
27.38 -0.290270140986
27.4 -0.299329395349
27.42 -0.308119094577
27.44 -0.316637304243
27.46 -0.324882688293
27.48 -0.332854500711
27.5 -0.340552575098
27.52 -0.347977311866
27.54 -0.355129663437
27.56 -0.362011117472
27.58 -0.368623678276
27.6 -0.374969846526
27.62 -0.381052597589
27.64 -0.386875358228
27.66 -0.392441982295
27.68 -0.397756725402
27.7 -0.402824218216
27.72 -0.407649439785
27.74 -0.412237689289
27.76 -0.416594558117
27.78 -0.420725901137
27.8 -0.424637807766
27.82 -0.428336573185
27.84 -0.431828669274
27.86 -0.435120715937
27.88 -0.438219452411
27.9 -0.4411317091
27.92 -0.443864379702
27.94 -0.44642439389
27.96 -0.448818690505
27.98 -0.451054191316
28.0 -0.453137775878
28.02 -0.455076256335
28.04 -0.456876353887
28.06 -0.458544675535
28.08 -0.460087691784
28.1 -0.461511715397
28.12 -0.462822880919
28.14 -0.464027125237
28.16 -0.465130168911
28.18 -0.466137498884
28.2 -0.467054351564
28.22 -0.467885697527
28.24 -0.468636226842
28.26 -0.469310335293
28.28 -0.4699121122
28.3 -0.47044532836
28.32 -0.470913425895
28.34 -0.471319508454
28.36 -0.471666332711
28.38 -0.471956300665
28.4 -0.472191453504
28.42 -0.472373465537
28.44 -0.472503639837
28.46 -0.472582904981
28.48 -0.472611811891
28.5 -0.472590532995
28.52 -0.472518860917
28.54 -0.472396209646
28.56 -0.472221615396
28.58 -0.471993739455
28.6 -0.471710871617
28.62 -0.471370934173
28.64 -0.470971488229
28.66 -0.470509739516
28.68 -0.469982546207
28.7 -0.469386427437
28.72 -0.468717572941
28.74 -0.467971853395
28.76 -0.467144832635
28.78 -0.466231779537
28.8 -0.465227682318
28.82 -0.464127263254
28.84 -0.462924993778
28.86 -0.461615112398
28.88 -0.460191641192
28.9 -0.458648405667
28.92 -0.456979053864
28.94 -0.455177077368
28.96 -0.453235832955
28.98 -0.451148565076
29.0 -0.44890842949
29.02 -0.446508517365
29.04 -0.44394188068
29.06 -0.44120155775
29.08 -0.438280600116
29.1 -0.435172099478
29.12 -0.431869215595
29.14 -0.42836520449
29.16 -0.424653447073
29.18 -0.420727478026
29.2 -0.416581015136
29.22 -0.412207988341
29.24 -0.407602569017
29.26 -0.402759199205
29.28 -0.397672620236
29.3 -0.392337901373
29.32 -0.386750467538
29.34 -0.380906126564
29.36 -0.374801095755
29.38 -0.368432026911
29.4 -0.361796030986
29.42 -0.35489070089
29.44 -0.347714132876
29.46 -0.340264946832
29.48 -0.332542304155
29.5 -0.324545924284
29.52 -0.316276098894
29.54 -0.307733704191
29.56 -0.298920210624
29.58 -0.289837690681
29.6 -0.280488823771
29.62 -0.270876898831
29.64 -0.261005814398
29.66 -0.250880075621
29.68 -0.240504789275
29.7 -0.229885655337
29.72 -0.219028956464
29.74 -0.20794154455
29.76 -0.196630824742
29.78 -0.185104736814
29.8 -0.173371734506
29.82 -0.161440761826
29.84 -0.149321227893
29.86 -0.137022979267
29.88 -0.124556270359
29.9 -0.111931732553
29.92 -0.099160341182
29.94 -0.0862533817791
29.96 -0.0732224146995
29.98 -0.0600792392861
30.0 -0.0468358570191
30.02 -0.0335044345195
30.04 -0.0200972660857
30.06 -0.0066267364652
30.08 0.0068947161261
30.1 0.0204546367685
30.12 0.0340405894423
30.14 0.0476401921286
30.16 0.0612411507431
30.18 0.0748312914732
30.2 0.0883985921103
30.22 0.10193121148
30.24 0.115417517147
30.26 0.128846111498
30.28 0.142205855472
30.3 0.155485890575
30.32 0.168675658725
30.34 0.181764919722
30.36 0.194743766807
30.38 0.207602639916
30.4 0.220332336694
30.42 0.232924021449
30.44 0.245369231949
30.46 0.257659884111
30.48 0.269788274748
30.5 0.28174708244
30.52 0.293529366423
30.54 0.305128563967
30.56 0.316538485934
30.58 0.327753310968
30.6 0.338767578323
30.62 0.349576179277
30.64 0.360174347625
30.66 0.370557649032
30.68 0.380721969518
30.7 0.390663503339
30.72 0.400378740096
30.74 0.409864451369
30.76 0.419117677095
30.78 0.428135711624
30.8 0.436916089399
30.82 0.445456571147
30.84 0.453755129294
30.86 0.461809934467
30.88 0.469619341273
30.9 0.477181875028
30.92 0.484496218662
30.94 0.491561199762
30.96 0.498375778503
30.98 0.504939035765
31.0 0.511250161922
31.02 0.517308446163
31.04 0.523113266411
31.06 0.528664079816
31.08 0.533960413914
31.1 0.539001858313
31.12 0.543788057042
31.14 0.548318701496
31.16 0.552593523992
31.18 0.556612291744
31.2 0.560374801685
31.22 0.563880875491
31.24 0.567130355315
31.26 0.570123100002
31.28 0.572858981581
31.3 0.575337882459
31.32 0.577559692705
31.34 0.579524307956
31.36 0.581231627579
31.38 0.582681553057
31.4 0.583873986899
31.42 0.584808831549
31.44 0.585485988839
31.46 0.58590535944
31.48 0.586066842723
31.5 0.585970336737
31.52 0.585615738462
31.54 0.585002944249
31.56 0.58413185047
31.58 0.583002354416
31.6 0.581614355422
31.62 0.579967756143
31.64 0.578062464238
31.66 0.575898394158
31.68 0.57347546935
31.7 0.570793624658
31.72 0.567852809165
31.74 0.564652989251
31.76 0.561194152178
31.78 0.557476310004
31.8 0.553499503829
31.82 0.549263808762
31.84 0.544769339035
31.86 0.540016253922
31.88 0.535004763915
31.9 0.529735137696
31.92 0.524207709424
31.94 0.518422886769
31.96 0.512381159393
31.98 0.506083108134
32.0 0.499529414597
32.02 0.492720871421
32.04 0.48565839315
32.06 0.478343027409
32.08 0.470775966783
32.1 0.462958561048
32.12 0.454892329964
32.14 0.446578976058
32.16 0.438020398316
32.18 0.429218705411
32.2 0.420176229752
32.22 0.41089554121
32.24 0.401379460779
32.26 0.391631074656
32.28 0.381653747426
32.3 0.371451135504
32.32 0.361027199757
32.34 0.350386217966
32.36 0.339532796169
32.38 0.328471879647
32.4 0.317208762719
32.42 0.305749097655
32.44 0.29409890228
32.46 0.282264566427
32.48 0.270252856942
32.5 0.258070921051
32.52 0.245726288241
32.54 0.23322687028
32.56 0.220580959595
32.58 0.207797225229
32.6 0.194884707631
32.62 0.181852810378
32.64 0.168711290677
32.66 0.155470247245
32.68 0.142140105883
32.7 0.128731603537
32.72 0.115255769394
32.74 0.101723904489
32.76 0.0881475589483
32.78 0.0745385072841
32.8 0.060908721798
32.82 0.0472703442247
32.84 0.0336356556306
32.86 0.0200170448179
32.88 0.00642697539621
32.9 -0.00712204853646
32.92 -0.0206175173432
32.94 -0.0340469521213
32.96 -0.0473979411732
32.98 -0.0606581770596
33.0 -0.0738154936848
33.02 -0.0868579037185
33.04 -0.0997736349585
33.06 -0.112551167177
33.08 -0.125179267222
33.1 -0.137647023858
33.12 -0.149943881305
33.14 -0.162059670846
33.16 -0.173984641679
33.18 -0.185709489375
33.2 -0.197225382569
33.22 -0.208523987592
33.24 -0.219597491
33.26 -0.230438619308
33.28 -0.241040656786
33.3 -0.251397460369
33.32 -0.261503472148
33.34 -0.271353729088
33.36 -0.280943870203
33.38 -0.290270140994
33.4 -0.299329395345
33.42 -0.308119094582
33.44 -0.316637304232
33.46 -0.324882688291
33.48 -0.332854500724
33.5 -0.340552575086
33.52 -0.347977311877
33.54 -0.355129663431
33.56 -0.362011117476
33.58 -0.368623678268
33.6 -0.37496984653
33.62 -0.381052597589
33.64 -0.386875358228
33.66 -0.392441982303
33.68 -0.397756725387
33.7 -0.402824218224
33.72 -0.407649439792
33.74 -0.412237689274
33.76 -0.416594558121
33.78 -0.420725901145
33.8 -0.424637807768
33.82 -0.428336573173
33.84 -0.43182866928
33.86 -0.435120715941
33.88 -0.438219452404
33.9 -0.441131709092
33.92 -0.443864379727
33.94 -0.446424393877
33.96 -0.448818690505
33.98 -0.451054191316
34.0 -0.453137775875
34.02 -0.455076256342
34.04 -0.456876353878
34.06 -0.458544675543
34.08 -0.460087691786
34.1 -0.461511715394
34.12 -0.462822880918
34.14 -0.464027125246
34.16 -0.465130168887
34.18 -0.466137498897
34.2 -0.467054351579
34.22 -0.467885697516
34.24 -0.468636226839
34.26 -0.469310335295
34.28 -0.469912112199
34.3 -0.470445328354
34.32 -0.470913425907
34.34 -0.471319508448
34.36 -0.471666332711
34.38 -0.471956300665
34.4 -0.472191453504
34.42 -0.472373465537
34.44 -0.472503639837
34.46 -0.472582904981
34.48 -0.472611811891
34.5 -0.472590532995
34.52 -0.472518860917
34.54 -0.472396209646
34.56 -0.472221615383
34.58 -0.47199373949
34.6 -0.471710871588
34.62 -0.471370934181
34.64 -0.470971488229
34.66 -0.470509739516
34.68 -0.469982546207
34.7 -0.469386427437
34.72 -0.468717572941
34.74 -0.467971853406
34.76 -0.467144832612
34.78 -0.466231779557
34.8 -0.465227682303
34.82 -0.464127263262
34.84 -0.462924993778
34.86 -0.461615112398
34.88 -0.460191641192
34.9 -0.458648405667
34.92 -0.45697905386
34.94 -0.455177077376
34.96 -0.453235832951
34.98 -0.451148565071
35.0 -0.448908429501
35.02 -0.446508517355
35.04 -0.443941880688
35.06 -0.44120155775
35.08 -0.438280600109
35.1 -0.435172099482
35.12 -0.431869215595
35.14 -0.428365204498
35.16 -0.424653447057
35.18 -0.420727478025
35.2 -0.416581015153
35.22 -0.412207988332
35.24 -0.407602569017
35.26 -0.402759199205
35.28 -0.39767262023
35.3 -0.392337901385
35.32 -0.386750467532
35.34 -0.380906126564
35.36 -0.374801095759
35.38 -0.3684320269
35.4 -0.361796030997
35.42 -0.35489070088
35.44 -0.347714132882
35.46 -0.340264946832
35.48 -0.332542304167
35.5 -0.324545924267
35.52 -0.316276098902
35.54 -0.30773370418
35.56 -0.298920210635
35.58 -0.289837690681
35.6 -0.280488823769
35.62 -0.270876898828
35.64 -0.261005814405
35.66 -0.250880075625
35.68 -0.24050478926
35.7 -0.229885655345
35.72 -0.21902895646
35.74 -0.207941544558
35.76 -0.196630824738
35.78 -0.185104736814
35.8 -0.173371734512
35.82 -0.161440761809
35.84 -0.14932122791
35.86 -0.137022979255
35.88 -0.124556270365
35.9 -0.111931732549
35.92 -0.0991603412001
35.94 -0.0862533817619
35.96 -0.0732224146986
35.98 -0.0600792392782
36.0 -0.0468358570344
36.02 -0.0335044345129
36.04 -0.0200972660926
36.06 -0.00662673646328
36.08 0.0068947161321
36.1 0.0204546367655
36.12 0.0340405894442
36.14 0.0476401921248
36.16 0.0612411507543
36.18 0.0748312914547
36.2 0.0883985921141
36.22 0.101931211491
36.24 0.115417517141
36.26 0.128846111504
36.28 0.142205855464
36.3 0.155485890582
36.32 0.168675658715
36.34 0.181764919736
36.36 0.194743766793
36.38 0.207602639921
36.4 0.220332336694
36.42 0.232924021461
36.44 0.245369231942
36.46 0.257659884104
36.48 0.269788274748
36.5 0.28174708244
36.52 0.293529366431
36.54 0.305128563965
36.56 0.316538485937
36.58 0.327753310956
36.6 0.338767578337
36.62 0.349576179264
36.64 0.360174347625
36.66 0.370557649045
36.68 0.380721969504
36.7 0.390663503354
36.72 0.400378740087
36.74 0.409864451371
36.76 0.419117677095
36.78 0.428135711617
36.8 0.436916089412
36.82 0.445456571131
36.84 0.453755129312
36.86 0.461809934465
36.88 0.46961934126
36.9 0.477181875038
36.92 0.484496218655
36.94 0.491561199765
36.96 0.498375778504
36.98 0.504939035765
37.0 0.511250161927
37.02 0.517308446153
37.04 0.523113266421
37.06 0.528664079806
37.08 0.533960413916
37.1 0.539001858319
37.12 0.543788057035
37.14 0.548318701504
37.16 0.552593523985
37.18 0.556612291746
37.2 0.560374801685
37.22 0.563880875489
37.24 0.567130355318
37.26 0.570123099999
37.28 0.572858981585
37.3 0.575337882462
37.32 0.577559692697
37.34 0.579524307964
37.36 0.581231627572
37.38 0.582681553061
37.4 0.583873986899
37.42 0.584808831549
37.44 0.585485988839
37.46 0.58590535944
37.48 0.586066842723
37.5 0.585970336737
37.52 0.585615738464
37.54 0.585002944244
37.56 0.584131850472
37.58 0.583002354416
37.6 0.581614355422
37.62 0.579967756143
37.64 0.578062464238
37.66 0.575898394159
37.68 0.573475469347
37.7 0.57079362466
37.72 0.567852809163
37.74 0.564652989251
37.76 0.561194152181
37.78 0.557476309999
37.8 0.553499503836
37.82 0.549263808759
37.84 0.544769339035
37.86 0.540016253922
37.88 0.535004763909
37.9 0.529735137707
37.92 0.524207709413
37.94 0.518422886779
37.96 0.512381159392
37.98 0.506083108124
38.0 0.499529414601
38.02 0.492720871421
38.04 0.48565839315
38.06 0.478343027409
38.08 0.470775966783
38.1 0.462958561052
38.12 0.454892329955
38.14 0.446578976069
38.16 0.438020398302
38.18 0.429218705411
38.2 0.420176229768
38.22 0.410895541198
38.24 0.401379460782
38.26 0.391631074656
38.28 0.381653747426
38.3 0.371451135504
38.32 0.361027199751
38.34 0.350386217979
38.36 0.339532796156
38.38 0.32847187966
38.4 0.317208762719
38.42 0.305749097642
38.44 0.294098902286
38.46 0.282264566427
38.48 0.270252856942
38.5 0.258070921051
38.52 0.24572628824
38.54 0.233226870287
38.56 0.220580959581
38.58 0.207797225245
38.6 0.194884707614
38.62 0.181852810378
38.64 0.168711290694
38.66 0.155470247237
38.68 0.142140105883
38.7 0.128731603538
38.72 0.115255769387
38.74 0.1017239045
38.76 0.0881475589353
38.78 0.0745385073028
38.8 0.0609087217965
38.82 0.0472703442071
38.84 0.0336356556455
38.86 0.0200170448059
38.88 0.00642697540221
38.9 -0.00712204853646
38.92 -0.0206175173432
38.94 -0.0340469521125
38.96 -0.0473979411937
38.98 -0.0606581770381
39.0 -0.0738154937014
39.02 -0.0868579037021
39.04 -0.0997736349777
39.06 -0.11255116718
39.08 -0.125179267197
39.1 -0.137647023871
39.12 -0.149943881309
39.14 -0.162059670838
39.16 -0.173984641688
39.18 -0.185709489365
39.2 -0.197225382579
39.22 -0.208523987582
39.24 -0.219597491002
39.26 -0.230438619314
39.28 -0.241040656778
39.3 -0.251397460379
39.32 -0.261503472143
39.34 -0.271353729092
39.36 -0.280943870195
39.38 -0.290270140994
39.4 -0.299329395353
39.42 -0.308119094569
39.44 -0.316637304251
39.46 -0.324882688287
39.48 -0.332854500714
39.5 -0.340552575098
39.52 -0.347977311862
39.54 -0.355129663439
39.56 -0.362011117476
39.58 -0.368623678268
39.6 -0.374969846535
39.62 -0.381052597578
39.64 -0.386875358234
39.66 -0.392441982303
39.68 -0.39775672538
39.7 -0.402824218239
39.72 -0.407649439771
39.74 -0.412237689302
39.76 -0.416594558107
39.78 -0.420725901145
39.8 -0.424637807768
39.82 -0.428336573173
39.84 -0.43182866928
39.86 -0.435120715941
39.88 -0.438219452404
39.9 -0.441131709104
39.92 -0.443864379702
39.94 -0.44642439389
39.96 -0.448818690505
39.98 -0.451054191316
