0.0 0.975656023543
0.02 0.972727199338
0.04 0.969826378381
0.06 0.966955679543
0.08 0.964117180231
0.1 0.961312912332
0.12 0.958544858211
0.14 0.955814946738
0.16 0.953125049354
0.18 0.950476976216
0.2 0.947872472388
0.22 0.945313214139
0.24 0.942800805316
0.26 0.94033677384
0.28 0.937922568291
0.3 0.935559554663
0.32 0.933249013218
0.34 0.930992135523
0.36 0.928790021633
0.38 0.92664367746
0.4 0.924554012334
0.42 0.922521836757
0.44 0.92054786037
0.46 0.91863269016
0.48 0.916776828895
0.5 0.914980673809
0.52 0.913244515558
0.54 0.911568537453
0.56 0.909952814964
0.58 0.908397315553
0.6 0.906901898792
0.62 0.905466316818
0.64 0.904090215111
0.66 0.902773133629
0.68 0.901514508266
0.7 0.900313672708
0.72 0.899169860613
0.74 0.89808220819
0.76 0.897049757135
0.78 0.896071457961
0.8 0.89514617368
0.82 0.894272683888
0.84 0.893449689194
0.86 0.892675816042
0.88 0.891949621869
0.9 0.891269600634
0.92 0.890634188646
0.94 0.890041770762
0.96 0.889490686833
0.98 0.888979238477
1.0 0.888505696075
1.02 0.888068306016
1.04 0.887665298141
1.06 0.887294893351
1.08 0.886955311364
1.1 0.886644778555
1.12 0.886361535883
1.14 0.886103846814
1.16 0.885870005247
1.18 0.885658343366
1.2 0.885467239396
1.22 0.885295125196
1.24 0.885140493674
1.26 0.88500190595
1.28 0.884877998245
1.3 0.884767488435
1.32 0.884669182256
1.34 0.884581979069
1.36 0.88450487722
1.38 0.884436978882
1.4 0.884377494418
1.42 0.884325746171
1.44 0.884281171712
1.46 0.884243326484
1.48 0.884211885853
1.5 0.884186646519
1.52 0.884167527329
1.54 0.884154569427
1.56 0.884147935793
1.58 0.88414791015
1.6 0.88415489525
1.62 0.884169410556
1.64 0.884192089349
1.66 0.88422367525
1.68 0.884265018238
1.7 0.884317070116
1.72 0.884380879543
1.74 0.884457586598
1.76 0.884548416949
1.78 0.884654675664
1.8 0.884777740686
1.82 0.884919056051
1.84 0.88508012484
1.86 0.885262501965
1.88 0.885467786795
1.9 0.885697615667
1.92 0.885953654357
1.94 0.886237590506
1.96 0.886551126082
1.98 0.886895969885
2.0 0.887273830158
2.02 0.887686407323
2.04 0.888135386864
2.06 0.888622432423
2.08 0.889149179095
2.1 0.88971722697
2.12 0.890328134941
2.14 0.890983414792
2.16 0.891684525584
2.18 0.892432868352
2.2 0.893229781136
2.22 0.894076534332
2.24 0.894974326384
2.26 0.895924279833
2.28 0.896927437688
2.3 0.897984760167
2.32 0.89909712175
2.34 0.900265308618
2.36 0.901490016369
2.38 0.902771848114
2.4 0.904111312854
2.42 0.90550882421
2.44 0.9069646994
2.46 0.908479158577
2.48 0.910052324376
2.5 0.911684221793
2.52 0.913374778287
2.54 0.915123824135
2.56 0.916931093029
2.58 0.918796222898
2.6 0.920718756921
2.62 0.922698144763
2.64 0.924733743989
2.66 0.926824821653
2.68 0.928970556043
2.7 0.931170038615
2.72 0.93342227602
2.74 0.935726192316
2.76 0.938080631265
2.78 0.940484358774
2.8 0.942936065424
2.82 0.945434369111
2.84 0.947977817763
2.86 0.950564892159
2.88 0.953194008797
2.9 0.955863522859
2.92 0.958571731215
2.94 0.961316875484
2.96 0.964097145161
2.98 0.966910680753
3.0 0.969755576985
3.02 0.972629886002
3.04 0.975531620623
3.06 0.978458757582
3.08 0.981409240806
3.1 0.984380984673
3.12 0.987371877289
3.14 0.990379783736
3.16 0.993402549319
3.18 0.996438002791
3.2 0.999483959539
3.22 1.00253822474
3.24 1.0055985965
3.26 1.00866286889
3.28 1.011728835
3.3 1.01479428988
3.32 1.01785703343
3.34 1.02091487322
3.36 1.02396562725
3.38 1.02700712659
3.4 1.03003721797
3.42 1.03305376624
3.44 1.03605465677
3.46 1.03903779771
3.48 1.04200112216
3.5 1.04494259027
3.52 1.04786019114
3.54 1.05075194469
3.56 1.05361590337
3.58 1.05645015373
3.6 1.05925281798
3.62 1.06202205527
3.64 1.06475606297
3.66 1.06745307783
3.68 1.07011137693
3.7 1.07272927864
3.72 1.07530514336
3.74 1.07783737424
3.76 1.08032441774
3.78 1.08276476408
3.8 1.08515694767
3.82 1.08749954736
3.84 1.08979118665
3.86 1.0920305338
3.88 1.0942163019
3.9 1.0963472488
3.92 1.09842217704
3.94 1.10043993369
3.96 1.1023994101
3.98 1.10429954171
4.0 1.10613930767
4.02 1.10791773052
4.04 1.10963387583
4.06 1.11128685174
4.08 1.11287580857
4.1 1.11439993833
4.12 1.11585847424
4.14 1.1172506903
4.16 1.11857590071
4.18 1.11983345944
4.2 1.12102275967
4.22 1.12214323334
4.24 1.12319435062
4.26 1.12417561941
4.28 1.12508658489
4.3 1.12592682901
4.32 1.12669597005
4.34 1.12739366218
4.36 1.12801959502
4.38 1.12857349323
4.4 1.12905511612
4.42 1.12946425729
4.44 1.12980074426
4.46 1.13006443818
4.48 1.13025523351
4.5 1.13037305774
4.52 1.13041787117
4.54 1.13038966667
4.56 1.13028846952
4.58 1.13011433723
4.6 1.12986735945
4.62 1.12954765782
4.64 1.12915538601
4.66 1.12869072962
4.68 1.12815390622
4.7 1.12754516544
4.72 1.12686478902
4.74 1.12611309099
4.76 1.12529041777
4.78 1.12439714848
4.8 1.12343369512
4.82 1.1224005029
4.84 1.12129805057
4.86 1.12012685079
4.88 1.11888745055
4.9 1.11758043162
4.92 1.11620641103
4.94 1.11476604162
4.96 1.11326001257
4.98 1.11168904997
5.0 1.11005391747
5.02 1.10835541688
5.04 1.10659438884
5.06 1.10477171346
5.08 1.10288831101
5.1 1.10094514258
5.12 1.09894321077
5.14 1.0968835603
5.16 1.09476727872
5.18 1.09259549697
5.2 1.09036939001
5.22 1.08809017731
5.24 1.08575912343
5.26 1.08337753835
5.28 1.08094677796
5.3 1.07846824428
5.32 1.07594338572
5.34 1.0733736972
5.36 1.0707607202
5.38 1.06810604264
5.4 1.06541129873
5.42 1.06267816867
5.44 1.05990837815
5.46 1.05710369785
5.48 1.05426594267
5.5 1.0513969709
5.52 1.04849868319
5.54 1.0455730214
5.56 1.04262196725
5.58 1.03964754086
5.6 1.0366517991
5.62 1.03363683376
5.64 1.03060476962
5.66 1.02755776228
5.68 1.0244979959
5.7 1.02142768074
5.72 1.01834905055
5.74 1.01526435987
5.76 1.01217588108
5.78 1.00908590142
5.8 1.00599671981
5.82 1.00291064357
5.84 0.999829985027
5.86 0.996757058007
5.88 0.993694174231
5.9 0.990643639617
5.92 0.987607750505
5.94 0.984588789809
5.96 0.981589023109
5.98 0.978610694689
6.0 0.975656023542
6.02 0.972727199339
6.04 0.969826378381
6.06 0.966955679543
6.08 0.964117180231
6.1 0.961312912332
6.12 0.95854485821
6.14 0.955814946739
6.16 0.953125049353
6.18 0.950476976217
6.2 0.947872472389
6.22 0.945313214138
6.24 0.942800805318
6.26 0.940336773838
6.28 0.937922568291
6.3 0.935559554664
6.32 0.933249013218
6.34 0.930992135523
6.36 0.928790021633
6.38 0.92664367746
6.4 0.924554012335
6.42 0.922521836756
6.44 0.920547860369
6.46 0.918632690161
6.48 0.916776828894
6.5 0.91498067381
6.52 0.913244515559
6.54 0.911568537451
6.56 0.909952814964
6.58 0.908397315553
6.6 0.906901898791
6.62 0.90546631682
6.64 0.90409021511
6.66 0.902773133629
6.68 0.901514508266
6.7 0.900313672709
6.72 0.899169860612
6.74 0.89808220819
6.76 0.897049757134
6.78 0.896071457961
6.8 0.895146173681
6.82 0.894272683886
6.84 0.893449689194
6.86 0.892675816041
6.88 0.89194962187
6.9 0.891269600634
6.92 0.890634188647
6.94 0.890041770761
6.96 0.889490686834
6.98 0.888979238477
7.0 0.888505696076
7.02 0.888068306015
7.04 0.887665298141
7.06 0.887294893351
7.08 0.886955311364
7.1 0.886644778556
7.12 0.886361535883
7.14 0.886103846814
7.16 0.885870005247
7.18 0.885658343366
7.2 0.885467239396
7.22 0.885295125196
7.24 0.885140493674
7.26 0.88500190595
7.28 0.884877998245
7.3 0.884767488435
7.32 0.884669182256
7.34 0.884581979069
7.36 0.88450487722
7.38 0.884436978882
7.4 0.884377494418
7.42 0.884325746171
7.44 0.884281171712
7.46 0.884243326484
7.48 0.884211885853
7.5 0.884186646519
7.52 0.884167527329
7.54 0.884154569427
7.56 0.884147935793
7.58 0.88414791015
7.6 0.88415489525
7.62 0.884169410556
7.64 0.884192089349
7.66 0.884223675251
7.68 0.884265018237
7.7 0.884317070117
7.72 0.884380879543
7.74 0.884457586598
7.76 0.884548416949
7.78 0.884654675663
7.8 0.884777740686
7.82 0.884919056051
7.84 0.88508012484
7.86 0.885262501966
7.88 0.885467786795
7.9 0.885697615666
7.92 0.885953654358
7.94 0.886237590506
7.96 0.886551126081
7.98 0.886895969885
8.0 0.887273830159
8.02 0.887686407322
8.04 0.888135386865
8.06 0.888622432424
8.08 0.889149179095
8.1 0.88971722697
8.12 0.890328134941
8.14 0.890983414793
8.16 0.891684525584
8.18 0.892432868351
8.2 0.893229781137
8.22 0.894076534332
8.24 0.894974326383
8.26 0.895924279834
8.28 0.896927437688
8.3 0.897984760167
8.32 0.89909712175
8.34 0.900265308619
8.36 0.901490016369
8.38 0.902771848114
8.4 0.904111312854
8.42 0.90550882421
8.44 0.906964699401
8.46 0.908479158576
8.48 0.910052324377
8.5 0.911684221792
8.52 0.913374778287
8.54 0.915123824135
8.56 0.916931093029
8.58 0.918796222899
8.6 0.92071875692
8.62 0.922698144764
8.64 0.924733743989
8.66 0.926824821652
8.68 0.928970556043
8.7 0.931170038616
8.72 0.933422276019
8.74 0.935726192317
8.76 0.938080631264
8.78 0.940484358774
8.8 0.942936065426
8.82 0.945434369109
8.84 0.947977817764
8.86 0.950564892158
8.88 0.953194008798
8.9 0.955863522858
8.92 0.958571731217
8.94 0.961316875483
8.96 0.964097145162
8.98 0.966910680752
9.0 0.969755576984
9.02 0.972629886004
9.04 0.975531620622
9.06 0.978458757583
9.08 0.981409240804
9.1 0.984380984674
9.12 0.987371877288
9.14 0.990379783736
9.16 0.993402549319
9.18 0.996438002792
9.2 0.999483959539
9.22 1.00253822474
9.24 1.0055985965
9.26 1.00866286889
9.28 1.011728835
9.3 1.01479428988
9.32 1.01785703343
9.34 1.02091487322
9.36 1.02396562725
9.38 1.02700712659
9.4 1.03003721797
9.42 1.03305376624
9.44 1.03605465677
9.46 1.03903779771
9.48 1.04200112216
9.5 1.04494259027
9.52 1.04786019114
9.54 1.05075194469
9.56 1.05361590337
9.58 1.05645015373
9.6 1.05925281798
9.62 1.06202205527
9.64 1.06475606297
9.66 1.06745307783
9.68 1.07011137693
9.7 1.07272927864
9.72 1.07530514336
9.74 1.07783737425
9.76 1.08032441774
9.78 1.08276476408
9.8 1.08515694767
9.82 1.08749954736
9.84 1.08979118665
9.86 1.0920305338
9.88 1.0942163019
9.9 1.0963472488
9.92 1.09842217704
9.94 1.10043993369
9.96 1.1023994101
9.98 1.10429954171
10.0 1.10613930767
10.02 1.10791773052
10.04 1.10963387583
10.06 1.11128685174
10.08 1.11287580857
10.1 1.11439993832
10.12 1.11585847424
10.14 1.1172506903
10.16 1.11857590071
10.18 1.11983345943
10.2 1.12102275967
10.22 1.12214323334
10.24 1.12319435062
10.26 1.12417561941
10.28 1.12508658489
10.3 1.12592682901
10.32 1.12669597005
10.34 1.12739366218
10.36 1.12801959502
10.38 1.12857349323
10.4 1.12905511612
10.42 1.12946425729
10.44 1.12980074426
10.46 1.13006443818
10.48 1.13025523351
10.5 1.13037305774
10.52 1.13041787117
10.54 1.13038966667
10.56 1.13028846952
10.58 1.13011433723
10.6 1.12986735944
10.62 1.12954765782
10.64 1.12915538601
10.66 1.12869072962
10.68 1.12815390622
10.7 1.12754516544
10.72 1.12686478903
10.74 1.12611309098
10.76 1.12529041777
10.78 1.12439714848
10.8 1.12343369512
10.82 1.1224005029
10.84 1.12129805057
10.86 1.12012685079
10.88 1.11888745055
10.9 1.11758043162
10.92 1.11620641103
10.94 1.11476604162
10.96 1.11326001257
10.98 1.11168904997
11.0 1.11005391747
11.02 1.10835541688
11.04 1.10659438884
11.06 1.10477171346
11.08 1.10288831101
11.1 1.10094514258
11.12 1.09894321077
11.14 1.09688356029
11.16 1.09476727872
11.18 1.09259549697
11.2 1.09036939001
11.22 1.08809017731
11.24 1.08575912343
11.26 1.08337753835
11.28 1.08094677796
11.3 1.07846824428
11.32 1.07594338572
11.34 1.07337369721
11.36 1.0707607202
11.38 1.06810604264
11.4 1.06541129873
11.42 1.06267816867
11.44 1.05990837815
11.46 1.05710369785
11.48 1.05426594266
11.5 1.0513969709
11.52 1.04849868319
11.54 1.0455730214
11.56 1.04262196725
11.58 1.03964754086
11.6 1.0366517991
11.62 1.03363683376
11.64 1.03060476962
11.66 1.02755776228
11.68 1.0244979959
11.7 1.02142768073
11.72 1.01834905055
11.74 1.01526435987
11.76 1.01217588108
11.78 1.00908590142
11.8 1.00599671981
11.82 1.00291064357
11.84 0.999829985028
11.86 0.996757058007
11.88 0.99369417423
11.9 0.990643639617
11.92 0.987607750504
11.94 0.984588789809
11.96 0.981589023111
11.98 0.978610694687
12.0 0.975656023544
12.02 0.972727199338
12.04 0.969826378381
12.06 0.966955679543
12.08 0.964117180231
12.1 0.96131291233
12.12 0.958544858212
12.14 0.955814946737
12.16 0.953125049355
12.18 0.950476976216
12.2 0.947872472388
12.22 0.94531321414
12.24 0.942800805316
12.26 0.940336773839
12.28 0.937922568292
12.3 0.935559554663
12.32 0.933249013218
12.34 0.930992135522
12.36 0.928790021633
12.38 0.92664367746
12.4 0.924554012335
12.42 0.922521836756
12.44 0.92054786037
12.46 0.918632690159
12.48 0.916776828896
12.5 0.914980673809
12.52 0.913244515559
12.54 0.911568537452
12.56 0.909952814963
12.58 0.908397315554
12.6 0.906901898792
12.62 0.905466316818
12.64 0.904090215111
12.66 0.902773133629
12.68 0.901514508265
12.7 0.90031367271
12.72 0.899169860612
12.74 0.89808220819
12.76 0.897049757135
12.78 0.89607145796
12.8 0.895146173682
12.82 0.894272683887
12.84 0.893449689194
12.86 0.892675816042
12.88 0.89194962187
12.9 0.891269600633
12.92 0.890634188647
12.94 0.890041770762
12.96 0.889490686833
12.98 0.888979238477
13.0 0.888505696075
13.02 0.888068306015
13.04 0.887665298142
13.06 0.887294893351
13.08 0.886955311364
13.1 0.886644778555
13.12 0.886361535884
13.14 0.886103846814
13.16 0.885870005247
13.18 0.885658343366
13.2 0.885467239396
13.22 0.885295125196
13.24 0.885140493674
13.26 0.88500190595
13.28 0.884877998245
13.3 0.884767488435
13.32 0.884669182256
13.34 0.884581979069
13.36 0.88450487722
13.38 0.884436978882
13.4 0.884377494418
13.42 0.884325746171
13.44 0.884281171712
13.46 0.884243326484
13.48 0.884211885853
13.5 0.884186646519
13.52 0.884167527329
13.54 0.884154569427
13.56 0.884147935793
13.58 0.88414791015
13.6 0.88415489525
13.62 0.884169410556
13.64 0.884192089349
13.66 0.88422367525
13.68 0.884265018238
13.7 0.884317070116
13.72 0.884380879543
13.74 0.884457586599
13.76 0.88454841695
13.78 0.884654675662
13.8 0.884777740687
13.82 0.884919056051
13.84 0.88508012484
13.86 0.885262501966
13.88 0.885467786795
13.9 0.885697615667
13.92 0.885953654357
13.94 0.886237590506
13.96 0.886551126081
13.98 0.886895969886
14.0 0.887273830157
14.02 0.887686407323
14.04 0.888135386865
14.06 0.888622432424
14.08 0.889149179094
14.1 0.88971722697
14.12 0.890328134943
14.14 0.89098341479
14.16 0.891684525584
14.18 0.892432868352
14.2 0.893229781137
14.22 0.894076534331
14.24 0.894974326384
14.26 0.895924279834
14.28 0.896927437688
14.3 0.897984760166
14.32 0.899097121751
14.34 0.90026530862
14.36 0.901490016367
14.38 0.902771848113
14.4 0.904111312856
14.42 0.90550882421
14.44 0.9069646994
14.46 0.908479158577
14.48 0.910052324377
14.5 0.911684221792
14.52 0.913374778287
14.54 0.915123824135
14.56 0.916931093029
14.58 0.918796222898
14.6 0.920718756921
14.62 0.922698144764
14.64 0.924733743989
14.66 0.926824821652
14.68 0.928970556044
14.7 0.931170038615
14.72 0.93342227602
14.74 0.935726192316
14.76 0.938080631266
14.78 0.940484358774
14.8 0.942936065423
14.82 0.945434369111
14.84 0.947977817764
14.86 0.950564892159
14.88 0.953194008796
14.9 0.95586352286
14.92 0.958571731215
14.94 0.961316875484
14.96 0.964097145161
14.98 0.966910680755
15.0 0.969755576984
15.02 0.972629886001
15.04 0.975531620624
15.06 0.978458757582
15.08 0.981409240806
15.1 0.984380984673
15.12 0.987371877288
15.14 0.990379783737
15.16 0.993402549319
15.18 0.996438002791
15.2 0.99948395954
15.22 1.00253822474
15.24 1.0055985965
15.26 1.00866286889
15.28 1.011728835
15.3 1.01479428988
15.32 1.01785703343
15.34 1.02091487322
15.36 1.02396562725
15.38 1.02700712659
15.4 1.03003721797
15.42 1.03305376624
15.44 1.03605465677
15.46 1.03903779771
15.48 1.04200112216
15.5 1.04494259027
15.52 1.04786019114
15.54 1.05075194469
15.56 1.05361590337
15.58 1.05645015373
15.6 1.05925281798
15.62 1.06202205527
15.64 1.06475606297
15.66 1.06745307783
15.68 1.07011137693
15.7 1.07272927864
15.72 1.07530514336
15.74 1.07783737425
15.76 1.08032441774
15.78 1.08276476408
15.8 1.08515694767
15.82 1.08749954736
15.84 1.08979118665
15.86 1.0920305338
15.88 1.0942163019
15.9 1.0963472488
15.92 1.09842217704
15.94 1.10043993368
15.96 1.1023994101
15.98 1.10429954171
16.0 1.10613930767
16.02 1.10791773052
16.04 1.10963387583
16.06 1.11128685174
16.08 1.11287580857
16.1 1.11439993832
16.12 1.11585847424
16.14 1.1172506903
16.16 1.11857590071
16.18 1.11983345944
16.2 1.12102275967
16.22 1.12214323334
16.24 1.12319435062
16.26 1.12417561941
16.28 1.12508658489
16.3 1.12592682901
16.32 1.12669597005
16.34 1.12739366218
16.36 1.12801959502
16.38 1.12857349323
16.4 1.12905511612
16.42 1.12946425729
16.44 1.12980074426
16.46 1.13006443818
16.48 1.13025523351
16.5 1.13037305774
16.52 1.13041787117
16.54 1.13038966667
16.56 1.13028846952
16.58 1.13011433723
16.6 1.12986735945
16.62 1.12954765782
16.64 1.12915538601
16.66 1.12869072962
16.68 1.12815390622
16.7 1.12754516544
16.72 1.12686478902
16.74 1.12611309099
16.76 1.12529041777
16.78 1.12439714848
16.8 1.12343369512
16.82 1.1224005029
16.84 1.12129805057
16.86 1.12012685079
16.88 1.11888745055
16.9 1.11758043162
16.92 1.11620641104
16.94 1.11476604162
16.96 1.11326001257
16.98 1.11168904997
17.0 1.11005391747
17.02 1.10835541688
17.04 1.10659438884
17.06 1.10477171346
17.08 1.10288831101
17.1 1.10094514258
17.12 1.09894321077
17.14 1.0968835603
17.16 1.09476727872
17.18 1.09259549697
17.2 1.09036939001
17.22 1.08809017732
17.24 1.08575912343
17.26 1.08337753835
17.28 1.08094677796
17.3 1.07846824428
17.32 1.07594338572
17.34 1.0733736972
17.36 1.0707607202
17.38 1.06810604264
17.4 1.06541129873
17.42 1.06267816866
17.44 1.05990837815
17.46 1.05710369785
17.48 1.05426594267
17.5 1.0513969709
17.52 1.04849868319
17.54 1.0455730214
17.56 1.04262196725
17.58 1.03964754086
17.6 1.0366517991
17.62 1.03363683376
17.64 1.03060476962
17.66 1.02755776228
17.68 1.0244979959
17.7 1.02142768074
17.72 1.01834905055
17.74 1.01526435987
17.76 1.01217588108
17.78 1.00908590142
17.8 1.00599671981
17.82 1.00291064357
17.84 0.999829985028
17.86 0.996757058004
17.88 0.993694174234
17.9 0.990643639616
17.92 0.987607750505
17.94 0.984588789808
17.96 0.981589023111
17.98 0.978610694688
18.0 0.975656023542
18.02 0.97272719934
18.04 0.96982637838
18.06 0.966955679543
18.08 0.964117180229
18.1 0.961312912334
18.12 0.95854485821
18.14 0.955814946737
18.16 0.953125049356
18.18 0.950476976216
18.2 0.94787247239
18.22 0.945313214136
18.24 0.94280080532
18.26 0.940336773839
18.28 0.93792256829
18.3 0.935559554662
18.32 0.93324901322
18.34 0.930992135523
18.36 0.928790021631
18.38 0.926643677461
18.4 0.924554012335
18.42 0.922521836756
18.44 0.920547860369
18.46 0.918632690161
18.48 0.916776828894
18.5 0.91498067381
18.52 0.913244515556
18.54 0.911568537455
18.56 0.909952814963
18.58 0.908397315553
18.6 0.906901898792
18.62 0.905466316818
18.64 0.904090215112
18.66 0.902773133627
18.68 0.901514508267
18.7 0.900313672708
18.72 0.899169860613
18.74 0.898082208188
18.76 0.897049757137
18.78 0.896071457961
18.8 0.895146173679
18.82 0.894272683888
18.84 0.893449689193
18.86 0.892675816042
18.88 0.891949621869
18.9 0.891269600634
18.92 0.890634188647
18.94 0.890041770761
18.96 0.889490686832
18.98 0.888979238479
19.0 0.888505696075
19.02 0.888068306015
19.04 0.887665298142
19.06 0.887294893351
19.08 0.886955311364
19.1 0.886644778555
19.12 0.886361535884
19.14 0.886103846814
19.16 0.885870005246
19.18 0.885658343366
19.2 0.885467239397
19.22 0.885295125196
19.24 0.885140493674
19.26 0.88500190595
19.28 0.884877998245
19.3 0.884767488435
19.32 0.884669182256
19.34 0.884581979069
19.36 0.88450487722
19.38 0.884436978882
19.4 0.884377494418
19.42 0.884325746171
19.44 0.884281171712
19.46 0.884243326484
19.48 0.884211885853
19.5 0.884186646519
19.52 0.884167527329
19.54 0.884154569427
19.56 0.884147935793
19.58 0.884147910151
19.6 0.88415489525
19.62 0.884169410556
19.64 0.884192089349
19.66 0.88422367525
19.68 0.884265018238
19.7 0.884317070116
19.72 0.884380879543
19.74 0.884457586599
19.76 0.884548416949
19.78 0.884654675663
19.8 0.884777740686
19.82 0.884919056052
19.84 0.885080124839
19.86 0.885262501966
19.88 0.885467786795
19.9 0.885697615667
19.92 0.885953654357
19.94 0.886237590506
19.96 0.886551126081
19.98 0.886895969886
20.0 0.887273830158
20.02 0.887686407323
20.04 0.888135386865
20.06 0.888622432423
20.08 0.889149179094
20.1 0.88971722697
20.12 0.890328134943
20.14 0.89098341479
20.16 0.891684525584
20.18 0.892432868352
20.2 0.893229781137
20.22 0.894076534331
20.24 0.894974326384
20.26 0.895924279834
20.28 0.896927437687
20.3 0.897984760165
20.32 0.899097121751
20.34 0.900265308619
20.36 0.901490016369
20.38 0.902771848111
20.4 0.904111312857
20.42 0.905508824209
20.44 0.906964699402
20.46 0.908479158575
20.48 0.910052324378
20.5 0.911684221794
20.52 0.913374778285
20.54 0.915123824135
20.56 0.91693109303
20.58 0.918796222899
20.6 0.92071875692
20.62 0.922698144761
20.64 0.924733743993
20.66 0.926824821649
20.68 0.928970556046
20.7 0.931170038615
20.72 0.933422276019
20.74 0.935726192317
20.76 0.938080631264
20.78 0.940484358776
20.8 0.942936065424
20.82 0.94543436911
20.84 0.947977817764
20.86 0.950564892158
20.88 0.953194008798
20.9 0.955863522858
20.92 0.958571731216
20.94 0.961316875486
20.96 0.964097145159
20.98 0.966910680753
21.0 0.969755576986
21.02 0.972629885999
21.04 0.975531620625
21.06 0.97845875758
21.08 0.981409240809
21.1 0.984380984669
21.12 0.987371877291
21.14 0.990379783736
21.16 0.993402549319
21.18 0.996438002791
21.2 0.999483959538
21.22 1.00253822474
21.24 1.0055985965
21.26 1.00866286889
21.28 1.01172883501
21.3 1.01479428988
21.32 1.01785703343
21.34 1.02091487322
21.36 1.02396562725
21.38 1.02700712659
21.4 1.03003721797
21.42 1.03305376624
21.44 1.03605465677
21.46 1.0390377977
21.48 1.04200112216
21.5 1.04494259027
21.52 1.04786019115
21.54 1.05075194469
21.56 1.05361590337
21.58 1.05645015373
21.6 1.05925281798
21.62 1.06202205527
21.64 1.06475606297
21.66 1.06745307783
21.68 1.07011137693
21.7 1.07272927864
21.72 1.07530514336
21.74 1.07783737424
21.76 1.08032441774
21.78 1.08276476408
21.8 1.08515694767
21.82 1.08749954736
21.84 1.08979118665
21.86 1.0920305338
21.88 1.0942163019
21.9 1.0963472488
21.92 1.09842217704
21.94 1.10043993368
21.96 1.1023994101
21.98 1.10429954171
22.0 1.10613930767
22.02 1.10791773052
22.04 1.10963387583
22.06 1.11128685174
22.08 1.11287580857
22.1 1.11439993832
22.12 1.11585847424
22.14 1.1172506903
22.16 1.11857590071
22.18 1.11983345943
22.2 1.12102275967
22.22 1.12214323334
22.24 1.12319435062
22.26 1.12417561941
22.28 1.12508658489
22.3 1.12592682901
22.32 1.12669597005
22.34 1.12739366218
22.36 1.12801959502
22.38 1.12857349323
22.4 1.12905511612
22.42 1.12946425729
22.44 1.12980074426
22.46 1.13006443818
22.48 1.13025523351
22.5 1.13037305774
22.52 1.13041787117
22.54 1.13038966667
22.56 1.13028846952
22.58 1.13011433723
22.6 1.12986735944
22.62 1.12954765782
22.64 1.12915538601
22.66 1.12869072962
22.68 1.12815390622
22.7 1.12754516544
22.72 1.12686478902
22.74 1.12611309099
22.76 1.12529041777
22.78 1.12439714848
22.8 1.12343369512
22.82 1.1224005029
22.84 1.12129805057
22.86 1.12012685079
22.88 1.11888745055
22.9 1.11758043162
22.92 1.11620641104
22.94 1.11476604162
22.96 1.11326001257
22.98 1.11168904997
23.0 1.11005391747
23.02 1.10835541688
23.04 1.10659438884
23.06 1.10477171346
23.08 1.10288831101
23.1 1.10094514258
23.12 1.09894321076
23.14 1.0968835603
23.16 1.09476727872
23.18 1.09259549697
23.2 1.09036939001
23.22 1.08809017732
23.24 1.08575912343
23.26 1.08337753835
23.28 1.08094677796
23.3 1.07846824428
23.32 1.07594338572
23.34 1.07337369721
23.36 1.0707607202
23.38 1.06810604264
23.4 1.06541129873
23.42 1.06267816867
23.44 1.05990837815
23.46 1.05710369785
23.48 1.05426594266
23.5 1.0513969709
23.52 1.04849868319
23.54 1.0455730214
23.56 1.04262196725
23.58 1.03964754086
23.6 1.0366517991
23.62 1.03363683376
23.64 1.03060476962
23.66 1.02755776228
23.68 1.0244979959
23.7 1.02142768074
23.72 1.01834905055
23.74 1.01526435987
23.76 1.01217588108
23.78 1.00908590142
23.8 1.00599671981
23.82 1.00291064357
23.84 0.999829985028
23.86 0.996757058005
23.88 0.993694174232
23.9 0.990643639618
23.92 0.987607750501
23.94 0.984588789813
23.96 0.981589023107
23.98 0.978610694688
24.0 0.975656023544
24.02 0.972727199339
24.04 0.96982637838
24.06 0.966955679542
24.08 0.964117180231
24.1 0.961312912333
24.12 0.958544858209
24.14 0.955814946739
24.16 0.953125049354
24.18 0.950476976218
24.2 0.947872472387
24.22 0.945313214138
24.24 0.942800805319
24.26 0.940336773838
24.28 0.937922568292
24.3 0.935559554662
24.32 0.933249013218
24.34 0.930992135524
24.36 0.928790021632
24.38 0.926643677462
24.4 0.924554012333
24.42 0.922521836757
24.44 0.92054786037
24.46 0.91863269016
24.48 0.916776828894
24.5 0.914980673809
24.52 0.913244515558
24.54 0.911568537455
24.56 0.909952814962
24.58 0.908397315555
24.6 0.90690189879
24.62 0.90546631682
24.64 0.90409021511
24.66 0.902773133628
24.68 0.901514508267
24.7 0.900313672707
24.72 0.899169860612
24.74 0.898082208192
24.76 0.897049757133
24.78 0.896071457962
24.8 0.89514617368
24.82 0.894272683889
24.84 0.893449689192
24.86 0.892675816041
24.88 0.891949621871
24.9 0.891269600634
24.92 0.890634188647
24.94 0.890041770761
24.96 0.889490686832
24.98 0.888979238479
25.0 0.888505696074
25.02 0.888068306016
25.04 0.887665298141
25.06 0.887294893351
25.08 0.886955311365
25.1 0.886644778555
25.12 0.886361535884
25.14 0.886103846814
25.16 0.885870005247
25.18 0.885658343367
25.2 0.885467239396
25.22 0.885295125196
25.24 0.885140493674
25.26 0.88500190595
25.28 0.884877998244
25.3 0.884767488435
25.32 0.884669182256
25.34 0.884581979069
25.36 0.88450487722
25.38 0.884436978882
25.4 0.884377494418
25.42 0.884325746171
25.44 0.884281171712
25.46 0.884243326484
25.48 0.884211885853
25.5 0.884186646519
25.52 0.884167527329
25.54 0.884154569427
25.56 0.884147935793
25.58 0.884147910151
25.6 0.88415489525
25.62 0.884169410556
25.64 0.884192089349
25.66 0.88422367525
25.68 0.884265018238
25.7 0.884317070116
25.72 0.884380879543
25.74 0.884457586599
25.76 0.884548416949
25.78 0.884654675664
25.8 0.884777740686
25.82 0.884919056052
25.84 0.88508012484
25.86 0.885262501965
25.88 0.885467786795
25.9 0.885697615666
25.92 0.885953654358
25.94 0.886237590506
25.96 0.886551126081
25.98 0.886895969886
26.0 0.887273830158
26.02 0.887686407324
26.04 0.888135386862
26.06 0.888622432425
26.08 0.889149179095
26.1 0.889717226968
26.12 0.890328134943
26.14 0.890983414791
26.16 0.891684525584
26.18 0.892432868353
26.2 0.893229781134
26.22 0.894076534334
26.24 0.894974326383
26.26 0.895924279831
26.28 0.89692743769
26.3 0.897984760165
26.32 0.899097121751
26.34 0.900265308618
26.36 0.901490016369
26.38 0.902771848115
26.4 0.904111312853
26.42 0.905508824209
26.44 0.906964699402
26.46 0.908479158578
26.48 0.910052324374
26.5 0.911684221797
26.52 0.913374778286
26.54 0.915123824132
26.56 0.916931093032
26.58 0.918796222897
26.6 0.920718756922
26.62 0.922698144764
26.64 0.924733743987
26.66 0.926824821655
26.68 0.928970556044
26.7 0.931170038612
26.72 0.933422276023
26.74 0.935726192315
26.76 0.938080631265
26.78 0.940484358774
26.8 0.942936065423
26.82 0.945434369114
26.84 0.947977817761
26.86 0.950564892158
26.88 0.953194008797
26.9 0.95586352286
26.92 0.958571731213
26.94 0.961316875488
26.96 0.96409714516
26.98 0.966910680751
27.0 0.969755576986
27.02 0.972629886
27.04 0.975531620625
27.06 0.978458757582
27.08 0.981409240804
27.1 0.984380984675
27.12 0.987371877288
27.14 0.990379783732
27.16 0.993402549323
27.18 0.99643800279
27.2 0.999483959539
27.22 1.00253822474
27.24 1.00559859649
27.26 1.0086628689
27.28 1.011728835
27.3 1.01479428988
27.32 1.01785703343
27.34 1.02091487322
27.36 1.02396562725
27.38 1.0270071266
27.4 1.03003721797
27.42 1.03305376624
27.44 1.03605465677
27.46 1.03903779771
27.48 1.04200112216
27.5 1.04494259027
27.52 1.04786019114
27.54 1.05075194469
27.56 1.05361590337
27.58 1.05645015373
27.6 1.05925281798
27.62 1.06202205527
27.64 1.06475606297
27.66 1.06745307783
27.68 1.07011137693
27.7 1.07272927864
27.72 1.07530514336
27.74 1.07783737425
27.76 1.08032441774
27.78 1.08276476408
27.8 1.08515694767
27.82 1.08749954736
27.84 1.08979118665
27.86 1.0920305338
27.88 1.0942163019
27.9 1.0963472488
27.92 1.09842217704
27.94 1.10043993369
27.96 1.1023994101
27.98 1.10429954171
28.0 1.10613930767
28.02 1.10791773052
28.04 1.10963387583
28.06 1.11128685174
28.08 1.11287580857
28.1 1.11439993832
28.12 1.11585847424
28.14 1.1172506903
28.16 1.11857590071
28.18 1.11983345944
28.2 1.12102275967
28.22 1.12214323334
28.24 1.12319435062
28.26 1.12417561941
28.28 1.12508658489
28.3 1.12592682901
28.32 1.12669597005
28.34 1.12739366218
28.36 1.12801959502
28.38 1.12857349323
28.4 1.12905511612
28.42 1.12946425729
28.44 1.12980074426
28.46 1.13006443818
28.48 1.13025523351
28.5 1.13037305774
28.52 1.13041787117
28.54 1.13038966667
28.56 1.13028846952
28.58 1.13011433723
28.6 1.12986735945
28.62 1.12954765782
28.64 1.12915538601
28.66 1.12869072962
28.68 1.12815390622
28.7 1.12754516544
28.72 1.12686478903
28.74 1.12611309099
28.76 1.12529041777
28.78 1.12439714848
28.8 1.12343369512
28.82 1.1224005029
28.84 1.12129805057
28.86 1.12012685079
28.88 1.11888745055
28.9 1.11758043162
28.92 1.11620641103
28.94 1.11476604162
28.96 1.11326001257
28.98 1.11168904997
29.0 1.11005391747
29.02 1.10835541688
29.04 1.10659438884
29.06 1.10477171346
29.08 1.10288831101
29.1 1.10094514258
29.12 1.09894321077
29.14 1.0968835603
29.16 1.09476727872
29.18 1.09259549697
29.2 1.09036939001
29.22 1.08809017732
29.24 1.08575912343
29.26 1.08337753835
29.28 1.08094677796
29.3 1.07846824428
29.32 1.07594338572
29.34 1.07337369721
29.36 1.0707607202
29.38 1.06810604264
29.4 1.06541129874
29.42 1.06267816866
29.44 1.05990837815
29.46 1.05710369785
29.48 1.05426594267
29.5 1.0513969709
29.52 1.04849868319
29.54 1.0455730214
29.56 1.04262196725
29.58 1.03964754086
29.6 1.0366517991
29.62 1.03363683376
29.64 1.03060476962
29.66 1.02755776228
29.68 1.0244979959
29.7 1.02142768073
29.72 1.01834905055
29.74 1.01526435987
29.76 1.01217588108
29.78 1.00908590142
29.8 1.00599671981
29.82 1.00291064357
29.84 0.999829985031
29.86 0.996757058005
29.88 0.993694174231
29.9 0.990643639617
29.92 0.987607750506
29.94 0.984588789809
29.96 0.981589023109
29.98 0.978610694687
30.0 0.975656023545
30.02 0.972727199338
30.04 0.969826378379
30.06 0.966955679546
30.08 0.964117180229
30.1 0.96131291233
30.12 0.958544858214
30.14 0.955814946734
30.16 0.953125049358
30.18 0.950476976214
30.2 0.947872472389
30.22 0.945313214141
30.24 0.942800805315
30.26 0.940336773837
30.28 0.937922568295
30.3 0.935559554661
30.32 0.933249013218
30.34 0.930992135523
30.36 0.928790021633
30.38 0.926643677459
30.4 0.924554012335
30.42 0.922521836755
30.44 0.920547860372
30.46 0.91863269016
30.48 0.916776828893
30.5 0.914980673811
30.52 0.913244515557
30.54 0.911568537451
30.56 0.909952814967
30.58 0.908397315553
30.6 0.906901898792
30.62 0.905466316818
30.64 0.904090215111
30.66 0.902773133628
30.68 0.901514508267
30.7 0.900313672707
30.72 0.899169860614
30.74 0.898082208189
30.76 0.897049757133
30.78 0.896071457964
30.8 0.895146173677
30.82 0.894272683891
30.84 0.893449689191
30.86 0.892675816041
30.88 0.891949621873
30.9 0.89126960063
30.92 0.890634188649
30.94 0.890041770762
30.96 0.889490686833
30.98 0.888979238476
31.0 0.888505696077
31.02 0.888068306016
31.04 0.887665298141
31.06 0.887294893351
31.08 0.886955311364
31.1 0.886644778556
31.12 0.886361535883
31.14 0.886103846813
31.16 0.885870005248
31.18 0.885658343366
31.2 0.885467239396
31.22 0.885295125197
31.24 0.885140493673
31.26 0.885001905951
31.28 0.884877998243
31.3 0.884767488436
31.32 0.884669182256
31.34 0.884581979069
31.36 0.88450487722
31.38 0.884436978882
31.4 0.884377494418
31.42 0.884325746171
31.44 0.884281171712
31.46 0.884243326484
31.48 0.884211885853
31.5 0.884186646519
31.52 0.884167527329
31.54 0.884154569427
31.56 0.884147935793
31.58 0.884147910151
31.6 0.88415489525
31.62 0.884169410556
31.64 0.884192089349
31.66 0.88422367525
31.68 0.884265018239
31.7 0.884317070115
31.72 0.884380879545
31.74 0.884457586598
31.76 0.884548416948
31.78 0.884654675665
31.8 0.884777740686
31.82 0.884919056051
31.84 0.88508012484
31.86 0.885262501966
31.88 0.885467786794
31.9 0.885697615667
31.92 0.885953654357
31.94 0.886237590506
31.96 0.886551126082
31.98 0.886895969884
32.0 0.88727383016
32.02 0.887686407322
32.04 0.888135386864
32.06 0.888622432424
32.08 0.889149179096
32.1 0.889717226967
32.12 0.890328134945
32.14 0.890983414789
32.16 0.891684525587
32.18 0.892432868352
32.2 0.893229781132
32.22 0.894076534335
32.24 0.894974326382
32.26 0.895924279834
32.28 0.896927437688
32.3 0.897984760167
32.32 0.89909712175
32.34 0.900265308619
32.36 0.901490016369
32.38 0.902771848113
32.4 0.904111312855
32.42 0.905508824209
32.44 0.906964699404
32.46 0.908479158575
32.48 0.910052324376
32.5 0.911684221794
32.52 0.913374778288
32.54 0.915123824131
32.56 0.916931093034
32.58 0.918796222894
32.6 0.920718756925
32.62 0.922698144763
32.64 0.924733743985
32.66 0.926824821657
32.68 0.928970556042
32.7 0.931170038614
32.72 0.933422276023
32.74 0.935726192314
32.76 0.938080631265
32.78 0.940484358774
32.8 0.942936065425
32.82 0.94543436911
32.84 0.947977817763
32.86 0.95056489216
32.88 0.953194008798
32.9 0.955863522858
32.92 0.958571731214
32.94 0.961316875486
32.96 0.964097145163
32.98 0.966910680748
33.0 0.969755576989
33.02 0.972629885998
33.04 0.975531620627
33.06 0.978458757582
33.08 0.981409240802
33.1 0.984380984676
33.12 0.987371877287
33.14 0.990379783735
33.16 0.993402549322
33.18 0.99643800279
33.2 0.999483959538
33.22 1.00253822474
33.24 1.0055985965
33.26 1.00866286889
33.28 1.011728835
33.3 1.01479428988
33.32 1.01785703343
33.34 1.02091487322
33.36 1.02396562725
33.38 1.02700712659
33.4 1.03003721798
33.42 1.03305376624
33.44 1.03605465678
33.46 1.03903779771
33.48 1.04200112216
33.5 1.04494259027
33.52 1.04786019114
33.54 1.0507519447
33.56 1.05361590336
33.58 1.05645015373
33.6 1.05925281798
33.62 1.06202205526
33.64 1.06475606297
33.66 1.06745307783
33.68 1.07011137693
33.7 1.07272927864
33.72 1.07530514336
33.74 1.07783737425
33.76 1.08032441774
33.78 1.08276476408
33.8 1.08515694767
33.82 1.08749954736
33.84 1.08979118665
33.86 1.0920305338
33.88 1.0942163019
33.9 1.0963472488
33.92 1.09842217704
33.94 1.10043993369
33.96 1.1023994101
33.98 1.10429954171
34.0 1.10613930767
34.02 1.10791773052
34.04 1.10963387583
34.06 1.11128685174
34.08 1.11287580857
34.1 1.11439993832
34.12 1.11585847424
34.14 1.1172506903
34.16 1.11857590071
34.18 1.11983345943
34.2 1.12102275967
34.22 1.12214323334
34.24 1.12319435062
34.26 1.12417561941
34.28 1.12508658489
34.3 1.12592682901
34.32 1.12669597005
34.34 1.12739366218
34.36 1.12801959502
34.38 1.12857349323
34.4 1.12905511612
34.42 1.12946425729
34.44 1.12980074426
34.46 1.13006443818
34.48 1.13025523351
34.5 1.13037305774
34.52 1.13041787117
34.54 1.13038966667
34.56 1.13028846952
34.58 1.13011433723
34.6 1.12986735944
34.62 1.12954765782
34.64 1.12915538601
34.66 1.12869072962
34.68 1.12815390622
34.7 1.12754516544
34.72 1.12686478903
34.74 1.12611309099
34.76 1.12529041777
34.78 1.12439714848
34.8 1.12343369512
34.82 1.1224005029
34.84 1.12129805057
34.86 1.12012685079
34.88 1.11888745055
34.9 1.11758043162
34.92 1.11620641103
34.94 1.11476604163
34.96 1.11326001257
34.98 1.11168904997
35.0 1.11005391747
35.02 1.10835541688
35.04 1.10659438884
35.06 1.10477171346
35.08 1.10288831101
35.1 1.10094514258
35.12 1.09894321076
35.14 1.0968835603
35.16 1.09476727871
35.18 1.09259549697
35.2 1.09036939
35.22 1.08809017731
35.24 1.08575912343
35.26 1.08337753835
35.28 1.08094677796
35.3 1.07846824427
35.32 1.07594338572
35.34 1.07337369721
35.36 1.0707607202
35.38 1.06810604264
35.4 1.06541129873
35.42 1.06267816867
35.44 1.05990837815
35.46 1.05710369785
35.48 1.05426594266
35.5 1.0513969709
35.52 1.04849868319
35.54 1.0455730214
35.56 1.04262196725
35.58 1.03964754086
35.6 1.0366517991
35.62 1.03363683376
35.64 1.03060476962
35.66 1.02755776228
35.68 1.0244979959
35.7 1.02142768073
35.72 1.01834905055
35.74 1.01526435987
35.76 1.01217588108
35.78 1.00908590143
35.8 1.00599671981
35.82 1.00291064357
35.84 0.999829985027
35.86 0.996757058007
35.88 0.993694174232
35.9 0.990643639615
35.92 0.987607750503
35.94 0.984588789812
35.96 0.981589023108
35.98 0.97861069469
36.0 0.975656023541
36.02 0.972727199339
36.04 0.969826378378
36.06 0.966955679545
36.08 0.964117180231
36.1 0.96131291233
36.12 0.958544858215
36.14 0.955814946733
36.16 0.953125049359
36.18 0.950476976212
36.2 0.947872472388
36.22 0.945313214143
36.24 0.942800805313
36.26 0.940336773842
36.28 0.93792256829
36.3 0.935559554664
36.32 0.933249013215
36.34 0.930992135528
36.36 0.928790021628
36.38 0.926643677462
36.4 0.924554012335
36.42 0.922521836757
36.44 0.92054786037
36.46 0.91863269016
36.48 0.916776828893
36.5 0.914980673811
36.52 0.913244515558
36.54 0.91156853745
36.56 0.909952814968
36.58 0.908397315549
36.6 0.906901898795
36.62 0.905466316814
36.64 0.904090215112
36.66 0.902773133631
36.68 0.901514508263
36.7 0.90031367271
36.72 0.899169860613
36.74 0.898082208189
36.76 0.897049757133
36.78 0.896071457962
36.8 0.895146173681
36.82 0.894272683887
36.84 0.893449689194
36.86 0.892675816041
36.88 0.89194962187
36.9 0.891269600632
36.92 0.890634188647
36.94 0.890041770763
36.96 0.889490686833
36.98 0.888979238476
37.0 0.888505696078
37.02 0.888068306013
37.04 0.887665298144
37.06 0.887294893349
37.08 0.886955311364
37.1 0.886644778557
37.12 0.886361535882
37.14 0.886103846815
37.16 0.885870005247
37.18 0.885658343366
37.2 0.885467239396
37.22 0.885295125197
37.24 0.885140493673
37.26 0.88500190595
37.28 0.884877998244
37.3 0.884767488436
37.32 0.884669182256
37.34 0.884581979069
37.36 0.884504877219
37.38 0.884436978882
37.4 0.884377494418
37.42 0.884325746171
37.44 0.884281171712
37.46 0.884243326484
37.48 0.884211885853
37.5 0.884186646519
37.52 0.88416752733
37.54 0.884154569426
37.56 0.884147935794
37.58 0.88414791015
37.6 0.88415489525
37.62 0.884169410556
37.64 0.884192089349
37.66 0.884223675251
37.68 0.884265018237
37.7 0.884317070117
37.72 0.884380879543
37.74 0.884457586599
37.76 0.884548416949
37.78 0.884654675663
37.8 0.884777740687
37.82 0.88491905605
37.84 0.88508012484
37.86 0.885262501966
37.88 0.885467786793
37.9 0.885697615669
37.92 0.885953654354
37.94 0.886237590509
37.96 0.886551126082
37.98 0.886895969882
38.0 0.887273830161
38.02 0.887686407322
38.04 0.888135386864
38.06 0.888622432424
38.08 0.889149179095
38.1 0.889717226969
38.12 0.890328134942
38.14 0.890983414792
38.16 0.891684525584
38.18 0.892432868352
38.2 0.893229781136
38.22 0.894076534333
38.24 0.894974326382
38.26 0.895924279834
38.28 0.896927437688
38.3 0.897984760167
38.32 0.899097121749
38.34 0.900265308621
38.36 0.901490016366
38.38 0.902771848117
38.4 0.904111312855
38.42 0.905508824205
38.44 0.906964699406
38.46 0.908479158575
38.48 0.910052324376
38.5 0.911684221794
38.52 0.913374778289
38.54 0.915123824132
38.56 0.91693109303
38.58 0.918796222898
38.6 0.92071875692
38.62 0.922698144764
38.64 0.92473374399
38.66 0.926824821654
38.68 0.928970556042
38.7 0.931170038615
38.72 0.93342227602
38.74 0.935726192318
38.76 0.938080631261
38.78 0.940484358779
38.8 0.942936065424
38.82 0.945434369106
38.84 0.947977817768
38.86 0.950564892154
38.88 0.953194008801
38.9 0.955863522858
38.92 0.958571731214
38.94 0.961316875488
38.96 0.964097145159
38.98 0.966910680752
39.0 0.969755576985
39.02 0.972629886001
39.04 0.975531620624
39.06 0.978458757582
39.08 0.981409240805
39.1 0.984380984675
39.12 0.987371877287
39.14 0.990379783735
39.16 0.99340254932
39.18 0.996438002794
39.2 0.999483959534
39.22 1.00253822475
39.24 1.0055985965
39.26 1.00866286889
39.28 1.01172883501
39.3 1.01479428988
39.32 1.01785703343
39.34 1.02091487322
39.36 1.02396562725
39.38 1.02700712659
39.4 1.03003721797
39.42 1.03305376624
39.44 1.03605465677
39.46 1.03903779771
39.48 1.04200112216
39.5 1.04494259027
39.52 1.04786019114
39.54 1.05075194469
39.56 1.05361590336
39.58 1.05645015373
39.6 1.05925281798
39.62 1.06202205527
39.64 1.06475606297
39.66 1.06745307783
39.68 1.07011137693
39.7 1.07272927864
39.72 1.07530514337
39.74 1.07783737424
39.76 1.08032441774
39.78 1.08276476408
39.8 1.08515694767
39.82 1.08749954736
39.84 1.08979118665
39.86 1.0920305338
39.88 1.0942163019
39.9 1.0963472488
39.92 1.09842217704
39.94 1.10043993369
39.96 1.1023994101
39.98 1.10429954171
