0.0 7.357989442
0.02 7.3660691093
0.04 7.37550565684
0.06 7.38629078034
0.08 7.39841475835
0.1 7.41186648833
0.12 7.42663352088
0.14 7.44270209192
0.16 7.46005715255
0.18 7.4786823965
0.2 7.49856028488
0.22 7.5196720682
0.24 7.54199780527
0.26 7.56551637906
0.28 7.59020550911
0.3 7.6160417605
0.32 7.64300054914
0.34 7.67105614323
0.36 7.7001816608
0.38 7.73034906305
0.4 7.76152914367
0.42 7.7936915136
0.44 7.82680458161
0.46 7.86083553027
0.48 7.89575028749
0.5 7.93151349367
0.52 7.96808846424
0.54 8.00543714808
0.56 8.04352008168
0.58 8.08229633946
0.6 8.12172348041
0.62 8.16175749162
0.64 8.2023527291
0.66 8.2434618565
0.68 8.28503578254
0.7 8.32702359793
0.72 8.36937251291
0.74 8.41202779644
0.76 8.45493271847
0.78 8.49802849676
0.8 8.54125424984
0.82 8.58454695801
0.84 8.62784143431
0.86 8.67107030757
0.88 8.71416401982
0.9 8.7570508404
0.92 8.79965689918
0.94 8.8419062414
0.96 8.88372090646
0.98 8.92502103325
1.0 8.96572499399
1.02 9.00574955887
1.04 9.04501009319
1.06 9.08342078827
1.08 9.1208949274
1.1 9.15734518696
1.12 9.19268397282
1.14 9.22682379105
1.16 9.25967765141
1.18 9.2911595013
1.2 9.32118468704
1.22 9.34967043834
1.24 9.37653637124
1.26 9.40170500407
1.28 9.42510227983
1.3 9.44665808837
1.32 9.46630678079
1.34 9.48398766861
1.36 9.49964549948
1.38 9.51323090199
1.4 9.52470079167
1.42 9.53401873127
1.44 9.54115523872
1.46 9.54608803711
1.48 9.54880224211
1.5 9.54929048316
1.52 9.54755295651
1.54 9.54359740871
1.56 9.53743905153
1.58 9.52910040954
1.6 9.5186111039
1.62 9.50600757615
1.64 9.49133275757
1.66 9.47463569023
1.68 9.45597110642
1.7 9.43539897415
1.72 9.41298401607
1.74 9.38879520984
1.76 9.36290527748
1.78 9.3353901713
1.8 9.30632856311
1.82 9.27580134346
1.84 9.24389113647
1.86 9.21068183534
1.88 9.17625816281
1.9 9.14070525987
1.92 9.10410830559
1.94 9.06655216962
1.96 9.02812109862
1.98 8.98889843704
2.0 8.948966382
2.02 8.90840577154
2.04 8.86729590506
2.06 8.82571439444
2.08 8.78373704387
2.1 8.74143775637
2.12 8.69888846473
2.14 8.6561590846
2.16 8.61331748728
2.18 8.57042948994
2.2 8.52755886092
2.22 8.48476733794
2.24 8.44211465711
2.26 8.39965859084
2.28 8.35745499269
2.3 8.31555784771
2.32 8.27401932662
2.34 8.23288984245
2.36 8.19221810867
2.38 8.1520511975
2.4 8.11243459766
2.42 8.07341227074
2.44 8.03502670557
2.46 7.99731896994
2.48 7.96032875945
2.5 7.92409444281
2.52 7.88865310369
2.54 7.8540405786
2.56 7.82029149087
2.58 7.78743928057
2.6 7.75551623023
2.62 7.72455348656
2.64 7.69458107806
2.66 7.66562792851
2.68 7.63772186665
2.7 7.61088963186
2.72 7.58515687618
2.74 7.56054816261
2.76 7.53708695997
2.78 7.51479563432
2.8 7.49369543718
2.82 7.47380649059
2.84 7.45514776925
2.86 7.43773707986
2.88 7.42159103775
2.9 7.40672504106
2.92 7.39315324248
2.94 7.3808885189
2.96 7.36994243894
2.98 7.36032522864
3.0 7.35204573547
3.02 7.34511139082
3.04 7.33952817106
3.06 7.33530055771
3.08 7.33243149631
3.1 7.33092235488
3.12 7.33077288168
3.14 7.3319811628
3.16 7.3345435796
3.18 7.33845476651
3.2 7.34370756916
3.22 7.35029300344
3.24 7.35820021548
3.26 7.3674164431
3.28 7.37792697891
3.3 7.3897151354
3.32 7.40276221244
3.34 7.41704746753
3.36 7.43254808902
3.38 7.44923917288
3.4 7.46709370332
3.42 7.48608253752
3.44 7.5061743951
3.46 7.52733585245
3.48 7.54953134249
3.5 7.57272316023
3.52 7.59687147428
3.54 7.62193434501
3.56 7.64786774929
3.58 7.67462561252
3.6 7.70215984796
3.62 7.73042040368
3.64 7.75935531742
3.66 7.78891077951
3.68 7.81903120391
3.7 7.84965930767
3.72 7.88073619857
3.74 7.91220147119
3.76 7.94399331131
3.78 7.97604860826
3.8 8.00830307552
3.82 8.04069137878
3.84 8.07314727173
3.86 8.10560373871
3.88 8.13799314412
3.9 8.17024738808
3.92 8.20229806766
3.94 8.23407664322
3.96 8.26551460927
3.98 8.29654366904
4.0 8.32709591215
4.02 8.35710399464
4.04 8.38650132044
4.06 8.41522222392
4.08 8.44320215197
4.1 8.47037784571
4.12 8.49668752026
4.14 8.52207104223
4.16 8.54647010402
4.18 8.5698283941
4.2 8.59209176263
4.22 8.61320838173
4.24 8.63312889964
4.26 8.65180658825
4.28 8.66919748329
4.3 8.68526051676
4.32 8.69995764105
4.34 8.71325394423
4.36 8.72511775618
4.38 8.73552074519
4.4 8.7444380046
4.42 8.75184812933
4.44 8.75773328192
4.46 8.76207924795
4.48 8.76487548065
4.5 8.76611513446
4.52 8.76579508762
4.54 8.76391595343
4.56 8.76048208043
4.58 8.75550154124
4.6 8.74898611017
4.62 8.74095122966
4.64 8.73141596554
4.66 8.72040295141
4.68 8.70793832193
4.7 8.69405163566
4.72 8.67877578736
4.74 8.66214691011
4.76 8.64420426764
4.78 8.62499013721
4.8 8.60454968335
4.82 8.58293082311
4.84 8.56018408329
4.86 8.53636245006
4.88 8.51152121187
4.9 8.48571779605
4.92 8.45901159995
4.94 8.43146381733
4.96 8.40313726076
4.98 8.37409618081
5.0 8.34440608292
5.02 8.31413354269
5.04 8.28334602044
5.06 8.25211167605
5.08 8.22049918457
5.1 8.18857755381
5.12 8.15641594433
5.14 8.12408349288
5.16 8.09164913993
5.18 8.05918146175
5.2 8.02674850814
5.22 7.99441764596
5.24 7.9622554092
5.26 7.930327356
5.28 7.89869793317
5.3 7.86743034828
5.32 7.83658644988
5.34 7.80622661596
5.36 7.77640965076
5.38 7.74719269012
5.4 7.71863111538
5.42 7.69077847586
5.44 7.66368641967
5.46 7.63740463302
5.48 7.61198078761
5.5 7.58746049609
5.52 7.5638872752
5.54 7.54130251636
5.56 7.51974546347
5.58 7.49925319752
5.6 7.47986062764
5.62 7.46160048835
5.64 7.44450334239
5.66 7.42859758906
5.68 7.41390947735
5.7 7.40046312374
5.72 7.38828053403
5.74 7.377381629
5.76 7.36778427338
5.78 7.35950430785
5.8 7.3525555835
5.82 7.34694999871
5.84 7.34269753774
5.86 7.33980631091
5.88 7.338282596
5.9 7.33813088048
5.92 7.33935390432
5.94 7.34195270312
5.96 7.34592665117
5.98 7.35127350426
6.0 7.357989442
6.02 7.3660691093
6.04 7.37550565684
6.06 7.38629078034
6.08 7.39841475835
6.1 7.41186648833
6.12 7.42663352088
6.14 7.44270209192
6.16 7.46005715255
6.18 7.4786823965
6.2 7.49856028488
6.22 7.5196720682
6.24 7.54199780527
6.26 7.56551637906
6.28 7.59020550911
6.3 7.6160417605
6.32 7.64300054914
6.34 7.67105614323
6.36 7.7001816608
6.38 7.73034906306
6.4 7.76152914367
6.42 7.7936915136
6.44 7.82680458161
6.46 7.86083553027
6.48 7.89575028749
6.5 7.93151349367
6.52 7.96808846424
6.54 8.00543714807
6.56 8.04352008169
6.58 8.08229633946
6.6 8.1217234804
6.62 8.16175749162
6.64 8.2023527291
6.66 8.24346185651
6.68 8.28503578254
6.7 8.32702359794
6.72 8.36937251291
6.74 8.41202779644
6.76 8.45493271846
6.78 8.49802849676
6.8 8.54125424983
6.82 8.58454695801
6.84 8.62784143431
6.86 8.67107030757
6.88 8.71416401982
6.9 8.75705084039
6.92 8.79965689918
6.94 8.84190624139
6.96 8.88372090647
6.98 8.92502103325
7.0 8.96572499399
7.02 9.00574955887
7.04 9.04501009319
7.06 9.08342078827
7.08 9.1208949274
7.1 9.15734518696
7.12 9.19268397282
7.14 9.22682379105
7.16 9.25967765141
7.18 9.2911595013
7.2 9.32118468704
7.22 9.34967043834
7.24 9.37653637124
7.26 9.40170500407
7.28 9.42510227984
7.3 9.44665808836
7.32 9.46630678079
7.34 9.48398766861
7.36 9.49964549948
7.38 9.51323090199
7.4 9.52470079167
7.42 9.53401873127
7.44 9.54115523872
7.46 9.54608803711
7.48 9.54880224211
7.5 9.54929048316
7.52 9.54755295651
7.54 9.54359740871
7.56 9.53743905153
7.58 9.52910040954
7.6 9.5186111039
7.62 9.50600757615
7.64 9.49133275757
7.66 9.47463569023
7.68 9.45597110642
7.7 9.43539897416
7.72 9.41298401607
7.74 9.38879520984
7.76 9.36290527749
7.78 9.3353901713
7.8 9.30632856311
7.82 9.27580134346
7.84 9.24389113647
7.86 9.21068183535
7.88 9.17625816281
7.9 9.14070525986
7.92 9.1041083056
7.94 9.06655216962
7.96 9.02812109862
7.98 8.98889843704
8.0 8.948966382
8.02 8.90840577154
8.04 8.86729590506
8.06 8.82571439444
8.08 8.78373704388
8.1 8.74143775637
8.12 8.69888846473
8.14 8.6561590846
8.16 8.61331748728
8.18 8.57042948994
8.2 8.52755886092
8.22 8.48476733794
8.24 8.44211465711
8.26 8.39965859084
8.28 8.35745499268
8.3 8.31555784772
8.32 8.27401932662
8.34 8.23288984245
8.36 8.19221810868
8.38 8.1520511975
8.4 8.11243459766
8.42 8.07341227074
8.44 8.03502670557
8.46 7.99731896994
8.48 7.96032875945
8.5 7.92409444281
8.52 7.88865310369
8.54 7.8540405786
8.56 7.82029149087
8.58 7.78743928057
8.6 7.75551623023
8.62 7.72455348656
8.64 7.69458107805
8.66 7.66562792851
8.68 7.63772186665
8.7 7.61088963187
8.72 7.58515687617
8.74 7.56054816261
8.76 7.53708695997
8.78 7.51479563432
8.8 7.49369543719
8.82 7.47380649058
8.84 7.45514776925
8.86 7.43773707986
8.88 7.42159103775
8.9 7.40672504105
8.92 7.39315324248
8.94 7.3808885189
8.96 7.36994243894
8.98 7.36032522864
9.0 7.35204573547
9.02 7.34511139081
9.04 7.33952817106
9.06 7.33530055771
9.08 7.3324314963
9.1 7.33092235488
9.12 7.33077288168
9.14 7.3319811628
9.16 7.3345435796
9.18 7.33845476651
9.2 7.34370756916
9.22 7.35029300344
9.24 7.35820021548
9.26 7.3674164431
9.28 7.37792697891
9.3 7.3897151354
9.32 7.40276221245
9.34 7.41704746753
9.36 7.43254808902
9.38 7.44923917288
9.4 7.46709370332
9.42 7.48608253753
9.44 7.5061743951
9.46 7.52733585244
9.48 7.54953134249
9.5 7.57272316023
9.52 7.59687147428
9.54 7.62193434501
9.56 7.64786774928
9.58 7.67462561252
9.6 7.70215984796
9.62 7.73042040368
9.64 7.75935531742
9.66 7.7889107795
9.68 7.81903120392
9.7 7.84965930767
9.72 7.88073619857
9.74 7.91220147119
9.76 7.94399331131
9.78 7.97604860827
9.8 8.00830307551
9.82 8.04069137878
9.84 8.07314727174
9.86 8.1056037387
9.88 8.13799314412
9.9 8.17024738809
9.92 8.20229806765
9.94 8.23407664322
9.96 8.26551460927
9.98 8.29654366905
10.0 8.32709591215
10.02 8.35710399463
10.04 8.38650132044
10.06 8.41522222392
10.08 8.44320215197
10.1 8.47037784571
10.12 8.49668752026
10.14 8.52207104223
10.16 8.54647010403
10.18 8.5698283941
10.2 8.59209176262
10.22 8.61320838173
10.24 8.63312889964
10.26 8.65180658825
10.28 8.66919748329
10.3 8.68526051676
10.32 8.69995764106
10.34 8.71325394423
10.36 8.72511775618
10.38 8.73552074519
10.4 8.7444380046
10.42 8.75184812933
10.44 8.75773328192
10.46 8.76207924795
10.48 8.76487548065
10.5 8.76611513446
10.52 8.76579508762
10.54 8.76391595343
10.56 8.76048208043
10.58 8.75550154124
10.6 8.74898611017
10.62 8.74095122966
10.64 8.73141596554
10.66 8.72040295142
10.68 8.70793832193
10.7 8.69405163566
10.72 8.67877578735
10.74 8.6621469101
10.76 8.64420426765
10.78 8.62499013721
10.8 8.60454968336
10.82 8.5829308231
10.84 8.56018408329
10.86 8.53636245006
10.88 8.51152121187
10.9 8.48571779605
10.92 8.45901159995
10.94 8.43146381733
10.96 8.40313726076
10.98 8.37409618081
11.0 8.34440608292
11.02 8.31413354269
11.04 8.28334602044
11.06 8.25211167604
11.08 8.22049918457
11.1 8.18857755381
11.12 8.15641594433
11.14 8.12408349288
11.16 8.09164913993
11.18 8.05918146174
11.2 8.02674850814
11.22 7.99441764597
11.24 7.9622554092
11.26 7.930327356
11.28 7.89869793317
11.3 7.86743034828
11.32 7.83658644988
11.34 7.80622661596
11.36 7.77640965076
11.38 7.74719269012
11.4 7.71863111539
11.42 7.69077847586
11.44 7.66368641967
11.46 7.63740463302
11.48 7.6119807876
11.5 7.5874604961
11.52 7.5638872752
11.54 7.54130251636
11.56 7.51974546347
11.58 7.49925319752
11.6 7.47986062765
11.62 7.46160048835
11.64 7.44450334239
11.66 7.42859758906
11.68 7.41390947735
11.7 7.40046312374
11.72 7.38828053403
11.74 7.377381629
11.76 7.36778427338
11.78 7.35950430785
11.8 7.3525555835
11.82 7.34694999871
11.84 7.34269753774
11.86 7.33980631091
11.88 7.338282596
11.9 7.33813088048
11.92 7.33935390432
11.94 7.34195270312
11.96 7.34592665117
11.98 7.35127350426
12.0 7.357989442
12.02 7.3660691093
12.04 7.37550565684
12.06 7.38629078034
12.08 7.39841475836
12.1 7.41186648833
12.12 7.42663352088
12.14 7.44270209191
12.16 7.46005715255
12.18 7.4786823965
12.2 7.49856028488
12.22 7.5196720682
12.24 7.54199780527
12.26 7.56551637907
12.28 7.59020550911
12.3 7.6160417605
12.32 7.64300054914
12.34 7.67105614323
12.36 7.7001816608
12.38 7.73034906305
12.4 7.76152914367
12.42 7.7936915136
12.44 7.82680458161
12.46 7.86083553026
12.48 7.8957502875
12.5 7.93151349367
12.52 7.96808846424
12.54 8.00543714807
12.56 8.04352008168
12.58 8.08229633946
12.6 8.12172348041
12.62 8.16175749162
12.64 8.2023527291
12.66 8.2434618565
12.68 8.28503578254
12.7 8.32702359794
12.72 8.36937251291
12.74 8.41202779644
12.76 8.45493271847
12.78 8.49802849675
12.8 8.54125424984
12.82 8.58454695801
12.84 8.62784143431
12.86 8.67107030757
12.88 8.71416401982
12.9 8.75705084039
12.92 8.79965689918
12.94 8.84190624139
12.96 8.88372090647
12.98 8.92502103325
13.0 8.96572499399
13.02 9.00574955887
13.04 9.04501009319
13.06 9.08342078827
13.08 9.1208949274
13.1 9.15734518696
13.12 9.19268397283
13.14 9.22682379105
13.16 9.25967765141
13.18 9.2911595013
13.2 9.32118468705
13.22 9.34967043833
13.24 9.37653637124
13.26 9.40170500408
13.28 9.42510227984
13.3 9.44665808836
13.32 9.46630678079
13.34 9.48398766861
13.36 9.49964549948
13.38 9.51323090199
13.4 9.52470079167
13.42 9.53401873127
13.44 9.54115523872
13.46 9.54608803711
13.48 9.54880224211
13.5 9.54929048316
13.52 9.54755295651
13.54 9.54359740871
13.56 9.53743905153
13.58 9.52910040954
13.6 9.5186111039
13.62 9.50600757615
13.64 9.49133275757
13.66 9.47463569023
13.68 9.45597110642
13.7 9.43539897415
13.72 9.41298401607
13.74 9.38879520984
13.76 9.36290527749
13.78 9.3353901713
13.8 9.30632856311
13.82 9.27580134346
13.84 9.24389113647
13.86 9.21068183535
13.88 9.17625816281
13.9 9.14070525987
13.92 9.10410830559
13.94 9.06655216962
13.96 9.02812109862
13.98 8.98889843705
14.0 8.948966382
14.02 8.90840577154
14.04 8.86729590506
14.06 8.82571439444
14.08 8.78373704387
14.1 8.74143775637
14.12 8.69888846473
14.14 8.65615908459
14.16 8.61331748728
14.18 8.57042948994
14.2 8.52755886092
14.22 8.48476733794
14.24 8.44211465711
14.26 8.39965859084
14.28 8.35745499268
14.3 8.31555784772
14.32 8.27401932661
14.34 8.23288984245
14.36 8.19221810867
14.38 8.1520511975
14.4 8.11243459766
14.42 8.07341227074
14.44 8.03502670556
14.46 7.99731896995
14.48 7.96032875945
14.5 7.92409444281
14.52 7.88865310369
14.54 7.8540405786
14.56 7.82029149087
14.58 7.78743928057
14.6 7.75551623023
14.62 7.72455348656
14.64 7.69458107806
14.66 7.66562792851
14.68 7.63772186665
14.7 7.61088963187
14.72 7.58515687617
14.74 7.56054816261
14.76 7.53708695997
14.78 7.51479563432
14.8 7.49369543718
14.82 7.47380649059
14.84 7.45514776925
14.86 7.43773707986
14.88 7.42159103775
14.9 7.40672504106
14.92 7.39315324248
14.94 7.3808885189
14.96 7.36994243894
14.98 7.36032522865
15.0 7.35204573547
15.02 7.34511139081
15.04 7.33952817107
15.06 7.33530055771
15.08 7.33243149631
15.1 7.33092235487
15.12 7.33077288168
15.14 7.3319811628
15.16 7.3345435796
15.18 7.33845476651
15.2 7.34370756916
15.22 7.35029300344
15.24 7.35820021548
15.26 7.36741644311
15.28 7.37792697891
15.3 7.3897151354
15.32 7.40276221245
15.34 7.41704746753
15.36 7.43254808902
15.38 7.44923917288
15.4 7.46709370332
15.42 7.48608253753
15.44 7.5061743951
15.46 7.52733585244
15.48 7.54953134249
15.5 7.57272316023
15.52 7.59687147428
15.54 7.62193434501
15.56 7.64786774929
15.58 7.67462561252
15.6 7.70215984796
15.62 7.73042040368
15.64 7.75935531742
15.66 7.78891077951
15.68 7.81903120391
15.7 7.84965930767
15.72 7.88073619856
15.74 7.91220147119
15.76 7.94399331131
15.78 7.97604860826
15.8 8.00830307552
15.82 8.04069137878
15.84 8.07314727173
15.86 8.1056037387
15.88 8.13799314412
15.9 8.17024738809
15.92 8.20229806765
15.94 8.23407664322
15.96 8.26551460927
15.98 8.29654366905
16.0 8.32709591215
16.02 8.35710399464
16.04 8.38650132044
16.06 8.41522222392
16.08 8.44320215197
16.1 8.47037784571
16.12 8.49668752025
16.14 8.52207104224
16.16 8.54647010402
16.18 8.5698283941
16.2 8.59209176263
16.22 8.61320838173
16.24 8.63312889964
16.26 8.65180658826
16.28 8.66919748328
16.3 8.68526051676
16.32 8.69995764105
16.34 8.71325394423
16.36 8.72511775618
16.38 8.73552074519
16.4 8.7444380046
16.42 8.75184812933
16.44 8.75773328192
16.46 8.76207924795
16.48 8.76487548065
16.5 8.76611513446
16.52 8.76579508762
16.54 8.76391595343
16.56 8.76048208042
16.58 8.75550154124
16.6 8.74898611017
16.62 8.74095122965
16.64 8.73141596555
16.66 8.72040295141
16.68 8.70793832193
16.7 8.69405163566
16.72 8.67877578736
16.74 8.66214691011
16.76 8.64420426764
16.78 8.62499013721
16.8 8.60454968335
16.82 8.58293082311
16.84 8.56018408329
16.86 8.53636245006
16.88 8.51152121187
16.9 8.48571779605
16.92 8.45901159995
16.94 8.43146381733
16.96 8.40313726076
16.98 8.37409618082
17.0 8.34440608292
17.02 8.31413354269
17.04 8.28334602044
17.06 8.25211167604
17.08 8.22049918457
17.1 8.18857755381
17.12 8.15641594432
17.14 8.12408349289
17.16 8.09164913993
17.18 8.05918146175
17.2 8.02674850814
17.22 7.99441764597
17.24 7.9622554092
17.26 7.93032735601
17.28 7.89869793317
17.3 7.86743034828
17.32 7.83658644988
17.34 7.80622661596
17.36 7.77640965076
17.38 7.74719269012
17.4 7.71863111538
17.42 7.69077847586
17.44 7.66368641967
17.46 7.63740463302
17.48 7.61198078761
17.5 7.58746049609
17.52 7.56388727521
17.54 7.54130251636
17.56 7.51974546347
17.58 7.49925319752
17.6 7.47986062765
17.62 7.46160048835
17.64 7.44450334239
17.66 7.42859758906
17.68 7.41390947735
17.7 7.40046312374
17.72 7.38828053402
17.74 7.377381629
17.76 7.36778427338
17.78 7.35950430785
17.8 7.3525555835
17.82 7.34694999871
17.84 7.34269753774
17.86 7.3398063109
17.88 7.33828259601
17.9 7.33813088048
17.92 7.33935390432
17.94 7.34195270312
17.96 7.34592665117
17.98 7.35127350426
18.0 7.35798944201
18.02 7.3660691093
18.04 7.37550565684
18.06 7.38629078034
18.08 7.39841475835
18.1 7.41186648833
18.12 7.42663352088
18.14 7.44270209191
18.16 7.46005715255
18.18 7.4786823965
18.2 7.49856028488
18.22 7.5196720682
18.24 7.54199780528
18.26 7.56551637906
18.28 7.59020550911
18.3 7.61604176049
18.32 7.64300054914
18.34 7.67105614324
18.36 7.70018166079
18.38 7.73034906306
18.4 7.76152914367
18.42 7.7936915136
18.44 7.82680458161
18.46 7.86083553027
18.48 7.8957502875
18.5 7.93151349367
18.52 7.96808846423
18.54 8.00543714808
18.56 8.04352008168
18.58 8.08229633946
18.6 8.12172348041
18.62 8.16175749162
18.64 8.2023527291
18.66 8.2434618565
18.68 8.28503578254
18.7 8.32702359794
18.72 8.36937251291
18.74 8.41202779643
18.76 8.45493271848
18.78 8.49802849675
18.8 8.54125424984
18.82 8.58454695801
18.84 8.62784143431
18.86 8.67107030757
18.88 8.71416401982
18.9 8.7570508404
18.92 8.79965689918
18.94 8.84190624139
18.96 8.88372090646
18.98 8.92502103326
19.0 8.96572499399
19.02 9.00574955887
19.04 9.04501009319
19.06 9.08342078827
19.08 9.1208949274
19.1 9.15734518696
19.12 9.19268397282
19.14 9.22682379105
19.16 9.2596776514
19.18 9.2911595013
19.2 9.32118468705
19.22 9.34967043833
19.24 9.37653637124
19.26 9.40170500407
19.28 9.42510227984
19.3 9.44665808836
19.32 9.46630678079
19.34 9.48398766861
19.36 9.49964549948
19.38 9.51323090199
19.4 9.52470079167
19.42 9.53401873127
19.44 9.54115523872
19.46 9.54608803711
19.48 9.54880224211
19.5 9.54929048316
19.52 9.54755295651
19.54 9.54359740871
19.56 9.53743905153
19.58 9.52910040954
19.6 9.51861110391
19.62 9.50600757615
19.64 9.49133275757
19.66 9.47463569023
19.68 9.45597110642
19.7 9.43539897415
19.72 9.41298401607
19.74 9.38879520984
19.76 9.36290527748
19.78 9.3353901713
19.8 9.30632856311
19.82 9.27580134347
19.84 9.24389113646
19.86 9.21068183535
19.88 9.17625816281
19.9 9.14070525987
19.92 9.10410830559
19.94 9.06655216962
19.96 9.02812109862
19.98 8.98889843705
20.0 8.948966382
20.02 8.90840577154
20.04 8.86729590506
20.06 8.82571439444
20.08 8.78373704388
20.1 8.74143775637
20.12 8.69888846473
20.14 8.65615908459
20.16 8.61331748728
20.18 8.57042948994
20.2 8.52755886093
20.22 8.48476733794
20.24 8.44211465711
20.26 8.39965859085
20.28 8.35745499268
20.3 8.31555784771
20.32 8.27401932662
20.34 8.23288984245
20.36 8.19221810867
20.38 8.1520511975
20.4 8.11243459766
20.42 8.07341227074
20.44 8.03502670557
20.46 7.99731896994
20.48 7.96032875946
20.5 7.92409444281
20.52 7.88865310368
20.54 7.8540405786
20.56 7.82029149087
20.58 7.78743928057
20.6 7.75551623022
20.62 7.72455348655
20.64 7.69458107806
20.66 7.6656279285
20.68 7.63772186665
20.7 7.61088963186
20.72 7.58515687617
20.74 7.5605481626
20.76 7.53708695997
20.78 7.51479563433
20.8 7.49369543718
20.82 7.47380649059
20.84 7.45514776925
20.86 7.43773707985
20.88 7.42159103775
20.9 7.40672504105
20.92 7.39315324248
20.94 7.3808885189
20.96 7.36994243894
20.98 7.36032522864
21.0 7.35204573548
21.02 7.3451113908
21.04 7.33952817107
21.06 7.33530055771
21.08 7.33243149631
21.1 7.33092235487
21.12 7.33077288169
21.14 7.3319811628
21.16 7.3345435796
21.18 7.33845476651
21.2 7.34370756916
21.22 7.35029300344
21.24 7.35820021548
21.26 7.3674164431
21.28 7.37792697892
21.3 7.38971513539
21.32 7.40276221245
21.34 7.41704746753
21.36 7.43254808902
21.38 7.44923917288
21.4 7.46709370332
21.42 7.48608253752
21.44 7.50617439511
21.46 7.52733585244
21.48 7.54953134249
21.5 7.57272316022
21.52 7.59687147429
21.54 7.621934345
21.56 7.64786774929
21.58 7.67462561252
21.6 7.70215984796
21.62 7.73042040368
21.64 7.75935531742
21.66 7.78891077951
21.68 7.81903120391
21.7 7.84965930767
21.72 7.88073619857
21.74 7.91220147119
21.76 7.94399331131
21.78 7.97604860826
21.8 8.00830307551
21.82 8.04069137878
21.84 8.07314727173
21.86 8.1056037387
21.88 8.13799314412
21.9 8.17024738808
21.92 8.20229806766
21.94 8.23407664322
21.96 8.26551460927
21.98 8.29654366904
22.0 8.32709591216
22.02 8.35710399463
22.04 8.38650132044
22.06 8.41522222392
22.08 8.44320215197
22.1 8.47037784571
22.12 8.49668752025
22.14 8.52207104224
22.16 8.54647010402
22.18 8.56982839409
22.2 8.59209176263
22.22 8.61320838172
22.24 8.63312889964
22.26 8.65180658825
22.28 8.66919748328
22.3 8.68526051676
22.32 8.69995764105
22.34 8.71325394423
22.36 8.72511775618
22.38 8.73552074519
22.4 8.7444380046
22.42 8.75184812933
22.44 8.75773328192
22.46 8.76207924795
22.48 8.76487548065
22.5 8.76611513446
22.52 8.76579508762
22.54 8.76391595343
22.56 8.76048208042
22.58 8.75550154124
22.6 8.74898611017
22.62 8.74095122965
22.64 8.73141596555
22.66 8.72040295141
22.68 8.70793832193
22.7 8.69405163565
22.72 8.67877578736
22.74 8.66214691011
22.76 8.64420426764
22.78 8.62499013722
22.8 8.60454968335
22.82 8.58293082311
22.84 8.56018408329
22.86 8.53636245006
22.88 8.51152121188
22.9 8.48571779605
22.92 8.45901159995
22.94 8.43146381733
22.96 8.40313726076
22.98 8.37409618081
23.0 8.34440608292
23.02 8.31413354269
23.04 8.28334602044
23.06 8.25211167605
23.08 8.22049918457
23.1 8.18857755381
23.12 8.15641594432
23.14 8.12408349289
23.16 8.09164913993
23.18 8.05918146175
23.2 8.02674850814
23.22 7.99441764597
23.24 7.9622554092
23.26 7.93032735601
23.28 7.89869793317
23.3 7.86743034828
23.32 7.83658644988
23.34 7.80622661596
23.36 7.77640965076
23.38 7.74719269011
23.4 7.71863111539
23.42 7.69077847586
23.44 7.66368641967
23.46 7.63740463302
23.48 7.6119807876
23.5 7.5874604961
23.52 7.5638872752
23.54 7.54130251636
23.56 7.51974546346
23.58 7.49925319753
23.6 7.47986062764
23.62 7.46160048835
23.64 7.44450334239
23.66 7.42859758906
23.68 7.41390947735
23.7 7.40046312374
23.72 7.38828053403
23.74 7.377381629
23.76 7.36778427338
23.78 7.35950430785
23.8 7.3525555835
23.82 7.34694999871
23.84 7.34269753774
23.86 7.3398063109
23.88 7.338282596
23.9 7.33813088048
23.92 7.33935390431
23.94 7.34195270313
23.96 7.34592665116
23.98 7.35127350426
24.0 7.35798944201
24.02 7.3660691093
24.04 7.37550565684
24.06 7.38629078034
24.08 7.39841475836
24.1 7.41186648833
24.12 7.42663352087
24.14 7.44270209192
24.16 7.46005715255
24.18 7.4786823965
24.2 7.49856028488
24.22 7.5196720682
24.24 7.54199780527
24.26 7.56551637906
24.28 7.59020550911
24.3 7.6160417605
24.32 7.64300054914
24.34 7.67105614323
24.36 7.70018166079
24.38 7.73034906306
24.4 7.76152914367
24.42 7.7936915136
24.44 7.82680458161
24.46 7.86083553026
24.48 7.8957502875
24.5 7.93151349367
24.52 7.96808846424
24.54 8.00543714808
24.56 8.04352008168
24.58 8.08229633946
24.6 8.1217234804
24.62 8.16175749163
24.64 8.20235272909
24.66 8.2434618565
24.68 8.28503578254
24.7 8.32702359793
24.72 8.36937251291
24.74 8.41202779644
24.76 8.45493271846
24.78 8.49802849676
24.8 8.54125424983
24.82 8.58454695801
24.84 8.6278414343
24.86 8.67107030757
24.88 8.71416401982
24.9 8.75705084039
24.92 8.79965689918
24.94 8.84190624139
24.96 8.88372090646
24.98 8.92502103326
25.0 8.96572499399
25.02 9.00574955888
25.04 9.04501009318
25.06 9.08342078827
25.08 9.1208949274
25.1 9.15734518696
25.12 9.19268397282
25.14 9.22682379105
25.16 9.25967765141
25.18 9.29115950131
25.2 9.32118468704
25.22 9.34967043834
25.24 9.37653637124
25.26 9.40170500408
25.28 9.42510227983
25.3 9.44665808836
25.32 9.46630678079
25.34 9.48398766861
25.36 9.49964549948
25.38 9.51323090199
25.4 9.52470079167
25.42 9.53401873127
25.44 9.54115523872
25.46 9.54608803711
25.48 9.54880224211
25.5 9.54929048316
25.52 9.54755295651
25.54 9.54359740871
25.56 9.53743905153
25.58 9.52910040955
25.6 9.5186111039
25.62 9.50600757615
25.64 9.49133275757
25.66 9.47463569023
25.68 9.45597110642
25.7 9.43539897415
25.72 9.41298401608
25.74 9.38879520984
25.76 9.36290527748
25.78 9.3353901713
25.8 9.3063285631
25.82 9.27580134346
25.84 9.24389113647
25.86 9.21068183534
25.88 9.17625816281
25.9 9.14070525987
25.92 9.1041083056
25.94 9.06655216962
25.96 9.02812109861
25.98 8.98889843705
26.0 8.948966382
26.02 8.90840577154
26.04 8.86729590505
26.06 8.82571439445
26.08 8.78373704388
26.1 8.74143775636
26.12 8.69888846473
26.14 8.65615908459
26.16 8.61331748728
26.18 8.57042948994
26.2 8.52755886092
26.22 8.48476733795
26.24 8.44211465711
26.26 8.39965859083
26.28 8.3574549927
26.3 8.31555784771
26.32 8.27401932662
26.34 8.23288984245
26.36 8.19221810867
26.38 8.15205119751
26.4 8.11243459765
26.42 8.07341227074
26.44 8.03502670557
26.46 7.99731896995
26.48 7.96032875944
26.5 7.92409444282
26.52 7.88865310368
26.54 7.85404057859
26.56 7.82029149088
26.58 7.78743928056
26.6 7.75551623023
26.62 7.72455348656
26.64 7.69458107805
26.66 7.66562792852
26.68 7.63772186665
26.7 7.61088963186
26.72 7.58515687618
26.74 7.5605481626
26.76 7.53708695997
26.78 7.51479563432
26.8 7.49369543719
26.82 7.47380649059
26.84 7.45514776924
26.86 7.43773707986
26.88 7.42159103775
26.9 7.40672504106
26.92 7.39315324247
26.94 7.38088851891
26.96 7.36994243894
26.98 7.36032522864
27.0 7.35204573548
27.02 7.34511139081
27.04 7.33952817107
27.06 7.33530055771
27.08 7.3324314963
27.1 7.33092235488
27.12 7.33077288168
27.14 7.33198116279
27.16 7.33454357961
27.18 7.33845476651
27.2 7.34370756916
27.22 7.35029300344
27.24 7.35820021547
27.26 7.36741644311
27.28 7.37792697891
27.3 7.3897151354
27.32 7.40276221245
27.34 7.41704746753
27.36 7.43254808901
27.38 7.44923917289
27.4 7.46709370332
27.42 7.48608253752
27.44 7.50617439511
27.46 7.52733585244
27.48 7.54953134249
27.5 7.57272316022
27.52 7.59687147429
27.54 7.62193434501
27.56 7.64786774928
27.58 7.67462561252
27.6 7.70215984796
27.62 7.73042040368
27.64 7.75935531742
27.66 7.78891077951
27.68 7.81903120391
27.7 7.84965930767
27.72 7.88073619856
27.74 7.91220147119
27.76 7.94399331131
27.78 7.97604860826
27.8 8.00830307551
27.82 8.04069137878
27.84 8.07314727173
27.86 8.1056037387
27.88 8.13799314412
27.9 8.17024738808
27.92 8.20229806766
27.94 8.23407664322
27.96 8.26551460927
27.98 8.29654366905
28.0 8.32709591215
28.02 8.35710399463
28.04 8.38650132045
28.06 8.41522222391
28.08 8.44320215197
28.1 8.47037784571
28.12 8.49668752025
28.14 8.52207104224
28.16 8.54647010402
28.18 8.5698283941
28.2 8.59209176263
28.22 8.61320838172
28.24 8.63312889964
28.26 8.65180658825
28.28 8.66919748329
28.3 8.68526051676
28.32 8.69995764105
28.34 8.71325394423
28.36 8.72511775618
28.38 8.73552074519
28.4 8.74443800461
28.42 8.75184812933
28.44 8.75773328192
28.46 8.76207924795
28.48 8.76487548065
28.5 8.76611513446
28.52 8.76579508762
28.54 8.76391595343
28.56 8.76048208042
28.58 8.75550154124
28.6 8.74898611017
28.62 8.74095122965
28.64 8.73141596555
28.66 8.72040295141
28.68 8.70793832193
28.7 8.69405163566
28.72 8.67877578736
28.74 8.6621469101
28.76 8.64420426765
28.78 8.62499013721
28.8 8.60454968335
28.82 8.58293082311
28.84 8.56018408329
28.86 8.53636245007
28.88 8.51152121187
28.9 8.48571779606
28.92 8.45901159995
28.94 8.43146381733
28.96 8.40313726076
28.98 8.37409618081
29.0 8.34440608292
29.02 8.31413354269
29.04 8.28334602044
29.06 8.25211167605
29.08 8.22049918457
29.1 8.18857755381
29.12 8.15641594432
29.14 8.12408349289
29.16 8.09164913993
29.18 8.05918146175
29.2 8.02674850814
29.22 7.99441764597
29.24 7.9622554092
29.26 7.930327356
29.28 7.89869793318
29.3 7.86743034827
29.32 7.83658644989
29.34 7.80622661597
29.36 7.77640965076
29.38 7.74719269011
29.4 7.71863111539
29.42 7.69077847586
29.44 7.66368641968
29.46 7.63740463302
29.48 7.6119807876
29.5 7.5874604961
29.52 7.5638872752
29.54 7.54130251636
29.56 7.51974546347
29.58 7.49925319752
29.6 7.47986062765
29.62 7.46160048835
29.64 7.44450334239
29.66 7.42859758906
29.68 7.41390947736
29.7 7.40046312373
29.72 7.38828053404
29.74 7.37738162899
29.76 7.36778427338
29.78 7.35950430785
29.8 7.35255558349
29.82 7.34694999871
29.84 7.34269753775
29.86 7.33980631091
29.88 7.338282596
29.9 7.33813088048
29.92 7.33935390432
29.94 7.34195270312
29.96 7.34592665116
29.98 7.35127350425
30.0 7.35798944201
30.02 7.3660691093
30.04 7.37550565684
30.06 7.38629078035
30.08 7.39841475835
30.1 7.41186648832
30.12 7.42663352089
30.14 7.4427020919
30.16 7.46005715256
30.18 7.47868239649
30.2 7.49856028488
30.22 7.51967206821
30.24 7.54199780527
30.26 7.56551637906
30.28 7.59020550912
30.3 7.61604176049
30.32 7.64300054914
30.34 7.67105614323
30.36 7.7001816608
30.38 7.73034906305
30.4 7.76152914367
30.42 7.7936915136
30.44 7.82680458162
30.46 7.86083553026
30.48 7.89575028749
30.5 7.93151349368
30.52 7.96808846423
30.54 8.00543714807
30.56 8.04352008169
30.58 8.08229633946
30.6 8.12172348041
30.62 8.16175749162
30.64 8.2023527291
30.66 8.2434618565
30.68 8.28503578254
30.7 8.32702359793
30.72 8.36937251292
30.74 8.41202779644
30.76 8.45493271846
30.78 8.49802849677
30.8 8.54125424982
30.82 8.58454695802
30.84 8.6278414343
30.86 8.67107030757
30.88 8.71416401983
30.9 8.75705084038
30.92 8.79965689919
30.94 8.84190624139
30.96 8.88372090646
30.98 8.92502103325
31.0 8.96572499399
31.02 9.00574955888
31.04 9.04501009319
31.06 9.08342078827
31.08 9.1208949274
31.1 9.15734518696
31.12 9.19268397282
31.14 9.22682379105
31.16 9.25967765141
31.18 9.2911595013
31.2 9.32118468704
31.22 9.34967043834
31.24 9.37653637123
31.26 9.40170500408
31.28 9.42510227983
31.3 9.44665808837
31.32 9.46630678079
31.34 9.48398766861
31.36 9.49964549948
31.38 9.51323090199
31.4 9.52470079167
31.42 9.53401873127
31.44 9.54115523872
31.46 9.54608803711
31.48 9.54880224211
31.5 9.54929048316
31.52 9.54755295651
31.54 9.54359740871
31.56 9.53743905153
31.58 9.52910040954
31.6 9.5186111039
31.62 9.50600757615
31.64 9.49133275757
31.66 9.47463569022
31.68 9.45597110642
31.7 9.43539897415
31.72 9.41298401608
31.74 9.38879520983
31.76 9.36290527748
31.78 9.33539017131
31.8 9.3063285631
31.82 9.27580134346
31.84 9.24389113647
31.86 9.21068183535
31.88 9.1762581628
31.9 9.14070525987
31.92 9.10410830559
31.94 9.06655216962
31.96 9.02812109862
31.98 8.98889843705
32.0 8.94896638201
32.02 8.90840577153
32.04 8.86729590506
32.06 8.82571439444
32.08 8.78373704388
32.1 8.74143775636
32.12 8.69888846474
32.14 8.65615908458
32.16 8.61331748729
32.18 8.57042948994
32.2 8.52755886091
32.22 8.48476733795
32.24 8.44211465711
32.26 8.39965859084
32.28 8.35745499269
32.3 8.31555784772
32.32 8.27401932661
32.34 8.23288984245
32.36 8.19221810867
32.38 8.1520511975
32.4 8.11243459766
32.42 8.07341227074
32.44 8.03502670557
32.46 7.99731896994
32.48 7.96032875945
32.5 7.92409444281
32.52 7.88865310369
32.54 7.85404057858
32.56 7.82029149089
32.58 7.78743928055
32.6 7.75551623024
32.62 7.72455348656
32.64 7.69458107804
32.66 7.66562792852
32.68 7.63772186664
32.7 7.61088963186
32.72 7.58515687618
32.74 7.5605481626
32.76 7.53708695997
32.78 7.51479563433
32.8 7.49369543718
32.82 7.47380649059
32.84 7.45514776925
32.86 7.43773707986
32.88 7.42159103776
32.9 7.40672504105
32.92 7.39315324248
32.94 7.3808885189
32.96 7.36994243894
32.98 7.36032522863
33.0 7.35204573548
33.02 7.3451113908
33.04 7.33952817108
33.06 7.33530055771
33.08 7.3324314963
33.1 7.33092235488
33.12 7.33077288168
33.14 7.3319811628
33.16 7.33454357961
33.18 7.33845476651
33.2 7.34370756916
33.22 7.35029300344
33.24 7.35820021548
33.26 7.3674164431
33.28 7.37792697891
33.3 7.3897151354
33.32 7.40276221245
33.34 7.41704746753
33.36 7.43254808901
33.38 7.44923917289
33.4 7.46709370332
33.42 7.48608253752
33.44 7.50617439511
33.46 7.52733585244
33.48 7.54953134248
33.5 7.57272316023
33.52 7.59687147428
33.54 7.62193434501
33.56 7.64786774928
33.58 7.67462561252
33.6 7.70215984796
33.62 7.73042040368
33.64 7.75935531742
33.66 7.78891077951
33.68 7.81903120391
33.7 7.84965930767
33.72 7.88073619857
33.74 7.91220147119
33.76 7.94399331132
33.78 7.97604860826
33.8 8.00830307552
33.82 8.04069137878
33.84 8.07314727173
33.86 8.1056037387
33.88 8.13799314413
33.9 8.17024738808
33.92 8.20229806765
33.94 8.23407664322
33.96 8.26551460927
33.98 8.29654366905
34.0 8.32709591215
34.02 8.35710399463
34.04 8.38650132045
34.06 8.41522222391
34.08 8.44320215197
34.1 8.4703778457
34.12 8.49668752026
34.14 8.52207104223
34.16 8.54647010402
34.18 8.56982839409
34.2 8.59209176263
34.22 8.61320838173
34.24 8.63312889964
34.26 8.65180658826
34.28 8.66919748328
34.3 8.68526051676
34.32 8.69995764105
34.34 8.71325394424
34.36 8.72511775617
34.38 8.7355207452
34.4 8.74443800461
34.42 8.75184812932
34.44 8.75773328192
34.46 8.76207924795
34.48 8.76487548065
34.5 8.76611513446
34.52 8.76579508762
34.54 8.76391595343
34.56 8.76048208043
34.58 8.75550154124
34.6 8.74898611017
34.62 8.74095122966
34.64 8.73141596554
34.66 8.72040295141
34.68 8.70793832193
34.7 8.69405163566
34.72 8.67877578735
34.74 8.66214691011
34.76 8.64420426764
34.78 8.62499013722
34.8 8.60454968335
34.82 8.58293082312
34.84 8.56018408329
34.86 8.53636245006
34.88 8.51152121187
34.9 8.48571779606
34.92 8.45901159995
34.94 8.43146381733
34.96 8.40313726076
34.98 8.37409618081
35.0 8.34440608292
35.02 8.31413354269
35.04 8.28334602044
35.06 8.25211167604
35.08 8.22049918457
35.1 8.18857755381
35.12 8.15641594432
35.14 8.12408349289
35.16 8.09164913992
35.18 8.05918146175
35.2 8.02674850814
35.22 7.99441764596
35.24 7.96225540921
35.26 7.930327356
35.28 7.89869793318
35.3 7.86743034827
35.32 7.83658644988
35.34 7.80622661597
35.36 7.77640965075
35.38 7.74719269012
35.4 7.71863111538
35.42 7.69077847587
35.44 7.66368641967
35.46 7.63740463302
35.48 7.6119807876
35.5 7.5874604961
35.52 7.5638872752
35.54 7.54130251636
35.56 7.51974546347
35.58 7.49925319752
35.6 7.47986062764
35.62 7.46160048836
35.64 7.44450334239
35.66 7.42859758906
35.68 7.41390947736
35.7 7.40046312373
35.72 7.38828053404
35.74 7.37738162899
35.76 7.36778427338
35.78 7.35950430785
35.8 7.35255558349
35.82 7.34694999872
35.84 7.34269753774
35.86 7.33980631091
35.88 7.338282596
35.9 7.33813088048
35.92 7.33935390432
35.94 7.34195270313
35.96 7.34592665117
35.98 7.35127350426
36.0 7.357989442
36.02 7.3660691093
36.04 7.37550565683
36.06 7.38629078035
36.08 7.39841475836
36.1 7.41186648832
36.12 7.42663352089
36.14 7.4427020919
36.16 7.46005715256
36.18 7.47868239649
36.2 7.49856028488
36.22 7.51967206821
36.24 7.54199780526
36.26 7.56551637907
36.28 7.59020550911
36.3 7.6160417605
36.32 7.64300054913
36.34 7.67105614325
36.36 7.70018166078
36.38 7.73034906306
36.4 7.76152914367
36.42 7.79369151361
36.44 7.82680458161
36.46 7.86083553026
36.48 7.89575028749
36.5 7.93151349368
36.52 7.96808846424
36.54 8.00543714807
36.56 8.0435200817
36.58 8.08229633945
36.6 8.12172348042
36.62 8.16175749161
36.64 8.2023527291
36.66 8.24346185652
36.68 8.28503578253
36.7 8.32702359794
36.72 8.36937251291
36.74 8.41202779644
36.76 8.45493271846
36.78 8.49802849676
36.8 8.54125424983
36.82 8.58454695801
36.84 8.62784143431
36.86 8.67107030757
36.88 8.71416401982
36.9 8.75705084039
36.92 8.79965689917
36.94 8.8419062414
36.96 8.88372090646
36.98 8.92502103325
37.0 8.965724994
37.02 9.00574955886
37.04 9.0450100932
37.06 9.08342078826
37.08 9.1208949274
37.1 9.15734518697
37.12 9.19268397282
37.14 9.22682379106
37.16 9.25967765141
37.18 9.2911595013
37.2 9.32118468704
37.22 9.34967043834
37.24 9.37653637124
37.26 9.40170500407
37.28 9.42510227983
37.3 9.44665808836
37.32 9.46630678079
37.34 9.48398766861
37.36 9.49964549948
37.38 9.51323090199
37.4 9.52470079167
37.42 9.53401873127
37.44 9.54115523872
37.46 9.54608803711
37.48 9.54880224211
37.5 9.54929048316
37.52 9.54755295651
37.54 9.54359740871
37.56 9.53743905153
37.58 9.52910040954
37.6 9.5186111039
37.62 9.50600757615
37.64 9.49133275757
37.66 9.47463569022
37.68 9.45597110642
37.7 9.43539897415
37.72 9.41298401607
37.74 9.38879520984
37.76 9.36290527748
37.78 9.3353901713
37.8 9.30632856311
37.82 9.27580134346
37.84 9.24389113647
37.86 9.21068183535
37.88 9.1762581628
37.9 9.14070525988
37.92 9.10410830558
37.94 9.06655216963
37.96 9.02812109862
37.98 8.98889843703
38.0 8.94896638201
38.02 8.90840577153
38.04 8.86729590506
38.06 8.82571439444
38.08 8.78373704388
38.1 8.74143775637
38.12 8.69888846473
38.14 8.6561590846
38.16 8.61331748728
38.18 8.57042948994
38.2 8.52755886092
38.22 8.48476733795
38.24 8.44211465711
38.26 8.39965859084
38.28 8.35745499269
38.3 8.31555784772
38.32 8.2740193266
38.34 8.23288984246
38.36 8.19221810866
38.38 8.15205119752
38.4 8.11243459766
38.42 8.07341227073
38.44 8.03502670558
38.46 7.99731896994
38.48 7.96032875945
38.5 7.92409444281
38.52 7.88865310369
38.54 7.85404057859
38.56 7.82029149087
38.58 7.78743928057
38.6 7.75551623022
38.62 7.72455348656
38.64 7.69458107805
38.66 7.66562792852
38.68 7.63772186664
38.7 7.61088963186
38.72 7.58515687618
38.74 7.56054816261
38.76 7.53708695995
38.78 7.51479563434
38.8 7.49369543718
38.82 7.47380649058
38.84 7.45514776926
38.86 7.43773707985
38.88 7.42159103776
38.9 7.40672504105
38.92 7.39315324248
38.94 7.38088851891
38.96 7.36994243893
38.98 7.36032522864
39.0 7.35204573547
39.02 7.34511139081
39.04 7.33952817107
39.06 7.33530055771
39.08 7.33243149631
39.1 7.33092235488
39.12 7.33077288168
39.14 7.3319811628
39.16 7.33454357961
39.18 7.33845476652
39.2 7.34370756915
39.22 7.35029300345
39.24 7.35820021548
39.26 7.36741644309
39.28 7.37792697892
39.3 7.38971513539
39.32 7.40276221245
39.34 7.41704746753
39.36 7.43254808901
39.38 7.44923917289
39.4 7.46709370331
39.42 7.48608253752
39.44 7.5061743951
39.46 7.52733585244
39.48 7.54953134249
39.5 7.57272316023
39.52 7.59687147428
39.54 7.62193434501
39.56 7.64786774928
39.58 7.67462561252
39.6 7.70215984796
39.62 7.73042040368
39.64 7.75935531741
39.66 7.78891077951
39.68 7.81903120392
39.7 7.84965930766
39.72 7.88073619858
39.74 7.91220147119
39.76 7.94399331132
39.78 7.97604860826
39.8 8.00830307552
39.82 8.04069137878
39.84 8.07314727173
39.86 8.1056037387
39.88 8.13799314412
39.9 8.17024738808
39.92 8.20229806766
39.94 8.23407664322
39.96 8.26551460928
39.98 8.29654366904
