0.0 36.4635695637
0.02 36.7562402304
0.04 37.0451274741
0.06 37.3301682102
0.08 37.6113040395
0.1 37.8884811264
0.12 38.1616500816
0.14 38.4307658455
0.16 38.6957875751
0.18 38.9566785325
0.2 39.213405976
0.22 39.4659410514
0.24 39.7142586867
0.26 39.9583374856
0.28 40.1981596234
0.3 40.4337107414
0.32 40.6649798419
0.34 40.8919591821
0.36 41.1146441663
0.38 41.3330332359
0.4 41.5471277573
0.42 41.7569319066
0.44 41.9624525498
0.46 42.1636991194
0.48 42.3606834856
0.5 42.5534198222
0.52 42.7419244664
0.54 42.9262157718
0.56 43.1063139553
0.58 43.2822409354
0.6 43.4540201642
0.62 43.6216764508
0.64 43.7852357773
0.66 43.9447251072
0.68 44.1001721857
0.7 44.2516053341
0.72 44.3990532361
0.74 44.5425447207
0.76 44.682108538
0.78 44.8177731339
0.8 44.9495664216
0.82 45.0775155539
0.84 45.2016466968
0.86 45.3219848086
0.88 45.4385534245
0.9 45.5513744517
0.92 45.6604679771
0.94 45.7658520902
0.96 45.8675427251
0.98 45.9655535247
1.0 46.0598957302
1.02 46.1505780985
1.04 46.2376068518
1.06 46.3209856606
1.08 46.4007156626
1.1 46.4767955198
1.12 46.5492215143
1.14 46.6179876837
1.16 46.6830859947
1.18 46.7445065548
1.2 46.8022378596
1.22 46.8562670716
1.24 46.9065803278
1.26 46.9531630708
1.28 46.996000396
1.3 47.0350774113
1.32 47.0703795991
1.34 47.1018931751
1.36 47.1296054347
1.38 47.1535050803
1.4 47.1735825208
1.42 47.1898301361
1.44 47.2022425014
1.46 47.2108165633
1.48 47.2155517652
1.5 47.2164501173
1.52 47.2135162097
1.54 47.2067571681
1.56 47.1961825524
1.58 47.1818042008
1.6 47.1636360233
1.62 47.1416937492
1.64 47.1159946339
1.66 47.0865571334
1.68 47.0534005518
1.7 47.0165446716
1.72 46.9760093734
1.74 46.9318142545
1.76 46.8839782516
1.78 46.8325192782
1.8 46.7774538803
1.82 46.7187969181
1.84 46.6565612778
1.86 46.5907576179
1.88 46.5213941535
1.9 46.448476479
1.92 46.372007433
1.94 46.2919870034
1.96 46.2084122738
1.98 46.1212774081
2.0 46.0305736744
2.02 45.9362895024
2.04 45.8384105744
2.06 45.7369199451
2.08 45.6317981876
2.1 45.5230235627
2.12 45.4105722066
2.14 45.2944183357
2.16 45.1745344632
2.18 45.0508916261
2.2 44.9234596193
2.22 44.7922072325
2.24 44.6571024907
2.26 44.5181128934
2.28 44.3752056513
2.3 44.2283479202
2.32 44.0775070291
2.34 43.9226507021
2.36 43.7637472733
2.38 43.6007658942
2.4 43.4336767327
2.42 43.2624511635
2.44 43.0870619506
2.46 42.9074834204
2.48 42.7236916272
2.5 42.5356645107
2.52 42.3433820448
2.54 42.146826381
2.56 41.9459819828
2.58 41.7408357559
2.6 41.5313771717
2.62 41.3175983857
2.64 41.0994943525
2.66 40.8770629359
2.68 40.6503050167
2.7 40.4192245973
2.72 40.1838289051
2.74 39.9441284942
2.76 39.700137346
2.78 39.4518729707
2.8 39.1993565077
2.82 38.9426128277
2.84 38.6816706361
2.86 38.4165625769
2.88 38.1473253402
2.9 37.8739997703
2.92 37.5966309779
2.94 37.3152684535
2.96 37.0299661851
2.98 36.7407827781
3.0 36.4477815782
3.02 36.1510307984
3.04 35.850603647
3.06 35.5465784611
3.08 35.2390388401
3.1 34.9280737833
3.12 34.6137778291
3.14 34.2962511955
3.16 33.9755999218
3.18 33.651936011
3.2 33.3253775721
3.22 32.9960489608
3.24 32.6640809198
3.26 32.3296107152
3.28 31.9927822698
3.3 31.6537462916
3.32 31.3126603966
3.34 30.9696892244
3.36 30.6250045449
3.38 30.278785356
3.4 29.931217969
3.42 29.582496082
3.44 29.2328208384
3.46 28.8824008692
3.48 28.5314523184
3.5 28.1801988477
3.52 27.828871621
3.54 27.4777092658
3.56 27.1269578099
3.58 26.776870592
3.6 26.4277081443
3.62 26.0797380459
3.64 25.7332347451
3.66 25.3884793497
3.68 25.0457593834
3.7 24.7053685079
3.72 24.3676062095
3.74 24.0327774487
3.76 23.7011922736
3.78 23.3731653959
3.8 23.0490157288
3.82 22.7290658886
3.84 22.4136416588
3.86 22.1030714179
3.88 21.7976855322
3.9 21.4978157144
3.92 21.2037943498
3.94 20.9159537915
3.96 20.634625627
3.98 20.3601399194
4.0 20.0928244239
4.02 19.8330037847
4.04 19.5809987141
4.06 19.3371251583
4.08 19.1016934525
4.1 18.8750074696
4.12 18.6573637678
4.14 18.4490507388
4.16 18.2503477631
4.18 18.0615243758
4.2 17.8828394476
4.22 17.714540385
4.24 17.5568623552
4.26 17.4100275384
4.28 17.2742444142
4.3 17.1497070827
4.32 17.0365946285
4.34 16.9350705278
4.36 16.845282104
4.38 16.7673600346
4.4 16.7014179124
4.42 16.6475518634
4.44 16.605840224
4.46 16.5763432797
4.48 16.5591030657
4.5 16.5541432318
4.52 16.5614689719
4.54 16.5810670183
4.56 16.6129057004
4.58 16.6569350684
4.6 16.7130870802
4.62 16.7812758496
4.64 16.8613979564
4.66 16.9533328138
4.68 17.0569430927
4.7 17.1720751982
4.72 17.2985597983
4.74 17.4362123977
4.76 17.5848339575
4.78 17.744211553
4.8 17.9141190684
4.82 18.0943179245
4.84 18.2845578329
4.86 18.4845775751
4.88 18.6941058009
4.9 18.9128618425
4.92 19.1405565391
4.94 19.3768930693
4.96 19.6215677857
4.98 19.8742710489
5.0 20.1346880561
5.02 20.4024996614
5.04 20.6773831838
5.06 20.9590131998
5.08 21.247062317
5.1 21.5412019265
5.12 21.8411029314
5.14 22.1464364484
5.16 22.4568744812
5.18 22.7720905629
5.2 23.0917603672
5.22 23.4155622858
5.24 23.7431779716
5.26 24.0742928467
5.28 24.4085965754
5.3 24.7457835007
5.32 25.0855530452
5.34 25.4276100769
5.36 25.7716652389
5.38 26.1174352451
5.4 26.4646431421
5.42 26.8130185379
5.44 27.1622977992
5.46 27.5122242178
5.48 27.8625481482
5.5 28.2130271171
5.52 28.5634259065
5.54 28.9135166122
5.56 29.2630786795
5.58 29.611898916
5.6 29.9597714861
5.62 30.306497886
5.64 30.6518869023
5.66 30.9957545553
5.68 31.3379240287
5.7 31.6782255873
5.72 32.0164964835
5.74 32.3525808552
5.76 32.6863296144
5.78 33.0176003307
5.8 33.3462571073
5.82 33.672170454
5.84 33.9952171559
5.86 34.3152801393
5.88 34.6322483366
5.9 34.9460165494
5.92 35.2564853118
5.94 35.5635607542
5.96 35.867154467
5.98 36.1671833668
6.0 36.4635695637
6.02 36.7562402304
6.04 37.0451274741
6.06 37.3301682102
6.08 37.6113040395
6.1 37.8884811264
6.12 38.1616500816
6.14 38.4307658455
6.16 38.6957875751
6.18 38.9566785326
6.2 39.213405976
6.22 39.4659410514
6.24 39.7142586867
6.26 39.9583374856
6.28 40.1981596234
6.3 40.4337107414
6.32 40.6649798419
6.34 40.8919591821
6.36 41.1146441663
6.38 41.3330332359
6.4 41.5471277573
6.42 41.7569319066
6.44 41.9624525498
6.46 42.1636991194
6.48 42.3606834856
6.5 42.5534198222
6.52 42.7419244664
6.54 42.9262157718
6.56 43.1063139553
6.58 43.2822409354
6.6 43.4540201642
6.62 43.6216764508
6.64 43.7852357773
6.66 43.9447251072
6.68 44.1001721857
6.7 44.2516053341
6.72 44.3990532361
6.74 44.5425447207
6.76 44.682108538
6.78 44.8177731339
6.8 44.9495664216
6.82 45.0775155539
6.84 45.2016466968
6.86 45.3219848086
6.88 45.4385534245
6.9 45.5513744517
6.92 45.6604679771
6.94 45.7658520902
6.96 45.8675427251
6.98 45.9655535247
7.0 46.0598957302
7.02 46.1505780985
7.04 46.2376068518
7.06 46.3209856606
7.08 46.4007156626
7.1 46.4767955198
7.12 46.5492215143
7.14 46.6179876837
7.16 46.6830859947
7.18 46.7445065548
7.2 46.8022378596
7.22 46.8562670716
7.24 46.9065803278
7.26 46.9531630708
7.28 46.996000396
7.3 47.0350774113
7.32 47.0703795991
7.34 47.1018931751
7.36 47.1296054347
7.38 47.1535050803
7.4 47.1735825208
7.42 47.1898301361
7.44 47.2022425014
7.46 47.2108165633
7.48 47.2155517652
7.5 47.2164501173
7.52 47.2135162097
7.54 47.2067571681
7.56 47.1961825524
7.58 47.1818042008
7.6 47.1636360233
7.62 47.1416937492
7.64 47.1159946339
7.66 47.0865571334
7.68 47.0534005518
7.7 47.0165446716
7.72 46.9760093734
7.74 46.9318142545
7.76 46.8839782516
7.78 46.8325192782
7.8 46.7774538803
7.82 46.7187969181
7.84 46.6565612777
7.86 46.5907576179
7.88 46.5213941535
7.9 46.4484764789
7.92 46.372007433
7.94 46.2919870034
7.96 46.2084122738
7.98 46.1212774081
8.0 46.0305736744
8.02 45.9362895024
8.04 45.8384105744
8.06 45.7369199451
8.08 45.6317981876
8.1 45.5230235627
8.12 45.4105722066
8.14 45.2944183357
8.16 45.1745344632
8.18 45.0508916261
8.2 44.9234596193
8.22 44.7922072325
8.24 44.6571024907
8.26 44.5181128934
8.28 44.3752056513
8.3 44.2283479202
8.32 44.0775070291
8.34 43.9226507021
8.36 43.7637472733
8.38 43.6007658942
8.4 43.4336767327
8.42 43.2624511636
8.44 43.0870619506
8.46 42.9074834204
8.48 42.7236916272
8.5 42.5356645106
8.52 42.3433820449
8.54 42.146826381
8.56 41.9459819828
8.58 41.7408357559
8.6 41.5313771717
8.62 41.3175983857
8.64 41.0994943525
8.66 40.8770629359
8.68 40.6503050167
8.7 40.4192245973
8.72 40.1838289051
8.74 39.9441284942
8.76 39.700137346
8.78 39.4518729707
8.8 39.1993565077
8.82 38.9426128277
8.84 38.6816706361
8.86 38.4165625769
8.88 38.1473253402
8.9 37.8739997703
8.92 37.5966309779
8.94 37.3152684535
8.96 37.0299661851
8.98 36.7407827781
9.0 36.4477815782
9.02 36.1510307984
9.04 35.850603647
9.06 35.5465784611
9.08 35.23903884
9.1 34.9280737833
9.12 34.6137778291
9.14 34.2962511955
9.16 33.9755999218
9.18 33.651936011
9.2 33.3253775721
9.22 32.9960489608
9.24 32.6640809198
9.26 32.3296107152
9.28 31.9927822698
9.3 31.6537462916
9.32 31.3126603966
9.34 30.9696892244
9.36 30.625004545
9.38 30.278785356
9.4 29.931217969
9.42 29.582496082
9.44 29.2328208384
9.46 28.8824008692
9.48 28.5314523184
9.5 28.1801988477
9.52 27.828871621
9.54 27.4777092658
9.56 27.1269578099
9.58 26.776870592
9.6 26.4277081443
9.62 26.0797380459
9.64 25.7332347451
9.66 25.3884793497
9.68 25.0457593834
9.7 24.7053685079
9.72 24.3676062095
9.74 24.0327774487
9.76 23.7011922736
9.78 23.3731653959
9.8 23.0490157288
9.82 22.7290658886
9.84 22.4136416588
9.86 22.1030714179
9.88 21.7976855322
9.9 21.4978157144
9.92 21.2037943498
9.94 20.9159537915
9.96 20.634625627
9.98 20.3601399194
10.0 20.0928244239
10.02 19.8330037847
10.04 19.5809987141
10.06 19.3371251583
10.08 19.1016934525
10.1 18.8750074696
10.12 18.6573637678
10.14 18.4490507388
10.16 18.2503477631
10.18 18.0615243758
10.2 17.8828394476
10.22 17.714540385
10.24 17.5568623552
10.26 17.4100275384
10.28 17.2742444142
10.3 17.1497070827
10.32 17.0365946285
10.34 16.9350705278
10.36 16.845282104
10.38 16.7673600346
10.4 16.7014179124
10.42 16.6475518634
10.44 16.605840224
10.46 16.5763432797
10.48 16.5591030657
10.5 16.5541432318
10.52 16.5614689719
10.54 16.5810670183
10.56 16.6129057004
10.58 16.6569350684
10.6 16.7130870802
10.62 16.7812758496
10.64 16.8613979564
10.66 16.9533328139
10.68 17.0569430927
10.7 17.1720751982
10.72 17.2985597982
10.74 17.4362123977
10.76 17.5848339576
10.78 17.744211553
10.8 17.9141190685
10.82 18.0943179245
10.84 18.2845578329
10.86 18.4845775751
10.88 18.6941058009
10.9 18.9128618424
10.92 19.1405565391
10.94 19.3768930693
10.96 19.6215677857
10.98 19.8742710489
11.0 20.134688056
11.02 20.4024996614
11.04 20.6773831838
11.06 20.9590131998
11.08 21.247062317
11.1 21.5412019265
11.12 21.8411029314
11.14 22.1464364484
11.16 22.4568744812
11.18 22.7720905629
11.2 23.0917603672
11.22 23.4155622858
11.24 23.7431779716
11.26 24.0742928467
11.28 24.4085965754
11.3 24.7457835007
11.32 25.0855530452
11.34 25.4276100769
11.36 25.7716652389
11.38 26.1174352451
11.4 26.4646431421
11.42 26.8130185379
11.44 27.1622977992
11.46 27.5122242178
11.48 27.8625481482
11.5 28.2130271171
11.52 28.5634259065
11.54 28.9135166122
11.56 29.2630786795
11.58 29.611898916
11.6 29.9597714861
11.62 30.306497886
11.64 30.6518869023
11.66 30.9957545553
11.68 31.3379240287
11.7 31.6782255873
11.72 32.0164964836
11.74 32.3525808552
11.76 32.6863296144
11.78 33.0176003307
11.8 33.3462571072
11.82 33.672170454
11.84 33.9952171559
11.86 34.3152801393
11.88 34.6322483366
11.9 34.9460165494
11.92 35.2564853118
11.94 35.5635607542
11.96 35.867154467
11.98 36.1671833668
12.0 36.4635695637
12.02 36.7562402304
12.04 37.0451274741
12.06 37.3301682102
12.08 37.6113040395
12.1 37.8884811264
12.12 38.1616500816
12.14 38.4307658455
12.16 38.6957875751
12.18 38.9566785326
12.2 39.213405976
12.22 39.4659410514
12.24 39.7142586867
12.26 39.9583374856
12.28 40.1981596234
12.3 40.4337107414
12.32 40.6649798419
12.34 40.8919591821
12.36 41.1146441663
12.38 41.3330332359
12.4 41.5471277573
12.42 41.7569319066
12.44 41.9624525498
12.46 42.1636991194
12.48 42.3606834856
12.5 42.5534198222
12.52 42.7419244664
12.54 42.9262157718
12.56 43.1063139553
12.58 43.2822409354
12.6 43.4540201642
12.62 43.6216764508
12.64 43.7852357773
12.66 43.9447251072
12.68 44.1001721857
12.7 44.2516053341
12.72 44.3990532361
12.74 44.5425447207
12.76 44.682108538
12.78 44.8177731339
12.8 44.9495664216
12.82 45.0775155538
12.84 45.2016466968
12.86 45.3219848086
12.88 45.4385534245
12.9 45.5513744517
12.92 45.6604679771
12.94 45.7658520902
12.96 45.8675427251
12.98 45.9655535247
13.0 46.0598957302
13.02 46.1505780985
13.04 46.2376068518
13.06 46.3209856606
13.08 46.4007156626
13.1 46.4767955198
13.12 46.5492215143
13.14 46.6179876837
13.16 46.6830859947
13.18 46.7445065548
13.2 46.8022378596
13.22 46.8562670716
13.24 46.9065803278
13.26 46.9531630708
13.28 46.996000396
13.3 47.0350774113
13.32 47.0703795991
13.34 47.1018931751
13.36 47.1296054347
13.38 47.1535050803
13.4 47.1735825208
13.42 47.1898301361
13.44 47.2022425014
13.46 47.2108165633
13.48 47.2155517652
13.5 47.2164501173
13.52 47.2135162097
13.54 47.2067571681
13.56 47.1961825524
13.58 47.1818042008
13.6 47.1636360233
13.62 47.1416937492
13.64 47.1159946339
13.66 47.0865571334
13.68 47.0534005518
13.7 47.0165446716
13.72 46.9760093734
13.74 46.9318142545
13.76 46.8839782516
13.78 46.8325192782
13.8 46.7774538803
13.82 46.7187969181
13.84 46.6565612777
13.86 46.5907576179
13.88 46.5213941535
13.9 46.448476479
13.92 46.372007433
13.94 46.2919870034
13.96 46.2084122738
13.98 46.1212774081
14.0 46.0305736744
14.02 45.9362895024
14.04 45.8384105744
14.06 45.7369199451
14.08 45.6317981876
14.1 45.5230235627
14.12 45.4105722066
14.14 45.2944183357
14.16 45.1745344632
14.18 45.0508916262
14.2 44.9234596193
14.22 44.7922072325
14.24 44.6571024907
14.26 44.5181128934
14.28 44.3752056513
14.3 44.2283479202
14.32 44.0775070291
14.34 43.9226507021
14.36 43.7637472733
14.38 43.6007658942
14.4 43.4336767327
14.42 43.2624511636
14.44 43.0870619506
14.46 42.9074834204
14.48 42.7236916272
14.5 42.5356645106
14.52 42.3433820448
14.54 42.146826381
14.56 41.9459819828
14.58 41.7408357559
14.6 41.5313771717
14.62 41.3175983857
14.64 41.0994943525
14.66 40.8770629359
14.68 40.6503050167
14.7 40.4192245973
14.72 40.1838289051
14.74 39.9441284942
14.76 39.700137346
14.78 39.4518729707
14.8 39.1993565077
14.82 38.9426128277
14.84 38.6816706361
14.86 38.4165625769
14.88 38.1473253402
14.9 37.8739997703
14.92 37.5966309779
14.94 37.3152684535
14.96 37.0299661851
14.98 36.7407827781
15.0 36.4477815782
15.02 36.1510307983
15.04 35.850603647
15.06 35.5465784611
15.08 35.2390388401
15.1 34.9280737833
15.12 34.6137778291
15.14 34.2962511955
15.16 33.9755999218
15.18 33.651936011
15.2 33.3253775721
15.22 32.9960489608
15.24 32.6640809198
15.26 32.3296107152
15.28 31.9927822698
15.3 31.6537462916
15.32 31.3126603966
15.34 30.9696892244
15.36 30.625004545
15.38 30.278785356
15.4 29.931217969
15.42 29.582496082
15.44 29.2328208384
15.46 28.8824008692
15.48 28.5314523184
15.5 28.1801988477
15.52 27.828871621
15.54 27.4777092658
15.56 27.1269578099
15.58 26.776870592
15.6 26.4277081443
15.62 26.0797380459
15.64 25.7332347451
15.66 25.3884793497
15.68 25.0457593834
15.7 24.7053685079
15.72 24.3676062095
15.74 24.0327774487
15.76 23.7011922736
15.78 23.3731653959
15.8 23.0490157288
15.82 22.7290658886
15.84 22.4136416588
15.86 22.1030714179
15.88 21.7976855322
15.9 21.4978157144
15.92 21.2037943498
15.94 20.9159537915
15.96 20.634625627
15.98 20.3601399194
16.0 20.0928244239
16.02 19.8330037847
16.04 19.5809987141
16.06 19.3371251583
16.08 19.1016934525
16.1 18.8750074696
16.12 18.6573637678
16.14 18.4490507388
16.16 18.2503477631
16.18 18.0615243758
16.2 17.8828394476
16.22 17.714540385
16.24 17.5568623552
16.26 17.4100275385
16.28 17.2742444142
16.3 17.1497070827
16.32 17.0365946285
16.34 16.9350705278
16.36 16.845282104
16.38 16.7673600346
16.4 16.7014179124
16.42 16.6475518634
16.44 16.605840224
16.46 16.5763432797
16.48 16.5591030657
16.5 16.5541432318
16.52 16.5614689719
16.54 16.5810670183
16.56 16.6129057004
16.58 16.6569350685
16.6 16.7130870802
16.62 16.7812758496
16.64 16.8613979564
16.66 16.9533328138
16.68 17.0569430927
16.7 17.1720751982
16.72 17.2985597983
16.74 17.4362123977
16.76 17.5848339575
16.78 17.744211553
16.8 17.9141190684
16.82 18.0943179245
16.84 18.2845578329
16.86 18.4845775751
16.88 18.6941058009
16.9 18.9128618424
16.92 19.1405565391
16.94 19.3768930693
16.96 19.6215677857
16.98 19.8742710489
17.0 20.134688056
17.02 20.4024996614
17.04 20.6773831838
17.06 20.9590131998
17.08 21.247062317
17.1 21.5412019265
17.12 21.8411029314
17.14 22.1464364484
17.16 22.4568744812
17.18 22.7720905629
17.2 23.0917603672
17.22 23.4155622858
17.24 23.7431779716
17.26 24.0742928467
17.28 24.4085965754
17.3 24.7457835007
17.32 25.0855530452
17.34 25.4276100769
17.36 25.7716652389
17.38 26.1174352451
17.4 26.4646431421
17.42 26.8130185379
17.44 27.1622977992
17.46 27.5122242178
17.48 27.8625481482
17.5 28.2130271171
17.52 28.5634259065
17.54 28.9135166122
17.56 29.2630786795
17.58 29.611898916
17.6 29.9597714861
17.62 30.306497886
17.64 30.6518869023
17.66 30.9957545553
17.68 31.3379240287
17.7 31.6782255873
17.72 32.0164964835
17.74 32.3525808552
17.76 32.6863296144
17.78 33.0176003307
17.8 33.3462571073
17.82 33.672170454
17.84 33.9952171559
17.86 34.3152801393
17.88 34.6322483366
17.9 34.9460165494
17.92 35.2564853118
17.94 35.5635607542
17.96 35.867154467
17.98 36.1671833668
18.0 36.4635695637
18.02 36.7562402304
18.04 37.0451274741
18.06 37.3301682102
18.08 37.6113040395
18.1 37.8884811265
18.12 38.1616500816
18.14 38.4307658455
18.16 38.6957875751
18.18 38.9566785326
18.2 39.213405976
18.22 39.4659410514
18.24 39.7142586867
18.26 39.9583374856
18.28 40.1981596234
18.3 40.4337107413
18.32 40.6649798419
18.34 40.8919591822
18.36 41.1146441663
18.38 41.3330332359
18.4 41.5471277573
18.42 41.7569319066
18.44 41.9624525498
18.46 42.1636991194
18.48 42.3606834856
18.5 42.5534198222
18.52 42.7419244663
18.54 42.9262157718
18.56 43.1063139553
18.58 43.2822409354
18.6 43.4540201642
18.62 43.6216764508
18.64 43.7852357773
18.66 43.9447251072
18.68 44.1001721858
18.7 44.2516053341
18.72 44.3990532361
18.74 44.5425447207
18.76 44.682108538
18.78 44.8177731339
18.8 44.9495664216
18.82 45.0775155539
18.84 45.2016466968
18.86 45.3219848086
18.88 45.4385534244
18.9 45.5513744517
18.92 45.6604679771
18.94 45.7658520902
18.96 45.8675427251
18.98 45.9655535247
19.0 46.0598957302
19.02 46.1505780985
19.04 46.2376068518
19.06 46.3209856606
19.08 46.4007156626
19.1 46.4767955198
19.12 46.5492215143
19.14 46.6179876837
19.16 46.6830859947
19.18 46.7445065548
19.2 46.8022378596
19.22 46.8562670716
19.24 46.9065803278
19.26 46.9531630708
19.28 46.996000396
19.3 47.0350774113
19.32 47.0703795991
19.34 47.1018931751
19.36 47.1296054347
19.38 47.1535050803
19.4 47.1735825208
19.42 47.1898301361
19.44 47.2022425014
19.46 47.2108165633
19.48 47.2155517652
19.5 47.2164501173
19.52 47.2135162097
19.54 47.2067571681
19.56 47.1961825524
19.58 47.1818042008
19.6 47.1636360233
19.62 47.1416937492
19.64 47.1159946339
19.66 47.0865571334
19.68 47.0534005518
19.7 47.0165446716
19.72 46.9760093734
19.74 46.9318142545
19.76 46.8839782516
19.78 46.8325192782
19.8 46.7774538803
19.82 46.7187969181
19.84 46.6565612777
19.86 46.5907576179
19.88 46.5213941535
19.9 46.448476479
19.92 46.372007433
19.94 46.2919870034
19.96 46.2084122738
19.98 46.1212774081
20.0 46.0305736744
20.02 45.9362895024
20.04 45.8384105744
20.06 45.7369199451
20.08 45.6317981876
20.1 45.5230235627
20.12 45.4105722066
20.14 45.2944183357
20.16 45.1745344632
20.18 45.0508916261
20.2 44.9234596193
20.22 44.7922072325
20.24 44.6571024907
20.26 44.5181128934
20.28 44.3752056513
20.3 44.2283479202
20.32 44.0775070291
20.34 43.9226507021
20.36 43.7637472733
20.38 43.6007658942
20.4 43.4336767327
20.42 43.2624511635
20.44 43.0870619506
20.46 42.9074834204
20.48 42.7236916272
20.5 42.5356645107
20.52 42.3433820448
20.54 42.146826381
20.56 41.9459819828
20.58 41.7408357559
20.6 41.5313771716
20.62 41.3175983857
20.64 41.0994943525
20.66 40.8770629359
20.68 40.6503050167
20.7 40.4192245973
20.72 40.1838289051
20.74 39.9441284942
20.76 39.700137346
20.78 39.4518729707
20.8 39.1993565077
20.82 38.9426128277
20.84 38.6816706361
20.86 38.4165625769
20.88 38.1473253402
20.9 37.8739997703
20.92 37.5966309779
20.94 37.3152684535
20.96 37.0299661851
20.98 36.7407827781
21.0 36.4477815783
21.02 36.1510307983
21.04 35.8506036471
21.06 35.5465784611
21.08 35.2390388401
21.1 34.9280737833
21.12 34.6137778292
21.14 34.2962511955
21.16 33.9755999218
21.18 33.651936011
21.2 33.3253775721
21.22 32.9960489608
21.24 32.6640809198
21.26 32.3296107152
21.28 31.9927822698
21.3 31.6537462915
21.32 31.3126603966
21.34 30.9696892244
21.36 30.625004545
21.38 30.278785356
21.4 29.931217969
21.42 29.582496082
21.44 29.2328208384
21.46 28.8824008692
21.48 28.5314523184
21.5 28.1801988476
21.52 27.828871621
21.54 27.4777092658
21.56 27.1269578099
21.58 26.776870592
21.6 26.4277081443
21.62 26.0797380459
21.64 25.7332347451
21.66 25.3884793497
21.68 25.0457593834
21.7 24.7053685079
21.72 24.3676062095
21.74 24.0327774486
21.76 23.7011922736
21.78 23.3731653958
21.8 23.0490157288
21.82 22.7290658886
21.84 22.4136416588
21.86 22.1030714179
21.88 21.7976855322
21.9 21.4978157144
21.92 21.2037943498
21.94 20.9159537915
21.96 20.634625627
21.98 20.3601399194
22.0 20.0928244239
22.02 19.8330037847
22.04 19.5809987141
22.06 19.3371251583
22.08 19.1016934525
22.1 18.8750074696
22.12 18.6573637678
22.14 18.4490507388
22.16 18.2503477631
22.18 18.0615243758
22.2 17.8828394476
22.22 17.714540385
22.24 17.5568623552
22.26 17.4100275385
22.28 17.2742444142
22.3 17.1497070827
22.32 17.0365946285
22.34 16.9350705278
22.36 16.845282104
22.38 16.7673600346
22.4 16.7014179124
22.42 16.6475518634
22.44 16.605840224
22.46 16.5763432797
22.48 16.5591030657
22.5 16.5541432318
22.52 16.5614689719
22.54 16.5810670183
22.56 16.6129057004
22.58 16.6569350685
22.6 16.7130870802
22.62 16.7812758496
22.64 16.8613979564
22.66 16.9533328138
22.68 17.0569430927
22.7 17.1720751982
22.72 17.2985597983
22.74 17.4362123977
22.76 17.5848339575
22.78 17.744211553
22.8 17.9141190684
22.82 18.0943179245
22.84 18.2845578329
22.86 18.4845775751
22.88 18.6941058009
22.9 18.9128618424
22.92 19.1405565391
22.94 19.3768930693
22.96 19.6215677857
22.98 19.8742710489
23.0 20.134688056
23.02 20.4024996614
23.04 20.6773831838
23.06 20.9590131998
23.08 21.247062317
23.1 21.5412019265
23.12 21.8411029314
23.14 22.1464364484
23.16 22.4568744812
23.18 22.7720905629
23.2 23.0917603672
23.22 23.4155622859
23.24 23.7431779716
23.26 24.0742928467
23.28 24.4085965754
23.3 24.7457835007
23.32 25.0855530452
23.34 25.4276100769
23.36 25.7716652389
23.38 26.1174352451
23.4 26.4646431421
23.42 26.8130185379
23.44 27.1622977992
23.46 27.5122242178
23.48 27.8625481482
23.5 28.2130271171
23.52 28.5634259065
23.54 28.9135166123
23.56 29.2630786794
23.58 29.611898916
23.6 29.9597714861
23.62 30.306497886
23.64 30.6518869023
23.66 30.9957545553
23.68 31.3379240287
23.7 31.6782255873
23.72 32.0164964835
23.74 32.3525808552
23.76 32.6863296144
23.78 33.0176003307
23.8 33.3462571073
23.82 33.672170454
23.84 33.9952171559
23.86 34.3152801393
23.88 34.6322483366
23.9 34.9460165494
23.92 35.2564853118
23.94 35.5635607542
23.96 35.867154467
23.98 36.1671833668
24.0 36.4635695637
24.02 36.7562402304
24.04 37.0451274741
24.06 37.3301682102
24.08 37.6113040395
24.1 37.8884811265
24.12 38.1616500816
24.14 38.4307658455
24.16 38.6957875751
24.18 38.9566785326
24.2 39.2134059759
24.22 39.4659410514
24.24 39.7142586867
24.26 39.9583374856
24.28 40.1981596234
24.3 40.4337107413
24.32 40.6649798419
24.34 40.8919591821
24.36 41.1146441663
24.38 41.3330332359
24.4 41.5471277573
24.42 41.7569319066
24.44 41.9624525498
24.46 42.1636991194
24.48 42.3606834856
24.5 42.5534198222
24.52 42.7419244664
24.54 42.9262157718
24.56 43.1063139553
24.58 43.2822409354
24.6 43.4540201642
24.62 43.6216764508
24.64 43.7852357773
24.66 43.9447251072
24.68 44.1001721858
24.7 44.251605334
24.72 44.3990532361
24.74 44.5425447207
24.76 44.682108538
24.78 44.8177731339
24.8 44.9495664216
24.82 45.0775155539
24.84 45.2016466968
24.86 45.3219848086
24.88 45.4385534245
24.9 45.5513744517
24.92 45.6604679771
24.94 45.7658520902
24.96 45.8675427251
24.98 45.9655535247
25.0 46.0598957302
25.02 46.1505780985
25.04 46.2376068518
25.06 46.3209856606
25.08 46.4007156626
25.1 46.4767955198
25.12 46.5492215143
25.14 46.6179876837
25.16 46.6830859947
25.18 46.7445065548
25.2 46.8022378596
25.22 46.8562670716
25.24 46.9065803278
25.26 46.9531630708
25.28 46.996000396
25.3 47.0350774113
25.32 47.0703795991
25.34 47.1018931751
25.36 47.1296054347
25.38 47.1535050803
25.4 47.1735825208
25.42 47.1898301361
25.44 47.2022425014
25.46 47.2108165633
25.48 47.2155517652
25.5 47.2164501173
25.52 47.2135162097
25.54 47.2067571681
25.56 47.1961825524
25.58 47.1818042008
25.6 47.1636360233
25.62 47.1416937492
25.64 47.1159946339
25.66 47.0865571334
25.68 47.0534005518
25.7 47.0165446715
25.72 46.9760093734
25.74 46.9318142545
25.76 46.8839782516
25.78 46.8325192782
25.8 46.7774538803
25.82 46.7187969181
25.84 46.6565612777
25.86 46.5907576179
25.88 46.5213941535
25.9 46.448476479
25.92 46.372007433
25.94 46.2919870034
25.96 46.2084122738
25.98 46.1212774082
26.0 46.0305736744
26.02 45.9362895025
26.04 45.8384105744
26.06 45.7369199451
26.08 45.6317981876
26.1 45.5230235627
26.12 45.4105722066
26.14 45.2944183357
26.16 45.1745344632
26.18 45.0508916261
26.2 44.9234596193
26.22 44.7922072325
26.24 44.6571024907
26.26 44.5181128933
26.28 44.3752056513
26.3 44.2283479202
26.32 44.0775070291
26.34 43.9226507021
26.36 43.7637472733
26.38 43.6007658942
26.4 43.4336767327
26.42 43.2624511635
26.44 43.0870619506
26.46 42.9074834204
26.48 42.7236916272
26.5 42.5356645107
26.52 42.3433820448
26.54 42.146826381
26.56 41.9459819828
26.58 41.7408357559
26.6 41.5313771717
26.62 41.3175983857
26.64 41.0994943525
26.66 40.8770629359
26.68 40.6503050167
26.7 40.4192245973
26.72 40.1838289051
26.74 39.9441284942
26.76 39.700137346
26.78 39.4518729707
26.8 39.1993565077
26.82 38.9426128277
26.84 38.681670636
26.86 38.4165625769
26.88 38.1473253402
26.9 37.8739997703
26.92 37.5966309779
26.94 37.3152684535
26.96 37.0299661851
26.98 36.7407827781
27.0 36.4477815783
27.02 36.1510307983
27.04 35.8506036471
27.06 35.5465784611
27.08 35.23903884
27.1 34.9280737833
27.12 34.6137778291
27.14 34.2962511955
27.16 33.9755999218
27.18 33.651936011
27.2 33.3253775721
27.22 32.9960489608
27.24 32.6640809198
27.26 32.3296107153
27.28 31.9927822698
27.3 31.6537462916
27.32 31.3126603966
27.34 30.9696892244
27.36 30.6250045449
27.38 30.278785356
27.4 29.931217969
27.42 29.582496082
27.44 29.2328208384
27.46 28.8824008692
27.48 28.5314523184
27.5 28.1801988477
27.52 27.828871621
27.54 27.4777092658
27.56 27.1269578099
27.58 26.776870592
27.6 26.4277081443
27.62 26.0797380459
27.64 25.7332347451
27.66 25.3884793497
27.68 25.0457593833
27.7 24.7053685079
27.72 24.3676062095
27.74 24.0327774487
27.76 23.7011922736
27.78 23.3731653959
27.8 23.0490157288
27.82 22.7290658886
27.84 22.4136416588
27.86 22.1030714179
27.88 21.7976855322
27.9 21.4978157144
27.92 21.2037943498
27.94 20.9159537915
27.96 20.634625627
27.98 20.3601399194
28.0 20.0928244239
28.02 19.8330037847
28.04 19.5809987141
28.06 19.3371251583
28.08 19.1016934525
28.1 18.8750074696
28.12 18.6573637678
28.14 18.4490507388
28.16 18.2503477631
28.18 18.0615243758
28.2 17.8828394476
28.22 17.714540385
28.24 17.5568623552
28.26 17.4100275385
28.28 17.2742444142
28.3 17.1497070827
28.32 17.0365946285
28.34 16.9350705278
28.36 16.845282104
28.38 16.7673600346
28.4 16.7014179124
28.42 16.6475518634
28.44 16.605840224
28.46 16.5763432797
28.48 16.5591030657
28.5 16.5541432318
28.52 16.5614689719
28.54 16.5810670183
28.56 16.6129057004
28.58 16.6569350685
28.6 16.7130870802
28.62 16.7812758496
28.64 16.8613979564
28.66 16.9533328138
28.68 17.0569430927
28.7 17.1720751982
28.72 17.2985597983
28.74 17.4362123977
28.76 17.5848339575
28.78 17.744211553
28.8 17.9141190684
28.82 18.0943179245
28.84 18.2845578329
28.86 18.4845775751
28.88 18.6941058009
28.9 18.9128618425
28.92 19.1405565391
28.94 19.3768930693
28.96 19.6215677857
28.98 19.8742710489
29.0 20.1346880561
29.02 20.4024996614
29.04 20.6773831838
29.06 20.9590131998
29.08 21.247062317
29.1 21.5412019265
29.12 21.8411029314
29.14 22.1464364484
29.16 22.4568744812
29.18 22.7720905629
29.2 23.0917603672
29.22 23.4155622858
29.24 23.7431779716
29.26 24.0742928467
29.28 24.4085965754
29.3 24.7457835006
29.32 25.0855530452
29.34 25.4276100769
29.36 25.7716652389
29.38 26.1174352451
29.4 26.4646431421
29.42 26.8130185379
29.44 27.1622977992
29.46 27.5122242178
29.48 27.8625481482
29.5 28.2130271171
29.52 28.5634259065
29.54 28.9135166122
29.56 29.2630786795
29.58 29.611898916
29.6 29.9597714861
29.62 30.306497886
29.64 30.6518869023
29.66 30.9957545553
29.68 31.3379240287
29.7 31.6782255873
29.72 32.0164964836
29.74 32.3525808552
29.76 32.6863296144
29.78 33.0176003307
29.8 33.3462571072
29.82 33.672170454
29.84 33.9952171559
29.86 34.3152801393
29.88 34.6322483366
29.9 34.9460165494
29.92 35.2564853118
29.94 35.5635607542
29.96 35.867154467
29.98 36.1671833668
30.0 36.4635695637
30.02 36.7562402304
30.04 37.0451274741
30.06 37.3301682103
30.08 37.6113040395
30.1 37.8884811264
30.12 38.1616500816
30.14 38.4307658455
30.16 38.6957875751
30.18 38.9566785325
30.2 39.213405976
30.22 39.4659410514
30.24 39.7142586866
30.26 39.9583374856
30.28 40.1981596234
30.3 40.4337107413
30.32 40.6649798419
30.34 40.8919591821
30.36 41.1146441663
30.38 41.3330332359
30.4 41.5471277573
30.42 41.7569319066
30.44 41.9624525498
30.46 42.1636991194
30.48 42.3606834856
30.5 42.5534198222
30.52 42.7419244663
30.54 42.9262157718
30.56 43.1063139553
30.58 43.2822409354
30.6 43.4540201642
30.62 43.6216764508
30.64 43.7852357773
30.66 43.9447251072
30.68 44.1001721857
30.7 44.251605334
30.72 44.3990532361
30.74 44.5425447207
30.76 44.682108538
30.78 44.8177731339
30.8 44.9495664216
30.82 45.0775155539
30.84 45.2016466968
30.86 45.3219848086
30.88 45.4385534245
30.9 45.5513744516
30.92 45.6604679771
30.94 45.7658520902
30.96 45.8675427251
30.98 45.9655535247
31.0 46.0598957302
31.02 46.1505780985
31.04 46.2376068518
31.06 46.3209856606
31.08 46.4007156626
31.1 46.4767955198
31.12 46.5492215143
31.14 46.6179876837
31.16 46.6830859947
31.18 46.7445065548
31.2 46.8022378596
31.22 46.8562670716
31.24 46.9065803278
31.26 46.9531630708
31.28 46.996000396
31.3 47.0350774113
31.32 47.0703795991
31.34 47.1018931751
31.36 47.1296054347
31.38 47.1535050803
31.4 47.1735825208
31.42 47.1898301361
31.44 47.2022425014
31.46 47.2108165633
31.48 47.2155517652
31.5 47.2164501173
31.52 47.2135162097
31.54 47.2067571681
31.56 47.1961825524
31.58 47.1818042008
31.6 47.1636360233
31.62 47.1416937492
31.64 47.1159946339
31.66 47.0865571334
31.68 47.0534005518
31.7 47.0165446715
31.72 46.9760093735
31.74 46.9318142545
31.76 46.8839782516
31.78 46.8325192782
31.8 46.7774538803
31.82 46.7187969181
31.84 46.6565612777
31.86 46.5907576179
31.88 46.5213941535
31.9 46.448476479
31.92 46.372007433
31.94 46.2919870034
31.96 46.2084122738
31.98 46.1212774081
32.0 46.0305736744
32.02 45.9362895024
32.04 45.8384105744
32.06 45.7369199451
32.08 45.6317981876
32.1 45.5230235627
32.12 45.4105722067
32.14 45.2944183357
32.16 45.1745344632
32.18 45.0508916261
32.2 44.9234596192
32.22 44.7922072325
32.24 44.6571024907
32.26 44.5181128934
32.28 44.3752056513
32.3 44.2283479202
32.32 44.0775070291
32.34 43.9226507021
32.36 43.7637472733
32.38 43.6007658942
32.4 43.4336767327
32.42 43.2624511635
32.44 43.0870619506
32.46 42.9074834204
32.48 42.7236916272
32.5 42.5356645107
32.52 42.3433820449
32.54 42.146826381
32.56 41.9459819828
32.58 41.7408357559
32.6 41.5313771717
32.62 41.3175983857
32.64 41.0994943525
32.66 40.8770629359
32.68 40.6503050167
32.7 40.4192245973
32.72 40.1838289051
32.74 39.9441284942
32.76 39.700137346
32.78 39.4518729707
32.8 39.1993565077
32.82 38.9426128277
32.84 38.6816706361
32.86 38.4165625769
32.88 38.1473253402
32.9 37.8739997703
32.92 37.5966309779
32.94 37.3152684535
32.96 37.0299661851
32.98 36.740782778
33.0 36.4477815783
33.02 36.1510307983
33.04 35.8506036471
33.06 35.5465784611
33.08 35.23903884
33.1 34.9280737833
33.12 34.6137778291
33.14 34.2962511955
33.16 33.9755999218
33.18 33.651936011
33.2 33.3253775721
33.22 32.9960489608
33.24 32.6640809198
33.26 32.3296107152
33.28 31.9927822698
33.3 31.6537462916
33.32 31.3126603966
33.34 30.9696892244
33.36 30.6250045449
33.38 30.278785356
33.4 29.931217969
33.42 29.582496082
33.44 29.2328208384
33.46 28.8824008692
33.48 28.5314523184
33.5 28.1801988477
33.52 27.8288716209
33.54 27.4777092658
33.56 27.1269578099
33.58 26.776870592
33.6 26.4277081443
33.62 26.0797380459
33.64 25.7332347451
33.66 25.3884793497
33.68 25.0457593834
33.7 24.7053685079
33.72 24.3676062095
33.74 24.0327774487
33.76 23.7011922736
33.78 23.3731653958
33.8 23.0490157288
33.82 22.7290658886
33.84 22.4136416588
33.86 22.1030714179
33.88 21.7976855322
33.9 21.4978157144
33.92 21.2037943498
33.94 20.9159537915
33.96 20.634625627
33.98 20.3601399194
34.0 20.0928244239
34.02 19.8330037847
34.04 19.5809987141
34.06 19.3371251583
34.08 19.1016934525
34.1 18.8750074696
34.12 18.6573637678
34.14 18.4490507388
34.16 18.2503477631
34.18 18.0615243758
34.2 17.8828394476
34.22 17.714540385
34.24 17.5568623552
34.26 17.4100275385
34.28 17.2742444142
34.3 17.1497070827
34.32 17.0365946285
34.34 16.9350705278
34.36 16.845282104
34.38 16.7673600346
34.4 16.7014179124
34.42 16.6475518634
34.44 16.605840224
34.46 16.5763432797
34.48 16.5591030657
34.5 16.5541432318
34.52 16.5614689719
34.54 16.5810670183
34.56 16.6129057004
34.58 16.6569350684
34.6 16.7130870802
34.62 16.7812758496
34.64 16.8613979564
34.66 16.9533328138
34.68 17.0569430927
34.7 17.1720751982
34.72 17.2985597982
34.74 17.4362123977
34.76 17.5848339575
34.78 17.744211553
34.8 17.9141190684
34.82 18.0943179245
34.84 18.2845578329
34.86 18.484577575
34.88 18.6941058009
34.9 18.9128618425
34.92 19.1405565391
34.94 19.3768930693
34.96 19.6215677857
34.98 19.8742710489
35.0 20.134688056
35.02 20.4024996614
35.04 20.6773831838
35.06 20.9590131998
35.08 21.247062317
35.1 21.5412019265
35.12 21.8411029314
35.14 22.1464364485
35.16 22.4568744812
35.18 22.7720905629
35.2 23.0917603672
35.22 23.4155622858
35.24 23.7431779716
35.26 24.0742928467
35.28 24.4085965754
35.3 24.7457835006
35.32 25.0855530452
35.34 25.4276100769
35.36 25.7716652389
35.38 26.1174352451
35.4 26.4646431421
35.42 26.8130185379
35.44 27.1622977992
35.46 27.5122242178
35.48 27.8625481482
35.5 28.2130271171
35.52 28.5634259065
35.54 28.9135166122
35.56 29.2630786795
35.58 29.611898916
35.6 29.9597714861
35.62 30.306497886
35.64 30.6518869023
35.66 30.9957545553
35.68 31.3379240287
35.7 31.6782255873
35.72 32.0164964836
35.74 32.3525808552
35.76 32.6863296144
35.78 33.0176003307
35.8 33.3462571072
35.82 33.672170454
35.84 33.9952171559
35.86 34.3152801393
35.88 34.6322483366
35.9 34.9460165494
35.92 35.2564853118
35.94 35.5635607542
35.96 35.867154467
35.98 36.1671833668
36.0 36.4635695637
36.02 36.7562402304
36.04 37.0451274741
36.06 37.3301682103
36.08 37.6113040395
36.1 37.8884811264
36.12 38.1616500816
36.14 38.4307658455
36.16 38.6957875751
36.18 38.9566785325
36.2 39.213405976
36.22 39.4659410514
36.24 39.7142586866
36.26 39.9583374856
36.28 40.1981596234
36.3 40.4337107414
36.32 40.6649798419
36.34 40.8919591822
36.36 41.1146441663
36.38 41.3330332359
36.4 41.5471277573
36.42 41.7569319066
36.44 41.9624525498
36.46 42.1636991194
36.48 42.3606834856
36.5 42.5534198222
36.52 42.7419244664
36.54 42.9262157718
36.56 43.1063139553
36.58 43.2822409354
36.6 43.4540201642
36.62 43.6216764508
36.64 43.7852357773
36.66 43.9447251072
36.68 44.1001721857
36.7 44.2516053341
36.72 44.3990532361
36.74 44.5425447207
36.76 44.682108538
36.78 44.8177731339
36.8 44.9495664216
36.82 45.0775155539
36.84 45.2016466968
36.86 45.3219848086
36.88 45.4385534245
36.9 45.5513744517
36.92 45.6604679771
36.94 45.7658520902
36.96 45.8675427251
36.98 45.9655535247
37.0 46.0598957302
37.02 46.1505780984
37.04 46.2376068518
37.06 46.3209856606
37.08 46.4007156626
37.1 46.4767955198
37.12 46.5492215143
37.14 46.6179876837
37.16 46.6830859947
37.18 46.7445065548
37.2 46.8022378596
37.22 46.8562670716
37.24 46.9065803278
37.26 46.9531630708
37.28 46.996000396
37.3 47.0350774113
37.32 47.0703795991
37.34 47.1018931751
37.36 47.1296054347
37.38 47.1535050803
37.4 47.1735825208
37.42 47.1898301361
37.44 47.2022425014
37.46 47.2108165633
37.48 47.2155517652
37.5 47.2164501173
37.52 47.2135162097
37.54 47.2067571681
37.56 47.1961825524
37.58 47.1818042008
37.6 47.1636360233
37.62 47.1416937492
37.64 47.1159946339
37.66 47.0865571334
37.68 47.0534005518
37.7 47.0165446716
37.72 46.9760093734
37.74 46.9318142545
37.76 46.8839782516
37.78 46.8325192782
37.8 46.7774538803
37.82 46.7187969181
37.84 46.6565612777
37.86 46.5907576179
37.88 46.5213941535
37.9 46.448476479
37.92 46.3720074329
37.94 46.2919870035
37.96 46.2084122738
37.98 46.1212774081
38.0 46.0305736745
38.02 45.9362895024
38.04 45.8384105744
38.06 45.7369199451
38.08 45.6317981876
38.1 45.5230235627
38.12 45.4105722066
38.14 45.2944183357
38.16 45.1745344632
38.18 45.0508916261
38.2 44.9234596193
38.22 44.7922072325
38.24 44.6571024907
38.26 44.5181128934
38.28 44.3752056513
38.3 44.2283479202
38.32 44.0775070291
38.34 43.9226507021
38.36 43.7637472733
38.38 43.6007658942
38.4 43.4336767327
38.42 43.2624511635
38.44 43.0870619507
38.46 42.9074834204
38.48 42.7236916272
38.5 42.5356645107
38.52 42.3433820449
38.54 42.146826381
38.56 41.9459819828
38.58 41.7408357559
38.6 41.5313771716
38.62 41.3175983857
38.64 41.0994943525
38.66 40.8770629359
38.68 40.6503050167
38.7 40.4192245973
38.72 40.1838289051
38.74 39.9441284942
38.76 39.700137346
38.78 39.4518729707
38.8 39.1993565077
38.82 38.9426128277
38.84 38.6816706361
38.86 38.4165625769
38.88 38.1473253402
38.9 37.8739997703
38.92 37.5966309779
38.94 37.3152684535
38.96 37.0299661851
38.98 36.7407827781
39.0 36.4477815782
39.02 36.1510307983
39.04 35.850603647
39.06 35.5465784611
39.08 35.2390388401
39.1 34.9280737833
39.12 34.6137778291
39.14 34.2962511955
39.16 33.9755999218
39.18 33.6519360111
39.2 33.325377572
39.22 32.9960489608
39.24 32.6640809198
39.26 32.3296107152
39.28 31.9927822698
39.3 31.6537462915
39.32 31.3126603966
39.34 30.9696892244
39.36 30.6250045449
39.38 30.278785356
39.4 29.931217969
39.42 29.582496082
39.44 29.2328208384
39.46 28.8824008692
39.48 28.5314523184
39.5 28.1801988477
39.52 27.828871621
39.54 27.4777092658
39.56 27.1269578099
39.58 26.776870592
39.6 26.4277081443
39.62 26.0797380459
39.64 25.7332347451
39.66 25.3884793497
39.68 25.0457593834
39.7 24.7053685079
39.72 24.3676062095
39.74 24.0327774486
39.76 23.7011922736
39.78 23.3731653958
39.8 23.0490157288
39.82 22.7290658886
39.84 22.4136416588
39.86 22.1030714179
39.88 21.7976855322
39.9 21.4978157144
39.92 21.2037943498
39.94 20.9159537914
39.96 20.634625627
39.98 20.3601399194
