0.0 0.298062628167
0.02 0.306410717002
0.04 0.314679293486
0.06 0.322886572349
0.08 0.331050867115
0.1 0.339190561323
0.12 0.347324080207
0.14 0.355469862167
0.16 0.363646330036
0.18 0.371871861693
0.2 0.380164759703
0.22 0.388543219771
0.24 0.39702529754
0.26 0.405628873536
0.28 0.414371615782
0.3 0.423270939834
0.32 0.432343965839
0.34 0.441607472269
0.36 0.451077845992
0.38 0.460771028286
0.4 0.470702456584
0.42 0.480887001421
0.44 0.491338898531
0.46 0.502071675598
0.48 0.513098073531
0.5 0.5244299621
0.52 0.536078249643
0.54 0.548052786879
0.56 0.560362264838
0.58 0.573014106799
0.6 0.586014354667
0.62 0.599367549818
0.64 0.613076609109
0.66 0.627142696321
0.68 0.641565090012
0.7 0.656341048569
0.72 0.671465673525
0.74 0.686931772566
0.76 0.702729723618
0.78 0.718847341877
0.8 0.735269751644
0.82 0.751979265304
0.84 0.768955271778
0.86 0.786174137199
0.88 0.803609120559
0.9 0.821230307467
0.92 0.839004565051
0.94 0.856895521365
0.96 0.874863572391
0.98 0.892865920079
1.0 0.91085664428
1.02 0.928786811595
1.04 0.946604623724
1.06 0.964255607318
1.08 0.98168284711
1.1 0.998827263276
1.12 1.01562793323
1.14 1.03202245734
1.16 1.047947367
1.18 1.06333857265
1.2 1.07813184815
1.22 1.0922633469
1.24 1.10567014415
1.26 1.11829079891
1.28 1.13006592776
1.3 1.14093878242
1.32 1.15085582204
1.34 1.15976727091
1.36 1.16762765175
1.38 1.1743962853
1.4 1.18003774671
1.42 1.18452226996
1.44 1.18782609249
1.46 1.18993173293
1.48 1.19082819645
1.5 1.19051110334
1.52 1.18898273833
1.54 1.18625201947
1.56 1.1823343874
1.58 1.17725161739
1.6 1.17103155791
1.62 1.16370780143
1.64 1.1553192938
1.66 1.14590989034
1.68 1.13552786697
1.7 1.12422539573
1.72 1.11205799411
1.74 1.09908395791
1.76 1.08536378681
1.78 1.07095961196
1.8 1.05593463362
1.82 1.04035257687
1.84 1.02427717185
1.86 1.00777166442
1.88 0.99089836212
1.9 0.973718218842
1.92 0.956290461173
1.94 0.938672257938
1.96 0.920918433719
1.98 0.903081226264
2.0 0.885210087031
2.02 0.867351523203
2.04 0.849548979317
2.06 0.831842756001
2.08 0.814269962982
2.1 0.796864503437
2.12 0.779657086454
2.14 0.762675264534
2.16 0.745943492689
2.18 0.729483206288
2.2 0.713312914473
2.22 0.6974483063
2.24 0.681902367015
2.26 0.666685501988
2.28 0.651805666021
2.3 0.63726849611
2.32 0.623077445797
2.34 0.609233919666
2.36 0.595737406545
2.38 0.582585610328
2.4 0.569774577527
2.42 0.557298820685
2.44 0.54515143717
2.46 0.533324222793
2.48 0.521807780058
2.5 0.51059162068
2.52 0.499664262445
2.54 0.489013320262
2.56 0.478625591534
2.58 0.468487136019
2.6 0.458583350228
2.62 0.448899036743
2.64 0.439418468642
2.66 0.430125449262
2.68 0.421003367739
2.7 0.412035250565
2.72 0.403203809501
2.74 0.394491486221
2.76 0.38588049401
2.78 0.377352856902
2.8 0.368890446506
2.82 0.360475017008
2.84 0.352088238504
2.86 0.343711729179
2.88 0.335327086502
2.9 0.326915917754
2.92 0.318459870367
2.94 0.309940662085
2.96 0.301340111417
2.98 0.292640168624
3.0 0.283822947405
3.02 0.274870757622
3.04 0.265766139136
3.06 0.256491897277
3.08 0.24703113966
3.1 0.237367314997
3.12 0.227484253759
3.14 0.217366210997
3.16 0.206997911241
3.18 0.19636459588
3.2 0.185452072722
3.22 0.174246768135
3.24 0.162735781506
3.26 0.150906942178
3.28 0.138748868747
3.3 0.126251030643
3.32 0.113403811929
3.34 0.100198577081
3.36 0.0866277386074
3.38 0.0726848263222
3.4 0.0583645578392
3.42 0.043662910118
3.44 0.0285771916444
3.46 0.0131061147218
3.48 -0.00275013245825
3.5 -0.0189898144692
3.52 -0.0356095788338
3.54 -0.0526043879397
3.56 -0.0699674538016
3.58 -0.0876901759449
3.6 -0.105762083439
3.62 -0.124170781698
3.64 -0.142901904912
3.66 -0.16193907484
3.68 -0.181263866929
3.7 -0.200855784442
3.72 -0.220692241604
3.74 -0.240748556416
3.76 -0.260997954055
3.78 -0.281411581707
3.8 -0.30195853527
3.82 -0.322605899058
3.84 -0.343318798544
3.86 -0.36406046732
3.88 -0.384792328088
3.9 -0.405474088422
3.92 -0.426063851343
3.94 -0.446518240817
3.96 -0.466792542083
3.98 -0.486840856652
4.0 -0.506616271535
4.02 -0.526071042223
4.04 -0.545156788759
4.06 -0.563824703653
4.08 -0.582025771372
4.1 -0.599710997131
4.12 -0.616831644572
4.14 -0.63333948012
4.16 -0.649187022552
4.18 -0.664327796046
4.2 -0.678716584493
4.22 -0.692309685322
4.24 -0.70506516032
4.26 -0.716943081777
4.28 -0.72790577112
4.3 -0.737918028505
4.32 -0.746947350547
4.34 -0.754964134447
4.36 -0.761941866556
4.38 -0.767857292985
4.4 -0.772690571108
4.42 -0.776425399915
4.44 -0.779049128121
4.46 -0.780552838598
4.48 -0.78093140854
4.5 -0.780183544456
4.52 -0.778311791642
4.54 -0.775322518159
4.56 -0.771225873349
4.58 -0.766035721281
4.6 -0.759769550099
4.62 -0.752448357892
4.64 -0.744096516594
4.66 -0.734741615024
4.68 -0.724414283178
4.7 -0.713147998936
4.72 -0.700978879632
4.74 -0.687945460456
4.76 -0.674088461506
4.78 -0.659450546121
4.8 -0.644076072508
4.82 -0.628010840894
4.84 -0.611301838275
4.86 -0.593996983336
4.88 -0.576144872921
4.9 -0.557794532601
4.92 -0.538995172867
4.94 -0.519795952576
4.96 -0.500245751432
4.98 -0.480392952597
5.0 -0.460285236887
5.02 -0.439969389302
5.04 -0.419491119039
5.06 -0.398894893347
5.08 -0.378223786099
5.1 -0.357519340999
5.12 -0.336821449968
5.14 -0.316168246542
5.16 -0.295596014143
5.18 -0.275139109203
5.2 -0.254829898488
5.22 -0.234698710363
5.24 -0.214773799351
5.26 -0.195081323484
5.28 -0.175645333434
5.3 -0.156487773059
5.32 -0.137628490315
5.34 -0.119085257735
5.36 -0.10087380171
5.38 -0.0830078396719
5.4 -0.0654991243318
5.42 -0.0483574940417
5.44 -0.0315909287241
5.46 -0.0152056101565
5.48 0.000794013702965
5.5 0.0164051615386
5.52 0.0316266489132
5.54 0.0464588169034
5.56 0.060903459552
5.58 0.0749637508015
5.6 0.0886441712684
5.62 0.101950435607
5.64 0.114889420469
5.66 0.127469093815
5.68 0.139698445698
5.7 0.151587420701
5.72 0.163146852557
5.74 0.174388400822
5.76 0.185324489877
5.78 0.19596825046
5.8 0.206333463589
5.82 0.21643450709
5.84 0.22628630462
5.86 0.235904277262
5.88 0.24530429747
5.9 0.254502645566
5.92 0.263515968279
5.94 0.272361239709
5.96 0.281055724007
5.98 0.289616940143
6.0 0.298062628165
6.02 0.306410717006
6.04 0.31467929348
6.06 0.322886572351
6.08 0.331050867117
6.1 0.339190561322
6.12 0.347324080207
6.14 0.355469862168
6.16 0.363646330033
6.18 0.371871861694
6.2 0.380164759706
6.22 0.388543219765
6.24 0.397025297543
6.26 0.405628873534
6.28 0.414371615785
6.3 0.423270939833
6.32 0.432343965838
6.34 0.441607472269
6.36 0.451077845993
6.38 0.460771028288
6.4 0.470702456581
6.42 0.480887001421
6.44 0.49133889853
6.46 0.502071675599
6.48 0.513098073533
6.5 0.524429962097
6.52 0.536078249647
6.54 0.548052786874
6.56 0.560362264842
6.58 0.573014106801
6.6 0.58601435466
6.62 0.599367549823
6.64 0.613076609107
6.66 0.627142696325
6.68 0.64156509001
6.7 0.656341048571
6.72 0.671465673521
6.74 0.68693177257
6.76 0.702729723615
6.78 0.718847341883
6.8 0.735269751638
6.82 0.751979265304
6.84 0.768955271784
6.86 0.786174137193
6.88 0.803609120563
6.9 0.821230307465
6.92 0.839004565055
6.94 0.85689552136
6.96 0.874863572394
6.98 0.892865920076
7.0 0.910856644281
7.02 0.928786811595
7.04 0.946604623724
7.06 0.964255607318
7.08 0.981682847108
7.1 0.998827263282
7.12 1.01562793323
7.14 1.03202245734
7.16 1.047947367
7.18 1.06333857265
7.2 1.07813184815
7.22 1.0922633469
7.24 1.10567014415
7.26 1.11829079891
7.28 1.13006592776
7.3 1.14093878242
7.32 1.15085582205
7.34 1.15976727091
7.36 1.16762765175
7.38 1.1743962853
7.4 1.18003774671
7.42 1.18452226996
7.44 1.18782609249
7.46 1.18993173293
7.48 1.19082819645
7.5 1.19051110334
7.52 1.18898273833
7.54 1.18625201947
7.56 1.1823343874
7.58 1.17725161739
7.6 1.17103155791
7.62 1.16370780144
7.64 1.1553192938
7.66 1.14590989035
7.68 1.13552786697
7.7 1.12422539573
7.72 1.11205799411
7.74 1.09908395791
7.76 1.08536378682
7.78 1.07095961196
7.8 1.05593463362
7.82 1.04035257688
7.84 1.02427717185
7.86 1.00777166442
7.88 0.990898362125
7.9 0.973718218832
7.92 0.95629046118
7.94 0.938672257936
7.96 0.920918433717
7.98 0.903081226267
8.0 0.885210087032
8.02 0.867351523198
8.04 0.849548979321
8.06 0.831842756003
8.08 0.814269962982
8.1 0.796864503432
8.12 0.779657086455
8.14 0.762675264536
8.16 0.745943492687
8.18 0.729483206287
8.2 0.713312914475
8.22 0.697448306297
8.24 0.681902367014
8.26 0.666685501991
8.28 0.651805666017
8.3 0.637268496114
8.32 0.623077445796
8.34 0.609233919663
8.36 0.595737406547
8.38 0.582585610328
8.4 0.569774577524
8.42 0.557298820689
8.44 0.545151437168
8.46 0.533324222793
8.48 0.521807780059
8.5 0.510591620676
8.52 0.49966426245
8.54 0.48901332026
8.56 0.478625591531
8.58 0.468487136022
8.6 0.45858335023
8.62 0.448899036741
8.64 0.43941846864
8.66 0.430125449264
8.68 0.421003367737
8.7 0.412035250572
8.72 0.403203809495
8.74 0.394491486223
8.76 0.385880494012
8.78 0.3773528569
8.8 0.368890446511
8.82 0.360475016997
8.84 0.352088238509
8.86 0.343711729179
8.88 0.335327086502
8.9 0.326915917748
8.92 0.318459870378
8.94 0.309940662078
8.96 0.301340111421
8.98 0.292640168623
9.0 0.283822947405
9.02 0.274870757622
9.04 0.265766139131
9.06 0.256491897287
9.08 0.247031139652
9.1 0.237367314997
9.12 0.227484253761
9.14 0.217366211
9.16 0.206997911239
9.18 0.196364595878
9.2 0.185452072723
9.22 0.174246768135
9.24 0.162735781509
9.26 0.150906942174
9.28 0.138748868747
9.3 0.12625103064
9.32 0.113403811937
9.34 0.100198577072
9.36 0.0866277386135
9.38 0.072684826323
9.4 0.0583645578315
9.42 0.0436629101245
9.44 0.0285771916434
9.46 0.013106114723
9.48 -0.00275013246317
9.5 -0.0189898144663
9.52 -0.0356095788367
9.54 -0.0526043879332
9.56 -0.0699674538079
9.58 -0.0876901759404
9.6 -0.105762083439
9.62 -0.124170781703
9.64 -0.142901904907
9.66 -0.161939074845
9.68 -0.18126386692
9.7 -0.20085578445
9.72 -0.220692241599
9.74 -0.240748556421
9.76 -0.260997954052
9.78 -0.281411581701
9.8 -0.30195853528
9.82 -0.322605899056
9.84 -0.343318798539
9.86 -0.364060467325
9.88 -0.384792328088
9.9 -0.405474088416
9.92 -0.426063851353
9.94 -0.44651824081
9.96 -0.466792542088
9.98 -0.486840856646
10.0 -0.506616271534
10.02 -0.526071042233
10.04 -0.545156788754
10.06 -0.563824703654
10.08 -0.58202577137
10.1 -0.599710997129
10.12 -0.616831644574
10.14 -0.633339480125
10.16 -0.649187022542
10.18 -0.664327796044
10.2 -0.678716584505
10.22 -0.692309685316
10.24 -0.70506516032
10.26 -0.716943081778
10.28 -0.727905771117
10.3 -0.737918028512
10.32 -0.746947350535
10.34 -0.754964134453
10.36 -0.76194186656
10.38 -0.767857292981
10.4 -0.772690571103
10.42 -0.77642539992
10.44 -0.779049128121
10.46 -0.780552838598
10.48 -0.78093140854
10.5 -0.780183544456
10.52 -0.778311791639
10.54 -0.775322518166
10.56 -0.771225873346
10.58 -0.766035721281
10.6 -0.759769550099
10.62 -0.752448357892
10.64 -0.744096516595
10.66 -0.734741615023
10.68 -0.724414283185
10.7 -0.71314799892
10.72 -0.700978879638
10.74 -0.687945460464
10.76 -0.674088461494
10.78 -0.659450546128
10.8 -0.644076072502
10.82 -0.628010840906
10.84 -0.61130183827
10.86 -0.593996983333
10.88 -0.576144872919
10.9 -0.557794532608
10.92 -0.538995172864
10.94 -0.519795952578
10.96 -0.500245751427
10.98 -0.480392952599
11.0 -0.460285236891
11.02 -0.439969389302
11.04 -0.419491119033
11.06 -0.398894893354
11.08 -0.378223786093
11.1 -0.357519341001
11.12 -0.33682144997
11.14 -0.316168246547
11.16 -0.295596014133
11.18 -0.27513910921
11.2 -0.254829898488
11.22 -0.234698710358
11.24 -0.214773799352
11.26 -0.195081323489
11.28 -0.175645333432
11.3 -0.156487773056
11.32 -0.137628490318
11.34 -0.119085257731
11.36 -0.100873801713
11.38 -0.0830078396718
11.4 -0.0654991243266
11.42 -0.0483574940425
11.44 -0.0315909287268
11.46 -0.0152056101565
11.48 0.000794013697499
11.5 0.0164051615441
11.52 0.031626648916
11.54 0.0464588168977
11.56 0.0609034595605
11.58 0.0749637507901
11.6 0.0886441712761
11.62 0.101950435606
11.64 0.11488942047
11.66 0.127469093815
11.68 0.139698445694
11.7 0.151587420698
11.72 0.163146852563
11.74 0.174388400825
11.76 0.185324489869
11.78 0.195968250466
11.8 0.206333463582
11.82 0.216434507096
11.84 0.226286304623
11.86 0.235904277256
11.88 0.245304297475
11.9 0.254502645562
11.92 0.263515968278
11.94 0.272361239714
11.96 0.281055724009
11.98 0.289616940136
12.0 0.298062628169
12.02 0.306410717001
12.04 0.314679293487
12.06 0.322886572347
12.08 0.331050867119
12.1 0.339190561322
12.12 0.347324080206
12.14 0.355469862162
12.16 0.363646330037
12.18 0.371871861698
12.2 0.3801647597
12.22 0.388543219772
12.24 0.397025297535
12.26 0.405628873544
12.28 0.414371615778
12.3 0.423270939835
12.32 0.432343965837
12.34 0.441607472266
12.36 0.451077845997
12.38 0.460771028283
12.4 0.470702456588
12.42 0.480887001416
12.44 0.491338898537
12.46 0.502071675588
12.48 0.513098073541
12.5 0.524429962097
12.52 0.536078249645
12.54 0.548052786874
12.56 0.560362264837
12.58 0.573014106805
12.6 0.586014354664
12.62 0.599367549819
12.64 0.613076609107
12.66 0.627142696322
12.68 0.641565090009
12.7 0.656341048574
12.72 0.671465673521
12.74 0.686931772569
12.76 0.702729723618
12.78 0.718847341871
12.8 0.73526975165
12.82 0.751979265302
12.84 0.768955271781
12.86 0.786174137195
12.88 0.803609120565
12.9 0.821230307456
12.92 0.83900456506
12.94 0.85689552136
12.96 0.874863572394
12.98 0.892865920078
13.0 0.910856644279
13.02 0.92878681159
13.04 0.946604623731
13.06 0.964255607317
13.08 0.98168284711
13.1 0.998827263272
13.12 1.01562793324
13.14 1.03202245734
13.16 1.047947367
13.18 1.06333857265
13.2 1.07813184815
13.22 1.09226334689
13.24 1.10567014415
13.26 1.11829079892
13.28 1.13006592776
13.3 1.14093878242
13.32 1.15085582204
13.34 1.15976727092
13.36 1.16762765175
13.38 1.1743962853
13.4 1.18003774671
13.42 1.18452226996
13.44 1.18782609249
13.46 1.18993173293
13.48 1.19082819645
13.5 1.19051110334
13.52 1.18898273833
13.54 1.18625201947
13.56 1.1823343874
13.58 1.17725161739
13.6 1.17103155791
13.62 1.16370780144
13.64 1.1553192938
13.66 1.14590989034
13.68 1.13552786697
13.7 1.12422539573
13.72 1.11205799411
13.74 1.09908395791
13.76 1.08536378682
13.78 1.07095961195
13.8 1.05593463362
13.82 1.04035257688
13.84 1.02427717185
13.86 1.00777166442
13.88 0.990898362121
13.9 0.973718218842
13.92 0.956290461172
13.94 0.938672257938
13.96 0.920918433717
13.98 0.903081226272
14.0 0.885210087025
14.02 0.8673515232
14.04 0.849548979321
14.06 0.831842756003
14.08 0.814269962979
14.1 0.796864503431
14.12 0.779657086468
14.14 0.762675264526
14.16 0.745943492687
14.18 0.729483206292
14.2 0.713312914475
14.22 0.697448306293
14.24 0.681902367014
14.26 0.666685501995
14.28 0.651805666015
14.3 0.637268496112
14.32 0.623077445795
14.34 0.609233919676
14.36 0.595737406534
14.38 0.582585610329
14.4 0.569774577531
14.42 0.55729882069
14.44 0.545151437161
14.46 0.533324222796
14.48 0.521807780062
14.5 0.510591620674
14.52 0.499664262446
14.54 0.489013320269
14.56 0.47862559153
14.58 0.468487136016
14.6 0.458583350229
14.62 0.448899036746
14.64 0.439418468643
14.66 0.430125449257
14.68 0.421003367739
14.7 0.412035250573
14.72 0.403203809494
14.74 0.39449148622
14.76 0.385880494018
14.78 0.377352856898
14.8 0.368890446502
14.82 0.36047501701
14.84 0.352088238505
14.86 0.343711729183
14.88 0.335327086496
14.9 0.326915917755
14.92 0.318459870372
14.94 0.309940662079
14.96 0.301340111416
14.98 0.292640168634
15.0 0.283822947402
15.02 0.274870757611
15.04 0.265766139143
15.06 0.256491897279
15.08 0.247031139663
15.1 0.237367314987
15.12 0.227484253767
15.14 0.217366210994
15.16 0.20699791124
15.18 0.196364595881
15.2 0.185452072725
15.22 0.174246768136
15.24 0.162735781501
15.26 0.150906942185
15.28 0.138748868739
15.3 0.126251030641
15.32 0.113403811934
15.34 0.100198577082
15.36 0.0866277386093
15.38 0.0726848263183
15.4 0.0583645578344
15.42 0.0436629101225
15.44 0.0285771916494
15.46 0.0131061147142
15.48 -0.00275013245268
15.5 -0.0189898144747
15.52 -0.0356095788339
15.54 -0.0526043879387
15.56 -0.0699674537953
15.58 -0.0876901759493
15.6 -0.105762083437
15.62 -0.124170781703
15.64 -0.142901904909
15.66 -0.161939074838
15.68 -0.181263866931
15.7 -0.200855784439
15.72 -0.220692241612
15.74 -0.240748556412
15.76 -0.260997954052
15.78 -0.281411581708
15.8 -0.301958535273
15.82 -0.322605899056
15.84 -0.34331879854
15.86 -0.364060467327
15.88 -0.384792328084
15.9 -0.405474088418
15.92 -0.426063851353
15.94 -0.446518240812
15.96 -0.466792542086
15.98 -0.486840856645
16.0 -0.506616271541
16.02 -0.526071042222
16.04 -0.545156788759
16.06 -0.563824703654
16.08 -0.58202577137
16.1 -0.599710997129
16.12 -0.61683164458
16.14 -0.633339480108
16.16 -0.649187022558
16.18 -0.664327796046
16.2 -0.678716584493
16.22 -0.692309685322
16.24 -0.705065160329
16.26 -0.716943081759
16.28 -0.72790577113
16.3 -0.737918028506
16.32 -0.746947350539
16.34 -0.754964134452
16.36 -0.761941866556
16.38 -0.767857292985
16.4 -0.772690571105
16.42 -0.776425399922
16.44 -0.779049128118
16.46 -0.780552838598
16.48 -0.78093140854
16.5 -0.780183544456
16.52 -0.778311791642
16.54 -0.775322518159
16.56 -0.771225873353
16.58 -0.766035721272
16.6 -0.759769550103
16.62 -0.752448357899
16.64 -0.744096516581
16.66 -0.73474161503
16.68 -0.724414283178
16.7 -0.713147998936
16.72 -0.700978879632
16.74 -0.687945460455
16.76 -0.674088461508
16.78 -0.65945054612
16.8 -0.644076072508
16.82 -0.628010840895
16.84 -0.611301838273
16.86 -0.593996983334
16.88 -0.576144872916
16.9 -0.557794532611
16.92 -0.538995172867
16.94 -0.519795952573
16.96 -0.500245751432
16.98 -0.480392952594
17.0 -0.460285236896
17.02 -0.439969389296
17.04 -0.419491119036
17.06 -0.398894893353
17.08 -0.378223786093
17.1 -0.357519340999
17.12 -0.336821449975
17.14 -0.316168246539
17.16 -0.29559601414
17.18 -0.275139109207
17.2 -0.254829898493
17.22 -0.234698710356
17.24 -0.214773799352
17.26 -0.195081323482
17.28 -0.175645333441
17.3 -0.156487773051
17.32 -0.137628490316
17.34 -0.119085257742
17.36 -0.100873801701
17.38 -0.0830078396745
17.4 -0.06549912433
17.42 -0.0483574940507
17.44 -0.031590928715
17.46 -0.0152056101593
17.48 0.000794013705698
17.5 0.0164051615303
17.52 0.0316266489243
17.54 0.0464588168977
17.56 0.06090345955
17.58 0.0749637508018
17.6 0.088644171273
17.62 0.101950435608
17.64 0.114889420454
17.66 0.127469093832
17.68 0.139698445693
17.7 0.151587420702
17.72 0.163146852552
17.74 0.174388400829
17.76 0.185324489872
17.78 0.195968250458
17.8 0.206333463591
17.82 0.216434507092
17.84 0.226286304628
17.86 0.235904277239
17.88 0.245304297487
17.9 0.254502645562
17.92 0.263515968281
17.94 0.272361239702
17.96 0.281055724015
17.98 0.289616940137
18.0 0.298062628166
18.02 0.306410717006
18.04 0.314679293482
18.06 0.322886572356
18.08 0.331050867098
18.1 0.339190561338
18.12 0.347324080206
18.14 0.355469862158
18.16 0.363646330042
18.18 0.371871861696
18.2 0.380164759702
18.22 0.388543219763
18.24 0.397025297547
18.26 0.405628873539
18.28 0.414371615778
18.3 0.423270939824
18.32 0.432343965848
18.34 0.441607472273
18.36 0.451077845984
18.38 0.460771028291
18.4 0.470702456585
18.42 0.48088700142
18.44 0.491338898525
18.46 0.502071675602
18.48 0.513098073535
18.5 0.5244299621
18.52 0.536078249627
18.54 0.548052786893
18.56 0.560362264837
18.58 0.573014106797
18.6 0.586014354669
18.62 0.599367549818
18.64 0.613076609112
18.66 0.627142696313
18.68 0.641565090017
18.7 0.656341048572
18.72 0.671465673524
18.74 0.68693177255
18.76 0.702729723635
18.78 0.718847341873
18.8 0.735269751644
18.82 0.751979265306
18.84 0.768955271778
18.86 0.786174137198
18.88 0.803609120555
18.9 0.82123030747
18.92 0.839004565055
18.94 0.85689552136
18.96 0.874863572382
18.98 0.892865920091
19.0 0.910856644276
19.02 0.928786811593
19.04 0.946604623729
19.06 0.964255607317
19.08 0.98168284711
19.1 0.998827263275
19.12 1.01562793323
19.14 1.03202245734
19.16 1.04794736699
19.18 1.06333857265
19.2 1.07813184815
19.22 1.09226334689
19.24 1.10567014415
19.26 1.11829079892
19.28 1.13006592776
19.3 1.14093878242
19.32 1.15085582205
19.34 1.15976727091
19.36 1.16762765175
19.38 1.1743962853
19.4 1.18003774671
19.42 1.18452226996
19.44 1.18782609249
19.46 1.18993173293
19.48 1.19082819645
19.5 1.19051110334
19.52 1.18898273833
19.54 1.18625201947
19.56 1.1823343874
19.58 1.17725161739
19.6 1.17103155792
19.62 1.16370780143
19.64 1.1553192938
19.66 1.14590989034
19.68 1.13552786697
19.7 1.12422539573
19.72 1.11205799411
19.74 1.09908395791
19.76 1.08536378682
19.78 1.07095961196
19.8 1.05593463362
19.82 1.04035257689
19.84 1.02427717184
19.86 1.00777166442
19.88 0.99089836212
19.9 0.973718218841
19.92 0.956290461174
19.94 0.938672257938
19.96 0.920918433715
19.98 0.903081226272
20.0 0.885210087027
20.02 0.867351523201
20.04 0.849548979326
20.06 0.83184275599
20.08 0.814269962983
20.1 0.796864503435
20.12 0.77965708646
20.14 0.76267526453
20.16 0.745943492687
20.18 0.729483206289
20.2 0.713312914479
20.22 0.697448306295
20.24 0.681902367013
20.26 0.666685502
20.28 0.651805666013
20.3 0.637268496106
20.32 0.623077445798
20.34 0.609233919674
20.36 0.595737406539
20.38 0.582585610321
20.4 0.569774577537
20.42 0.557298820681
20.44 0.545151437174
20.46 0.533324222781
20.48 0.521807780069
20.5 0.510591620684
20.52 0.499664262435
20.54 0.489013320262
20.56 0.478625591537
20.58 0.468487136026
20.6 0.458583350224
20.62 0.448899036733
20.64 0.43941846866
20.66 0.430125449242
20.68 0.42100336775
20.7 0.41203525057
20.72 0.403203809496
20.74 0.394491486215
20.76 0.385880494012
20.78 0.37735285691
20.8 0.368890446505
20.82 0.360475016997
20.84 0.352088238514
20.86 0.343711729176
20.88 0.335327086503
20.9 0.326915917743
20.92 0.318459870382
20.94 0.309940662084
20.96 0.30134011141
20.98 0.292640168628
21.0 0.283822947418
21.02 0.274870757597
21.04 0.265766139151
21.06 0.256491897269
21.08 0.247031139674
21.1 0.237367314979
21.12 0.227484253773
21.14 0.217366210993
21.16 0.206997911237
21.18 0.196364595879
21.2 0.185452072724
21.22 0.174246768137
21.24 0.162735781508
21.26 0.150906942169
21.28 0.138748868755
21.3 0.126251030635
21.32 0.113403811939
21.34 0.100198577069
21.36 0.0866277386218
21.38 0.0726848263141
21.4 0.0583645578344
21.42 0.0436629101207
21.44 0.0285771916579
21.46 0.0131061147029
21.48 -0.00275013244798
21.5 -0.0189898144821
21.52 -0.0356095788119
21.54 -0.0526043879596
21.56 -0.0699674537907
21.58 -0.0876901759467
21.6 -0.105762083438
21.62 -0.124170781703
21.64 -0.142901904909
21.66 -0.161939074838
21.68 -0.181263866929
21.7 -0.200855784447
21.72 -0.220692241597
21.74 -0.240748556425
21.76 -0.260997954046
21.78 -0.281411581711
21.8 -0.30195853527
21.82 -0.322605899056
21.84 -0.343318798545
21.86 -0.364060467322
21.88 -0.384792328082
21.9 -0.405474088429
21.92 -0.42606385134
21.94 -0.446518240817
21.96 -0.466792542085
21.98 -0.486840856655
22.0 -0.506616271524
22.02 -0.526071042229
22.04 -0.545156788759
22.06 -0.563824703654
22.08 -0.58202577137
22.1 -0.599710997129
22.12 -0.616831644582
22.14 -0.633339480109
22.16 -0.649187022547
22.18 -0.664327796057
22.2 -0.67871658449
22.22 -0.692309685325
22.24 -0.705065160323
22.26 -0.716943081762
22.28 -0.72790577113
22.3 -0.737918028506
22.32 -0.746947350539
22.34 -0.754964134452
22.36 -0.761941866556
22.38 -0.767857292985
22.4 -0.772690571108
22.42 -0.776425399915
22.44 -0.779049128121
22.46 -0.780552838598
22.48 -0.78093140854
22.5 -0.780183544456
22.52 -0.778311791642
22.54 -0.775322518159
22.56 -0.771225873353
22.58 -0.766035721272
22.6 -0.759769550103
22.62 -0.752448357899
22.64 -0.744096516581
22.66 -0.734741615032
22.68 -0.724414283174
22.7 -0.713147998937
22.72 -0.700978879632
22.74 -0.687945460455
22.76 -0.67408846151
22.78 -0.659450546113
22.8 -0.644076072518
22.82 -0.628010840891
22.84 -0.611301838273
22.86 -0.593996983333
22.88 -0.576144872919
22.9 -0.557794532609
22.92 -0.538995172867
22.94 -0.519795952573
22.96 -0.500245751428
22.98 -0.4803929526
23.0 -0.460285236892
23.02 -0.439969389294
23.04 -0.419491119044
23.06 -0.398894893343
23.08 -0.378223786106
23.1 -0.357519340988
23.12 -0.336821449984
23.14 -0.316168246534
23.16 -0.29559601414
23.18 -0.275139109207
23.2 -0.254829898496
23.22 -0.234698710346
23.24 -0.214773799362
23.26 -0.195081323479
23.28 -0.175645333441
23.3 -0.156487773047
23.32 -0.137628490323
23.34 -0.119085257735
23.36 -0.100873801705
23.38 -0.0830078396788
23.4 -0.0654991243239
23.42 -0.048357494048
23.44 -0.0315909287249
23.46 -0.0152056101483
23.48 0.000794013690847
23.5 0.0164051615519
23.52 0.0316266489036
23.54 0.046458816912
23.56 0.0609034595376
23.58 0.0749637508112
23.6 0.0886441712684
23.62 0.101950435605
23.64 0.114889420465
23.66 0.127469093827
23.68 0.139698445689
23.7 0.151587420703
23.72 0.163146852554
23.74 0.174388400831
23.76 0.185324489865
23.78 0.195968250463
23.8 0.206333463591
23.82 0.216434507092
23.84 0.226286304628
23.86 0.235904277245
23.88 0.245304297475
23.9 0.254502645572
23.92 0.263515968269
23.94 0.272361239722
23.96 0.281055723998
23.98 0.289616940139
24.0 0.298062628174
24.02 0.306410717002
24.04 0.314679293486
24.06 0.322886572341
24.08 0.331050867118
24.1 0.339190561334
24.12 0.347324080196
24.14 0.35546986217
24.16 0.363646330032
24.18 0.371871861703
24.2 0.380164759693
24.22 0.38854321977
24.24 0.397025297545
24.26 0.405628873538
24.28 0.41437161578
24.3 0.423270939828
24.32 0.432343965841
24.34 0.441607472272
24.36 0.451077845987
24.38 0.460771028299
24.4 0.47070245657
24.42 0.480887001421
24.44 0.491338898539
24.46 0.502071675595
24.48 0.513098073534
24.5 0.524429962095
24.52 0.536078249637
24.54 0.548052786894
24.56 0.560362264825
24.58 0.573014106808
24.6 0.586014354657
24.62 0.599367549833
24.64 0.613076609096
24.66 0.627142696321
24.68 0.641565090019
24.7 0.656341048564
24.72 0.671465673524
24.74 0.686931772576
24.76 0.702729723609
24.78 0.718847341881
24.8 0.735269751641
24.82 0.751979265312
24.84 0.768955271769
24.86 0.786174137199
24.88 0.803609120563
24.9 0.821230307466
24.92 0.839004565055
24.94 0.856895521357
24.96 0.874863572391
24.98 0.892865920089
25.0 0.910856644271
25.02 0.928786811597
25.04 0.946604623721
25.06 0.964255607318
25.08 0.981682847116
25.1 0.998827263271
25.12 1.01562793323
25.14 1.03202245734
25.16 1.04794736699
25.18 1.06333857266
25.2 1.07813184814
25.22 1.0922633469
25.24 1.10567014415
25.26 1.11829079892
25.28 1.13006592775
25.3 1.14093878242
25.32 1.15085582205
25.34 1.15976727091
25.36 1.16762765175
25.38 1.1743962853
25.4 1.18003774671
25.42 1.18452226996
25.44 1.18782609249
25.46 1.18993173293
25.48 1.19082819645
25.5 1.19051110334
25.52 1.18898273833
25.54 1.18625201947
25.56 1.1823343874
25.58 1.17725161739
25.6 1.17103155792
25.62 1.16370780143
25.64 1.1553192938
25.66 1.14590989034
25.68 1.13552786697
25.7 1.12422539573
25.72 1.11205799412
25.74 1.09908395791
25.76 1.08536378681
25.78 1.07095961196
25.8 1.05593463362
25.82 1.04035257688
25.84 1.02427717185
25.86 1.00777166442
25.88 0.99089836212
25.9 0.973718218837
25.92 0.956290461182
25.94 0.938672257937
25.96 0.920918433707
25.98 0.903081226278
26.0 0.885210087024
26.02 0.867351523207
26.04 0.849548979307
26.06 0.83184275601
26.08 0.814269962989
26.1 0.796864503418
26.12 0.779657086466
26.14 0.762675264527
26.16 0.745943492694
26.18 0.729483206291
26.2 0.713312914463
26.22 0.697448306313
26.24 0.681902367011
26.26 0.666685501975
26.28 0.651805666037
26.3 0.6372684961
26.32 0.623077445798
26.34 0.609233919666
26.36 0.595737406544
26.38 0.58258561034
26.4 0.569774577517
26.42 0.557298820682
26.44 0.545151437172
26.46 0.533324222799
26.48 0.521807780046
26.5 0.510591620696
26.52 0.49966426244
26.54 0.489013320249
26.56 0.478625591551
26.58 0.468487136004
26.6 0.458583350239
26.62 0.448899036745
26.64 0.439418468631
26.66 0.430125449277
26.68 0.421003367733
26.7 0.412035250554
26.72 0.403203809515
26.74 0.394491486214
26.76 0.38588049401
26.78 0.377352856901
26.8 0.368890446511
26.82 0.360475017016
26.84 0.352088238489
26.86 0.343711729186
26.88 0.335327086499
26.9 0.326915917759
26.92 0.318459870358
26.94 0.309940662101
26.96 0.301340111411
26.98 0.292640168616
27.0 0.283822947418
27.02 0.274870757602
27.04 0.265766139151
27.06 0.256491897282
27.08 0.247031139645
27.1 0.237367315013
27.12 0.227484253756
27.14 0.217366210983
27.16 0.206997911256
27.18 0.196364595873
27.2 0.185452072724
27.22 0.174246768143
27.24 0.162735781487
27.26 0.1509069422
27.28 0.138748868733
27.3 0.126251030641
27.32 0.113403811934
27.34 0.100198577082
27.36 0.086627738601
27.38 0.0726848263337
27.4 0.0583645578351
27.42 0.0436629101052
27.44 0.0285771916589
27.46 0.0131061147113
27.48 -0.00275013244798
27.5 -0.0189898144763
27.52 -0.0356095788351
27.54 -0.0526043879285
27.56 -0.069967453807
27.58 -0.0876901759521
27.6 -0.10576208343
27.62 -0.124170781703
27.64 -0.142901904912
27.66 -0.161939074831
27.68 -0.181263866939
27.7 -0.200855784439
27.72 -0.220692241607
27.74 -0.240748556414
27.76 -0.260997954052
27.78 -0.281411581706
27.8 -0.301958535278
27.82 -0.322605899048
27.84 -0.343318798545
27.86 -0.364060467328
27.88 -0.384792328082
27.9 -0.40547408843
27.92 -0.426063851332
27.94 -0.446518240817
27.96 -0.466792542097
27.98 -0.486840856637
28.0 -0.506616271535
28.02 -0.52607104224
28.04 -0.545156788744
28.06 -0.563824703659
28.08 -0.58202577137
28.1 -0.599710997126
28.12 -0.616831644586
28.14 -0.633339480105
28.16 -0.649187022561
28.18 -0.66432779604
28.2 -0.678716584494
28.22 -0.692309685327
28.24 -0.705065160323
28.26 -0.716943081765
28.28 -0.727905771126
28.3 -0.737918028508
28.32 -0.746947350539
28.34 -0.754964134452
28.36 -0.76194186656
28.38 -0.767857292981
28.4 -0.7726905711
28.42 -0.776425399926
28.44 -0.779049128118
28.46 -0.780552838598
28.48 -0.78093140854
28.5 -0.780183544456
28.52 -0.778311791642
28.54 -0.775322518159
28.56 -0.771225873353
28.58 -0.766035721272
28.6 -0.759769550103
28.62 -0.752448357899
28.64 -0.744096516583
28.66 -0.734741615029
28.68 -0.724414283178
28.7 -0.713147998934
28.72 -0.700978879629
28.74 -0.687945460464
28.76 -0.674088461504
28.78 -0.65945054612
28.8 -0.64407607251
28.82 -0.62801084089
28.84 -0.611301838278
28.86 -0.593996983332
28.88 -0.576144872922
28.9 -0.557794532599
28.92 -0.538995172873
28.94 -0.519795952573
28.96 -0.500245751425
28.98 -0.480392952609
29.0 -0.460285236882
29.02 -0.439969389299
29.04 -0.419491119041
29.06 -0.398894893342
29.08 -0.378223786104
29.1 -0.357519341002
29.12 -0.336821449967
29.14 -0.31616824654
29.16 -0.295596014145
29.18 -0.275139109197
29.2 -0.254829898498
29.22 -0.234698710356
29.24 -0.214773799346
29.26 -0.1950813235
29.28 -0.175645333415
29.3 -0.156487773073
29.32 -0.137628490313
29.34 -0.119085257724
29.36 -0.100873801717
29.38 -0.0830078396849
29.4 -0.0654991243044
29.42 -0.0483574940649
29.44 -0.0315909287097
29.46 -0.0152056101601
29.48 0.000794013700315
29.5 0.0164051615432
29.52 0.0316266489113
29.54 0.046458816892
29.56 0.0609034595636
29.58 0.0749637507978
29.6 0.0886441712717
29.62 0.101950435611
29.64 0.114889420458
29.66 0.127469093819
29.68 0.139698445708
29.7 0.151587420679
29.72 0.163146852582
29.74 0.174388400804
29.76 0.185324489877
29.78 0.195968250473
29.8 0.206333463577
29.82 0.216434507085
29.84 0.226286304641
29.86 0.235904277246
29.88 0.245304297478
29.9 0.254502645564
29.92 0.263515968279
29.94 0.272361239712
29.96 0.281055724004
29.98 0.289616940131
30.0 0.298062628178
30.02 0.306410717004
30.04 0.314679293479
30.06 0.322886572363
30.08 0.331050867101
30.1 0.339190561319
30.12 0.34732408023
30.14 0.355469862141
30.16 0.363646330057
30.18 0.371871861678
30.2 0.380164759705
30.22 0.388543219782
30.24 0.397025297527
30.26 0.405628873532
30.28 0.4143716158
30.3 0.423270939821
30.32 0.432343965844
30.34 0.441607472268
30.36 0.451077845993
30.38 0.460771028286
30.4 0.470702456582
30.42 0.48088700141
30.44 0.491338898544
30.46 0.502071675598
30.48 0.513098073523
30.5 0.524429962117
30.52 0.536078249626
30.54 0.548052786874
30.56 0.560362264849
30.58 0.573014106804
30.6 0.586014354662
30.62 0.599367549818
30.64 0.613076609109
30.66 0.62714269632
30.68 0.641565090012
30.7 0.656341048561
30.72 0.671465673534
30.74 0.686931772564
30.76 0.70272972361
30.78 0.718847341898
30.8 0.735269751623
30.82 0.751979265324
30.84 0.768955271757
30.86 0.786174137201
30.88 0.803609120577
30.9 0.821230307447
30.92 0.839004565065
30.94 0.856895521361
30.96 0.874863572391
30.98 0.892865920074
31.0 0.91085664428
31.02 0.9287868116
31.04 0.946604623724
31.06 0.964255607317
31.08 0.98168284711
31.1 0.998827263278
31.12 1.01562793323
31.14 1.03202245733
31.16 1.047947367
31.18 1.06333857265
31.2 1.07813184815
31.22 1.0922633469
31.24 1.10567014414
31.26 1.11829079893
31.28 1.13006592775
31.3 1.14093878242
31.32 1.15085582205
31.34 1.15976727091
31.36 1.16762765175
31.38 1.1743962853
31.4 1.18003774671
31.42 1.18452226996
31.44 1.18782609249
31.46 1.18993173293
31.48 1.19082819645
31.5 1.19051110334
31.52 1.18898273833
31.54 1.18625201946
31.56 1.1823343874
31.58 1.17725161739
31.6 1.17103155791
31.62 1.16370780144
31.64 1.1553192938
31.66 1.14590989034
31.68 1.13552786698
31.7 1.12422539572
31.72 1.11205799413
31.74 1.09908395791
31.76 1.08536378681
31.78 1.07095961197
31.8 1.05593463362
31.82 1.04035257688
31.84 1.02427717185
31.86 1.00777166443
31.88 0.990898362112
31.9 0.973718218842
31.92 0.956290461175
31.94 0.938672257938
31.96 0.920918433714
31.98 0.90308122627
32.0 0.885210087039
32.02 0.867351523192
32.04 0.849548979316
32.06 0.831842756002
32.08 0.814269962993
32.1 0.796864503412
32.12 0.779657086478
32.14 0.762675264513
32.16 0.745943492709
32.18 0.729483206289
32.2 0.71331291445
32.22 0.697448306321
32.24 0.681902367004
32.26 0.666685501988
32.28 0.651805666024
32.3 0.637268496118
32.32 0.623077445785
32.34 0.609233919667
32.36 0.595737406545
32.38 0.582585610326
32.4 0.569774577529
32.42 0.557298820684
32.44 0.545151437183
32.46 0.53332422278
32.48 0.521807780057
32.5 0.51059162068
32.52 0.499664262458
32.54 0.489013320236
32.56 0.478625591563
32.58 0.468487135991
32.6 0.458583350252
32.62 0.448899036745
32.64 0.439418468618
32.66 0.430125449282
32.68 0.421003367728
32.7 0.412035250568
32.72 0.403203809514
32.74 0.394491486207
32.76 0.385880494009
32.78 0.377352856905
32.8 0.368890446506
32.82 0.360475017003
32.84 0.352088238507
32.86 0.343711729182
32.88 0.335327086512
32.9 0.32691591774
32.92 0.318459870371
32.94 0.309940662084
32.96 0.301340111427
32.98 0.292640168602
33.0 0.283822947432
33.02 0.274870757594
33.04 0.26576613916
33.06 0.256491897281
33.08 0.247031139635
33.1 0.237367315017
33.12 0.227484253751
33.14 0.217366210993
33.16 0.206997911258
33.18 0.196364595865
33.2 0.185452072722
33.22 0.174246768135
33.24 0.162735781508
33.26 0.150906942176
33.28 0.138748868746
33.3 0.126251030646
33.32 0.113403811939
33.34 0.100198577071
33.36 0.0866277386046
33.38 0.0726848263278
33.4 0.0583645578398
33.42 0.0436629101028
33.44 0.0285771916649
33.46 0.0131061147199
33.48 -0.00275013247461
33.5 -0.018989814454
33.52 -0.0356095788497
33.54 -0.0526043879222
33.56 -0.0699674538115
33.58 -0.0876901759432
33.6 -0.105762083431
33.62 -0.124170781705
33.64 -0.142901904916
33.66 -0.161939074836
33.68 -0.181263866929
33.7 -0.200855784447
33.72 -0.2206922416
33.74 -0.240748556417
33.76 -0.260997954042
33.78 -0.281411581717
33.8 -0.301958535275
33.82 -0.322605899053
33.84 -0.343318798536
33.86 -0.364060467341
33.88 -0.384792328068
33.9 -0.405474088424
33.92 -0.426063851356
33.94 -0.446518240806
33.96 -0.466792542097
33.98 -0.486840856637
34.0 -0.506616271537
34.02 -0.526071042237
34.04 -0.545156788741
34.06 -0.563824703666
34.08 -0.582025771361
34.1 -0.599710997143
34.12 -0.616831644572
34.14 -0.633339480113
34.16 -0.649187022546
34.18 -0.664327796055
34.2 -0.678716584493
34.22 -0.692309685324
34.24 -0.705065160323
34.26 -0.716943081761
34.28 -0.727905771131
34.3 -0.737918028506
34.32 -0.746947350539
34.34 -0.754964134445
34.36 -0.761941866573
34.38 -0.767857292975
34.4 -0.772690571094
34.42 -0.776425399939
34.44 -0.779049128112
34.46 -0.780552838598
34.48 -0.78093140854
34.5 -0.780183544456
34.52 -0.778311791642
34.54 -0.775322518164
34.56 -0.771225873341
34.58 -0.766035721283
34.6 -0.7597695501
34.62 -0.752448357892
34.64 -0.744096516594
34.66 -0.734741615024
34.68 -0.724414283179
34.7 -0.713147998928
34.72 -0.700978879642
34.74 -0.687945460451
34.76 -0.674088461508
34.78 -0.659450546115
34.8 -0.644076072518
34.82 -0.628010840888
34.84 -0.611301838269
34.86 -0.593996983347
34.88 -0.576144872916
34.9 -0.557794532596
34.92 -0.538995172878
34.94 -0.519795952569
34.96 -0.50024575143
34.98 -0.480392952599
35.0 -0.460285236892
35.02 -0.4399693893
35.04 -0.419491119037
35.06 -0.398894893346
35.08 -0.378223786101
35.1 -0.357519340996
35.12 -0.336821449975
35.14 -0.31616824653
35.16 -0.295596014161
35.18 -0.275139109187
35.2 -0.254829898499
35.22 -0.234698710363
35.24 -0.214773799334
35.26 -0.195081323505
35.28 -0.175645333412
35.3 -0.156487773079
35.32 -0.137628490315
35.34 -0.119085257712
35.36 -0.10087380173
35.38 -0.0830078396674
35.4 -0.0654991243292
35.42 -0.0483574940391
35.44 -0.0315909287223
35.46 -0.0152056101619
35.48 0.000794013693746
35.5 0.0164051615498
35.52 0.031626648914
35.54 0.0464588168997
35.56 0.0609034595585
35.58 0.0749637507941
35.6 0.0886441712649
35.62 0.101950435623
35.64 0.114889420447
35.66 0.127469093821
35.68 0.139698445716
35.7 0.151587420677
35.72 0.16314685258
35.74 0.174388400801
35.76 0.185324489874
35.78 0.195968250484
35.8 0.206333463567
35.82 0.216434507101
35.84 0.226286304625
35.86 0.235904277256
35.88 0.245304297477
35.9 0.254502645557
35.92 0.263515968274
35.94 0.27236123972
35.96 0.281055724007
35.98 0.289616940142
36.0 0.298062628166
36.02 0.306410717005
36.04 0.314679293468
36.06 0.322886572362
36.08 0.331050867118
36.1 0.339190561311
36.12 0.347324080231
36.14 0.355469862142
36.16 0.363646330058
36.18 0.371871861671
36.2 0.380164759703
36.22 0.388543219793
36.24 0.397025297517
36.26 0.405628873548
36.28 0.414371615783
36.3 0.423270939834
36.32 0.432343965823
36.34 0.441607472296
36.36 0.451077845966
36.38 0.460771028302
36.4 0.470702456578
36.42 0.480887001424
36.44 0.491338898533
36.46 0.502071675595
36.48 0.513098073519
36.5 0.524429962117
36.52 0.536078249637
36.54 0.548052786869
36.56 0.560362264862
36.58 0.573014106779
36.6 0.586014354685
36.62 0.599367549799
36.64 0.613076609105
36.66 0.627142696345
36.68 0.641565089992
36.7 0.656341048577
36.72 0.671465673526
36.74 0.686931772564
36.76 0.70272972361
36.78 0.718847341889
36.8 0.735269751642
36.82 0.751979265304
36.84 0.768955271778
36.86 0.786174137199
36.88 0.803609120561
36.9 0.821230307464
36.92 0.839004565043
36.94 0.856895521374
36.96 0.874863572391
36.98 0.892865920074
37.0 0.91085664429
37.02 0.928786811579
37.04 0.946604623744
37.06 0.964255607298
37.08 0.981682847114
37.1 0.998827263288
37.12 1.01562793322
37.14 1.03202245735
37.16 1.04794736699
37.18 1.06333857265
37.2 1.07813184815
37.22 1.0922633469
37.24 1.10567014415
37.26 1.11829079892
37.28 1.13006592776
37.3 1.14093878242
37.32 1.15085582205
37.34 1.15976727091
37.36 1.16762765175
37.38 1.1743962853
37.4 1.18003774671
37.42 1.18452226996
37.44 1.18782609249
37.46 1.18993173293
37.48 1.19082819645
37.5 1.19051110334
37.52 1.18898273833
37.54 1.18625201946
37.56 1.18233438741
37.58 1.17725161739
37.6 1.17103155791
37.62 1.16370780144
37.64 1.1553192938
37.66 1.14590989034
37.68 1.13552786697
37.7 1.12422539573
37.72 1.11205799412
37.74 1.09908395791
37.76 1.08536378681
37.78 1.07095961196
37.8 1.05593463363
37.82 1.04035257687
37.84 1.02427717185
37.86 1.00777166443
37.88 0.990898362105
37.9 0.973718218857
37.92 0.956290461157
37.94 0.938672257959
37.96 0.920918433714
37.98 0.903081226249
38.0 0.885210087049
38.02 0.867351523192
38.04 0.849548979316
38.06 0.831842756002
38.08 0.814269962991
38.1 0.796864503427
38.12 0.779657086454
38.14 0.762675264535
38.16 0.745943492687
38.18 0.729483206288
38.2 0.713312914474
38.22 0.697448306309
38.24 0.681902367004
38.26 0.666685501987
38.28 0.651805666024
38.3 0.637268496119
38.32 0.623077445773
38.34 0.609233919691
38.36 0.595737406521
38.38 0.582585610352
38.4 0.569774577528
38.42 0.557298820661
38.44 0.545151437194
38.46 0.53332422278
38.48 0.521807780057
38.5 0.510591620679
38.52 0.49966426246
38.54 0.489013320248
38.56 0.478625591535
38.58 0.468487136022
38.6 0.458583350223
38.62 0.448899036746
38.64 0.439418468642
38.66 0.430125449273
38.68 0.421003367725
38.7 0.412035250568
38.72 0.403203809501
38.74 0.394491486234
38.76 0.385880493984
38.78 0.377352856928
38.8 0.368890446505
38.82 0.360475016982
38.84 0.352088238529
38.86 0.343711729158
38.88 0.335327086523
38.9 0.326915917742
38.92 0.31845987037
38.94 0.309940662096
38.96 0.301340111404
38.98 0.292640168625
39.0 0.283822947409
39.02 0.274870757617
39.04 0.265766139137
39.06 0.256491897279
39.08 0.247031139661
39.1 0.237367315004
39.12 0.227484253751
39.14 0.217366210993
39.16 0.206997911246
39.18 0.196364595889
39.2 0.185452072698
39.22 0.174246768158
39.24 0.162735781507
39.26 0.150906942154
39.28 0.138748868767
39.3 0.126251030625
39.32 0.11340381195
39.34 0.100198577071
39.36 0.0866277386046
39.38 0.0726848263361
39.4 0.0583645578236
39.42 0.0436629101188
39.44 0.0285771916491
39.46 0.0131061147191
39.48 -0.0027501324575
39.5 -0.0189898144719
39.52 -0.0356095788311
39.54 -0.0526043879305
39.56 -0.0699674538132
39.58 -0.0876901759423
39.6 -0.105762083438
39.62 -0.124170781691
39.64 -0.142901904931
39.66 -0.161939074822
39.68 -0.18126386692
39.7 -0.200855784472
39.72 -0.220692241579
39.74 -0.240748556434
39.76 -0.260997954037
39.78 -0.281411581716
39.8 -0.301958535275
39.82 -0.322605899043
39.84 -0.343318798555
39.86 -0.364060467322
39.88 -0.384792328087
39.9 -0.40547408842
39.92 -0.426063851343
39.94 -0.446518240821
39.96 -0.466792542078
39.98 -0.486840856646
