0.0 0.0428197924414
0.02 0.0426316165658
0.04 0.0424356662477
0.06 0.0422331748114
0.08 0.04202541271
0.1 0.0418136853934
0.12 0.0415993311371
0.14 0.0413837187753
0.16 0.0411682453599
0.18 0.0409543337186
0.2 0.0407434298915
0.22 0.0405370004463
0.24 0.0403365296374
0.26 0.0401435164016
0.28 0.0399594711643
0.3 0.0397859124358
0.32 0.0396243631737
0.34 0.0394763468949
0.36 0.0393433835004
0.38 0.0392269847979
0.4 0.0391286496992
0.42 0.0390498590546
0.44 0.0389920701166
0.46 0.0389567106015
0.48 0.0389451723231
0.5 0.0389588043962
0.52 0.0389989059755
0.54 0.0390667185301
0.56 0.0391634176482
0.58 0.0392901043585
0.6 0.0394477959933
0.62 0.0396374165886
0.64 0.0398597868646
0.66 0.0401156138003
0.68 0.0404054798713
0.7 0.0407298319902
0.72 0.0410889702389
0.74 0.041483036481
0.76 0.0419120029496
0.78 0.0423756609616
0.8 0.042873609869
0.82 0.0434052464409
0.84 0.0439697548376
0.86 0.0445660973816
0.88 0.0451930063433
0.9 0.0458489769667
0.92 0.0465322619809
0.94 0.0472408678511
0.96 0.0479725530088
0.98 0.0487248283438
1.0 0.0494949601728
1.02 0.0502799759401
1.04 0.0510766728634
1.06 0.0518816296851
1.08 0.0526912217044
1.1 0.053501639167
1.12 0.0543089090688
1.14 0.0551089203449
1.16 0.0558974523628
1.18 0.0566702065595
1.2 0.0574228409651
1.22 0.0581510073025
1.24 0.0588503902443
1.26 0.059516748361
1.28 0.060145956178
1.3 0.0607340467475
1.32 0.0612772540424
1.34 0.0617720544843
1.36 0.0622152068527
1.38 0.0626037898662
1.4 0.0629352367083
1.42 0.0632073658253
1.44 0.0634184073864
1.46 0.0635670248529
1.48 0.0636523312225
1.5 0.0636738996016
1.52 0.0636317678941
1.54 0.063526437506
1.56 0.0633588661103
1.58 0.0631304546279
1.6 0.062843028721
1.62 0.062498815184
1.64 0.062100413744
1.66 0.0616507648443
1.68 0.0611531140557
1.7 0.0606109738207
1.72 0.0600280832294
1.74 0.0594083665714
1.76 0.0587558913571
1.78 0.0580748265093
1.8 0.0573694013293
1.82 0.0566438658585
1.84 0.0559024530969
1.86 0.0551493435549
1.88 0.0543886324727
1.9 0.0536242999793
1.92 0.0528601844148
1.94 0.0520999589079
1.96 0.0513471112792
1.98 0.0506049272446
2.0 0.0498764768703
2.02 0.0491646041257
2.04 0.0484719194094
2.06 0.0478007948406
2.08 0.047153362094
2.1 0.046531512564
2.12 0.0459368995965
2.14 0.0453709425608
2.16 0.0448348324991
2.18 0.0443295391289
2.2 0.0438558189721
2.22 0.0434142243787
2.24 0.0430051132636
2.26 0.04262865937
2.28 0.042284862877
2.3 0.0419735612289
2.32 0.0416944400337
2.34 0.0414470439282
2.36 0.0412307873163
2.38 0.0410449648851
2.4 0.0408887618539
2.42 0.0407612638801
2.44 0.0406614666032
2.46 0.0405882847783
2.48 0.0405405609973
2.5 0.0405170739682
2.52 0.040516546364
2.54 0.0405376522359
2.56 0.0405790239941
2.58 0.0406392589833
2.6 0.0407169256483
2.62 0.0408105693223
2.64 0.0409187176559
2.66 0.0410398856984
2.68 0.041172580669
2.7 0.0413153064272
2.72 0.0414665676756
2.74 0.0416248739097
2.76 0.0417887431439
2.78 0.0419567054316
2.8 0.0421273061982
2.82 0.0422991094139
2.84 0.0424707006126
2.86 0.0426406897897
2.88 0.0428077141778
2.9 0.0429704409248
2.92 0.04312756969
2.94 0.0432778351535
2.96 0.0434200094677
2.98 0.0435529046485
3.0 0.04367537491
3.02 0.0437863189607
3.04 0.0438846822439
3.06 0.0439694591551
3.08 0.0440396951987
3.1 0.0440944891171
3.12 0.0441329949713
3.14 0.0441544241767
3.16 0.0441580474782
3.18 0.044143196884
3.2 0.0441092675123
3.22 0.0440557193827
3.24 0.0439820791112
3.26 0.0438879415175
3.28 0.0437729711229
3.3 0.0436369035302
3.32 0.0434795466735
3.34 0.0433007819231
3.36 0.0431005650265
3.38 0.0428789268839
3.4 0.0426359741261
3.42 0.0423718894966
3.44 0.0420869320161
3.46 0.0417814369085
3.48 0.0414558152878
3.5 0.0411105535956
3.52 0.0407462127439
3.54 0.040363427015
3.56 0.0399629026351
3.58 0.0395454160823
3.6 0.0391118120759
3.62 0.0386630012669
3.64 0.038199957621
3.66 0.0377237155026
3.68 0.0372353664486
3.7 0.0367360556641
3.72 0.0362269782171
3.74 0.0357093749767
3.76 0.0351845282979
3.78 0.0346537574515
3.8 0.0341184138708
3.82 0.0335798761763
3.84 0.0330395450716
3.86 0.0324988380788
3.88 0.0319591841913
3.9 0.0314220184587
3.92 0.030888776537
3.94 0.0303608892421
3.96 0.0298397771584
3.98 0.029326845312
4.0 0.0288234779713
4.02 0.0283310335939
4.04 0.0278508399472
4.06 0.0273841894801
4.08 0.026932334886
4.1 0.026496484985
4.12 0.0260778008658
4.14 0.0256773923451
4.16 0.0252963147513
4.18 0.0249355660308
4.2 0.0245960841871
4.22 0.0242787450515
4.24 0.0239843603801
4.26 0.0237136762594
4.28 0.0234673718159
4.3 0.0232460582021
4.32 0.0230502778448
4.34 0.0228805039393
4.36 0.0227371401291
4.38 0.0226205204085
4.4 0.0225309091536
4.42 0.0224685013117
4.44 0.022433422682
4.46 0.0224257303128
4.48 0.0224454129511
4.5 0.0224923915541
4.52 0.022566519866
4.54 0.022667585008
4.56 0.0227953081247
4.58 0.022949345073
4.6 0.0231292871352
4.62 0.0233346618121
4.64 0.0235649336613
4.66 0.0238195052417
4.68 0.0240977181248
4.7 0.0243988540625
4.72 0.0247221362666
4.74 0.0250667308574
4.76 0.025431748488
4.78 0.0258162461725
4.8 0.0262192293061
4.82 0.026639653928
4.84 0.0270764292121
4.86 0.0275284201892
4.88 0.0279944507277
4.9 0.0284733067398
4.92 0.0289637396321
4.94 0.0294644699823
4.96 0.0299741914212
4.98 0.0304915747223
5.0 0.0310152720509
5.02 0.0315439213855
5.04 0.0320761510447
5.06 0.0326105843347
5.08 0.0331458442461
5.1 0.033680558212
5.12 0.034213362859
5.14 0.0347429087446
5.16 0.0352678650531
5.18 0.0357869241931
5.2 0.0362988063004
5.22 0.0368022636116
5.24 0.0372960846682
5.26 0.0377790983453
5.28 0.0382501776863
5.3 0.0387082435177
5.32 0.0391522678238
5.34 0.0395812768953
5.36 0.039994354209
5.38 0.0403906430568
5.4 0.0407693489023
5.42 0.041129741485
5.44 0.0414711566403
5.46 0.0417929978682
5.48 0.0420947376369
5.5 0.0423759184356
5.52 0.0426361535766
5.54 0.0428751277645
5.56 0.0430925974321
5.58 0.0432883908681
5.6 0.0434624081272
5.62 0.043614620766
5.64 0.0437450713757
5.66 0.0438538729678
5.68 0.0439412081986
5.7 0.0440073284449
5.72 0.0440525527651
5.74 0.0440772667339
5.76 0.0440819211743
5.78 0.0440670308016
5.8 0.044033172774
5.82 0.0439809851858
5.84 0.0439111654772
5.86 0.0438244688055
5.88 0.0437217063547
5.9 0.0436037436088
5.92 0.0434714985779
5.94 0.0433259400031
5.96 0.0431680855067
5.98 0.0429989997337
6.0 0.0428197924416
6.02 0.0426316165659
6.04 0.0424356662472
6.06 0.042233174812
6.08 0.0420254127097
6.1 0.0418136853935
6.12 0.0415993311371
6.14 0.0413837187753
6.16 0.0411682453601
6.18 0.0409543337186
6.2 0.0407434298916
6.22 0.0405370004462
6.24 0.0403365296374
6.26 0.0401435164016
6.28 0.0399594711647
6.3 0.0397859124353
6.32 0.0396243631739
6.34 0.0394763468949
6.36 0.0393433835003
6.38 0.0392269847981
6.4 0.0391286496991
6.42 0.0390498590543
6.44 0.0389920701168
6.46 0.0389567106014
6.48 0.0389451723233
6.5 0.0389588043959
6.52 0.0389989059757
6.54 0.0390667185301
6.56 0.0391634176483
6.58 0.0392901043586
6.6 0.039447795993
6.62 0.0396374165887
6.64 0.0398597868644
6.66 0.0401156138008
6.68 0.040405479871
6.7 0.0407298319901
6.72 0.0410889702389
6.74 0.0414830364809
6.76 0.0419120029498
6.78 0.0423756609616
6.8 0.0428736098685
6.82 0.0434052464413
6.84 0.0439697548377
6.86 0.0445660973814
6.88 0.0451930063435
6.9 0.0458489769665
6.92 0.0465322619815
6.94 0.0472408678505
6.96 0.0479725530091
6.98 0.0487248283435
7.0 0.049494960173
7.02 0.0502799759401
7.04 0.0510766728634
7.06 0.0518816296851
7.08 0.0526912217041
7.1 0.0535016391675
7.12 0.0543089090685
7.14 0.0551089203449
7.16 0.0558974523628
7.18 0.0566702065593
7.2 0.0574228409654
7.22 0.0581510073024
7.24 0.0588503902443
7.26 0.059516748361
7.28 0.0601459561782
7.3 0.0607340467471
7.32 0.0612772540426
7.34 0.0617720544843
7.36 0.0622152068527
7.38 0.0626037898662
7.4 0.0629352367083
7.42 0.0632073658253
7.44 0.0634184073864
7.46 0.0635670248529
7.48 0.0636523312225
7.5 0.0636738996016
7.52 0.0636317678941
7.54 0.063526437506
7.56 0.0633588661103
7.58 0.0631304546279
7.6 0.0628430287209
7.62 0.0624988151842
7.64 0.0621004137439
7.66 0.0616507648444
7.68 0.0611531140555
7.7 0.060610973821
7.72 0.0600280832293
7.74 0.0594083665711
7.76 0.0587558913578
7.78 0.0580748265087
7.8 0.0573694013297
7.82 0.0566438658581
7.84 0.0559024530967
7.86 0.0551493435554
7.88 0.0543886324727
7.9 0.0536242999785
7.92 0.0528601844155
7.94 0.0520999589077
7.96 0.051347111279
7.98 0.0506049272447
8.0 0.0498764768705
8.02 0.0491646041251
8.04 0.04847191941
8.06 0.0478007948406
8.08 0.0471533620941
8.1 0.0465315125635
8.12 0.0459368995967
8.14 0.045370942561
8.16 0.0448348324989
8.18 0.044329539129
8.2 0.0438558189723
8.22 0.0434142243782
8.24 0.0430051132638
8.26 0.0426286593701
8.28 0.0422848628767
8.3 0.0419735612294
8.32 0.0416944400335
8.34 0.0414470439282
8.36 0.0412307873163
8.38 0.0410449648851
8.4 0.0408887618539
8.42 0.0407612638802
8.44 0.0406614666031
8.46 0.0405882847783
8.48 0.0405405609973
8.5 0.0405170739679
8.52 0.0405165463645
8.54 0.0405376522357
8.56 0.040579023994
8.58 0.0406392589834
8.6 0.0407169256486
8.62 0.0408105693221
8.64 0.0409187176558
8.66 0.0410398856986
8.68 0.0411725806689
8.7 0.0413153064275
8.72 0.0414665676752
8.74 0.0416248739099
8.76 0.0417887431441
8.78 0.0419567054315
8.8 0.0421273061985
8.82 0.0422991094133
8.84 0.042470700613
8.86 0.0426406897897
8.88 0.0428077141778
8.9 0.0429704409247
8.92 0.0431275696902
8.94 0.0432778351533
8.96 0.0434200094679
8.98 0.0435529046484
9.0 0.0436753749101
9.02 0.0437863189604
9.04 0.0438846822439
9.06 0.0439694591559
9.08 0.044039695198
9.1 0.0440944891171
9.12 0.0441329949717
9.14 0.0441544241764
9.16 0.0441580474781
9.18 0.0441431968843
9.2 0.0441092675121
9.22 0.0440557193827
9.24 0.0439820791114
9.26 0.0438879415174
9.28 0.0437729711229
9.3 0.0436369035298
9.32 0.0434795466742
9.34 0.0433007819227
9.36 0.0431005650265
9.38 0.0428789268842
9.4 0.0426359741256
9.42 0.042371889497
9.44 0.0420869320162
9.46 0.0417814369079
9.48 0.0414558152884
9.5 0.0411105535955
9.52 0.0407462127441
9.54 0.0403634270148
9.56 0.039962902635
9.58 0.0395454160823
9.6 0.0391118120762
9.62 0.0386630012664
9.64 0.0381999576215
9.66 0.0377237155022
9.68 0.0372353664491
9.7 0.0367360556643
9.72 0.0362269782166
9.74 0.0357093749766
9.76 0.0351845282982
9.78 0.0346537574517
9.8 0.0341184138706
9.82 0.0335798761758
9.84 0.033039545073
9.86 0.0324988380775
9.88 0.0319591841916
9.9 0.0314220184592
9.92 0.0308887765363
9.94 0.0303608892426
9.96 0.0298397771581
9.98 0.0293268453125
10.0 0.0288234779714
10.02 0.0283310335931
10.04 0.0278508399475
10.06 0.02738418948
10.08 0.0269323348861
10.1 0.0264964849851
10.12 0.0260778008657
10.14 0.0256773923447
10.16 0.025296314752
10.18 0.0249355660309
10.2 0.0245960841862
10.22 0.0242787450519
10.24 0.0239843603801
10.26 0.0237136762593
10.28 0.0234673718161
10.3 0.0232460582012
10.32 0.0230502778464
10.34 0.0228805039385
10.36 0.0227371401287
10.38 0.0226205204085
10.4 0.0225309091546
10.42 0.0224685013111
10.44 0.022433422682
10.46 0.0224257303128
10.48 0.0224454129511
10.5 0.0224923915541
10.52 0.0225665198662
10.54 0.0226675850076
10.56 0.022795308125
10.58 0.022949345073
10.6 0.0231292871352
10.62 0.0233346618121
10.64 0.0235649336612
10.66 0.0238195052418
10.68 0.0240977181243
10.7 0.0243988540636
10.72 0.0247221362662
10.74 0.0250667308568
10.76 0.0254317484889
10.78 0.025816246172
10.8 0.0262192293066
10.82 0.0266396539271
10.84 0.0270764292124
10.86 0.0275284201894
10.88 0.0279944507278
10.9 0.0284733067393
10.92 0.0289637396326
10.94 0.0294644699818
10.96 0.0299741914216
10.98 0.0304915747218
11.0 0.0310152720509
11.02 0.0315439213855
11.04 0.0320761510455
11.06 0.0326105843336
11.08 0.0331458442469
11.1 0.0336805582122
11.12 0.0342133628583
11.14 0.0347429087445
11.16 0.0352678650542
11.18 0.035786924192
11.2 0.0362988063004
11.22 0.0368022636123
11.24 0.0372960846681
11.26 0.0377790983452
11.28 0.0382501776864
11.3 0.0387082435173
11.32 0.0391522678238
11.34 0.0395812768952
11.36 0.0399943542096
11.38 0.0403906430559
11.4 0.040769348903
11.42 0.0411297414847
11.44 0.0414711566402
11.46 0.0417929978682
11.48 0.0420947376367
11.5 0.0423759184358
11.52 0.0426361535767
11.54 0.0428751277643
11.56 0.0430925974325
11.58 0.0432883908676
11.6 0.0434624081276
11.62 0.0436146207658
11.64 0.0437450713756
11.66 0.043853872968
11.68 0.0439412081983
11.7 0.0440073284451
11.72 0.044052552765
11.74 0.0440772667341
11.76 0.0440819211742
11.78 0.0440670308013
11.8 0.0440331727743
11.82 0.0439809851856
11.84 0.0439111654772
11.86 0.0438244688052
11.88 0.0437217063553
11.9 0.0436037436084
11.92 0.0434714985783
11.94 0.043325940003
11.96 0.043168085507
11.98 0.0429989997332
12.0 0.0428197924414
12.02 0.0426316165664
12.04 0.0424356662472
12.06 0.0422331748117
12.08 0.0420254127097
12.1 0.0418136853937
12.12 0.0415993311369
12.14 0.0413837187754
12.16 0.0411682453597
12.18 0.0409543337191
12.2 0.0407434298912
12.22 0.0405370004463
12.24 0.0403365296373
12.26 0.0401435164019
12.28 0.0399594711641
12.3 0.0397859124357
12.32 0.0396243631738
12.34 0.0394763468948
12.36 0.0393433835004
12.38 0.0392269847978
12.4 0.0391286496995
12.42 0.0390498590541
12.44 0.038992070117
12.46 0.0389567106011
12.48 0.0389451723234
12.5 0.0389588043961
12.52 0.0389989059755
12.54 0.0390667185301
12.56 0.0391634176481
12.58 0.0392901043587
12.6 0.0394477959932
12.62 0.0396374165886
12.64 0.0398597868645
12.66 0.0401156138005
12.68 0.0404054798711
12.7 0.0407298319901
12.72 0.0410889702391
12.74 0.0414830364808
12.76 0.0419120029498
12.78 0.0423756609612
12.8 0.0428736098693
12.82 0.0434052464408
12.84 0.0439697548376
12.86 0.0445660973815
12.88 0.0451930063437
12.9 0.0458489769659
12.92 0.0465322619816
12.94 0.0472408678507
12.96 0.0479725530091
12.98 0.0487248283437
13.0 0.0494949601724
13.02 0.0502799759402
13.04 0.0510766728637
13.06 0.051881629685
13.08 0.0526912217042
13.1 0.0535016391669
13.12 0.0543089090693
13.14 0.0551089203446
13.16 0.0558974523627
13.18 0.0566702065595
13.2 0.0574228409654
13.22 0.0581510073022
13.24 0.0588503902441
13.26 0.0595167483613
13.28 0.0601459561782
13.3 0.0607340467471
13.32 0.0612772540425
13.34 0.0617720544845
13.36 0.0622152068525
13.38 0.0626037898665
13.4 0.0629352367082
13.42 0.0632073658253
13.44 0.0634184073864
13.46 0.0635670248529
13.48 0.0636523312225
13.5 0.0636738996016
13.52 0.0636317678941
13.54 0.063526437506
13.56 0.0633588661103
13.58 0.0631304546279
13.6 0.0628430287209
13.62 0.0624988151842
13.64 0.0621004137439
13.66 0.0616507648443
13.68 0.0611531140557
13.7 0.0606109738207
13.72 0.0600280832294
13.74 0.0594083665711
13.76 0.0587558913578
13.78 0.0580748265087
13.8 0.0573694013296
13.82 0.0566438658582
13.84 0.0559024530967
13.86 0.0551493435554
13.88 0.0543886324725
13.9 0.0536242999791
13.92 0.0528601844149
13.94 0.052099958908
13.96 0.0513471112785
13.98 0.0506049272455
14.0 0.0498764768698
14.02 0.0491646041254
14.04 0.04847191941
14.06 0.0478007948406
14.08 0.0471533620938
14.1 0.0465315125637
14.12 0.045936899597
14.14 0.0453709425607
14.16 0.0448348324988
14.18 0.0443295391293
14.2 0.0438558189722
14.22 0.0434142243782
14.24 0.0430051132637
14.26 0.0426286593703
14.28 0.0422848628766
14.3 0.0419735612294
14.32 0.0416944400332
14.34 0.0414470439288
14.36 0.0412307873157
14.38 0.0410449648852
14.4 0.0408887618541
14.42 0.0407612638803
14.44 0.0406614666027
14.46 0.0405882847785
14.48 0.0405405609973
14.5 0.0405170739679
14.52 0.0405165463644
14.54 0.0405376522358
14.56 0.040579023994
14.58 0.0406392589833
14.6 0.0407169256485
14.62 0.0408105693224
14.64 0.0409187176556
14.66 0.0410398856985
14.68 0.0411725806691
14.7 0.0413153064272
14.72 0.0414665676754
14.74 0.0416248739098
14.76 0.0417887431443
14.78 0.0419567054313
14.8 0.0421273061981
14.82 0.0422991094141
14.84 0.0424707006126
14.86 0.0426406897896
14.88 0.0428077141777
14.9 0.0429704409248
14.92 0.0431275696903
14.94 0.043277835153
14.96 0.0434200094679
14.98 0.0435529046487
15.0 0.04367537491
15.02 0.0437863189603
15.04 0.0438846822442
15.06 0.0439694591552
15.08 0.0440396951987
15.1 0.0440944891167
15.12 0.0441329949719
15.14 0.0441544241762
15.16 0.0441580474783
15.18 0.0441431968843
15.2 0.0441092675121
15.22 0.0440557193828
15.24 0.0439820791111
15.26 0.0438879415177
15.28 0.0437729711228
15.3 0.0436369035298
15.32 0.043479546674
15.34 0.0433007819228
15.36 0.0431005650267
15.38 0.0428789268839
15.4 0.0426359741258
15.42 0.0423718894971
15.44 0.0420869320159
15.46 0.0417814369083
15.48 0.0414558152881
15.5 0.0411105535954
15.52 0.0407462127442
15.54 0.0403634270146
15.56 0.0399629026352
15.58 0.0395454160821
15.6 0.0391118120766
15.62 0.0386630012661
15.64 0.0381999576216
15.66 0.0377237155022
15.68 0.0372353664488
15.7 0.0367360556644
15.72 0.0362269782164
15.74 0.035709374977
15.76 0.0351845282985
15.78 0.0346537574509
15.8 0.0341184138705
15.82 0.0335798761768
15.84 0.0330395450725
15.86 0.0324988380776
15.88 0.0319591841911
15.9 0.0314220184602
15.92 0.0308887765353
15.94 0.0303608892428
15.96 0.0298397771582
15.98 0.0293268453123
16.0 0.0288234779715
16.02 0.0283310335937
16.04 0.0278508399472
16.06 0.0273841894803
16.08 0.0269323348855
16.1 0.0264964849855
16.12 0.0260778008652
16.14 0.025677392346
16.16 0.0252963147508
16.18 0.0249355660308
16.2 0.0245960841871
16.22 0.0242787450515
16.24 0.0239843603794
16.26 0.0237136762607
16.28 0.0234673718151
16.3 0.023246058202
16.32 0.0230502778454
16.34 0.022880503939
16.36 0.0227371401291
16.38 0.0226205204085
16.4 0.0225309091538
16.42 0.0224685013113
16.44 0.0224334226822
16.46 0.0224257303128
16.48 0.0224454129511
16.5 0.0224923915541
16.52 0.022566519866
16.54 0.022667585008
16.56 0.0227953081244
16.58 0.0229493450737
16.6 0.0231292871349
16.62 0.0233346618113
16.64 0.0235649336629
16.66 0.0238195052409
16.68 0.0240977181248
16.7 0.0243988540625
16.72 0.0247221362666
16.74 0.0250667308571
16.76 0.0254317484885
16.78 0.0258162461723
16.8 0.0262192293061
16.82 0.0266396539275
16.84 0.0270764292125
16.86 0.0275284201896
16.88 0.0279944507277
16.9 0.0284733067391
16.92 0.0289637396321
16.94 0.0294644699825
16.96 0.0299741914212
16.98 0.0304915747225
17.0 0.0310152720502
17.02 0.031543921386
17.04 0.0320761510449
17.06 0.0326105843342
17.08 0.0331458442466
17.1 0.033680558212
17.12 0.0342133628585
17.14 0.0347429087445
17.16 0.035267865054
17.18 0.0357869241922
17.2 0.0362988063003
17.22 0.0368022636124
17.24 0.0372960846678
17.26 0.0377790983451
17.28 0.0382501776863
17.3 0.0387082435178
17.32 0.0391522678239
17.34 0.039581276895
17.36 0.0399943542094
17.38 0.0403906430564
17.4 0.0407693489022
17.42 0.0411297414856
17.44 0.0414711566397
17.46 0.0417929978684
17.48 0.042094737637
17.5 0.0423759184353
17.52 0.0426361535771
17.54 0.0428751277643
17.56 0.0430925974322
17.58 0.0432883908676
17.6 0.0434624081277
17.62 0.043614620766
17.64 0.0437450713755
17.66 0.0438538729679
17.68 0.0439412081986
17.7 0.044007328445
17.72 0.0440525527648
17.74 0.0440772667342
17.76 0.044081921174
17.78 0.0440670308017
17.8 0.0440331727737
17.82 0.043980985186
17.84 0.0439111654777
17.86 0.0438244688048
17.88 0.0437217063549
17.9 0.0436037436089
17.92 0.0434714985779
17.94 0.0433259400029
17.96 0.0431680855072
17.98 0.0429989997329
18.0 0.0428197924422
18.02 0.0426316165656
18.04 0.0424356662473
18.06 0.0422331748122
18.08 0.0420254127093
18.1 0.0418136853936
18.12 0.0415993311373
18.14 0.0413837187749
18.16 0.04116824536
18.18 0.040954333719
18.2 0.0407434298913
18.22 0.0405370004464
18.24 0.0403365296373
18.26 0.0401435164018
18.28 0.0399594711642
18.3 0.0397859124355
18.32 0.0396243631739
18.34 0.0394763468951
18.36 0.0393433835001
18.38 0.039226984798
18.4 0.0391286496994
18.42 0.0390498590543
18.44 0.0389920701164
18.46 0.0389567106017
18.48 0.0389451723233
18.5 0.038958804396
18.52 0.038998905975
18.54 0.0390667185308
18.56 0.0391634176479
18.58 0.0392901043587
18.6 0.0394477959931
18.62 0.0396374165888
18.64 0.0398597868646
18.66 0.0401156138
18.68 0.0404054798715
18.7 0.0407298319902
18.72 0.0410889702391
18.74 0.0414830364799
18.76 0.0419120029507
18.78 0.0423756609611
18.8 0.0428736098691
18.82 0.043405246441
18.84 0.0439697548376
18.86 0.0445660973816
18.88 0.0451930063431
18.9 0.0458489769667
18.92 0.0465322619815
18.94 0.0472408678505
18.96 0.0479725530086
18.98 0.0487248283444
19.0 0.0494949601726
19.02 0.05027997594
19.04 0.0510766728637
19.06 0.051881629685
19.08 0.0526912217042
19.1 0.0535016391672
19.12 0.0543089090689
19.14 0.0551089203449
19.16 0.0558974523622
19.18 0.0566702065596
19.2 0.0574228409658
19.22 0.0581510073022
19.24 0.0588503902442
19.26 0.0595167483611
19.28 0.0601459561782
19.3 0.0607340467471
19.32 0.0612772540426
19.34 0.0617720544843
19.36 0.0622152068526
19.38 0.0626037898664
19.4 0.0629352367083
19.42 0.0632073658253
19.44 0.0634184073864
19.46 0.0635670248529
19.48 0.0636523312225
19.5 0.0636738996016
19.52 0.0636317678941
19.54 0.063526437506
19.56 0.0633588661102
19.58 0.0631304546281
19.6 0.062843028721
19.62 0.062498815184
19.64 0.0621004137439
19.66 0.0616507648443
19.68 0.0611531140557
19.7 0.0606109738207
19.72 0.0600280832294
19.74 0.0594083665711
19.76 0.0587558913576
19.78 0.0580748265089
19.8 0.0573694013293
19.82 0.056643865859
19.84 0.055902453096
19.86 0.0551493435554
19.88 0.0543886324726
19.9 0.0536242999791
19.92 0.0528601844149
19.94 0.052099958908
19.96 0.0513471112786
19.98 0.0506049272451
20.0 0.0498764768704
20.02 0.0491646041254
20.04 0.04847191941
20.06 0.0478007948401
20.08 0.047153362094
20.1 0.0465315125639
20.12 0.0459368995968
20.14 0.0453709425606
20.16 0.0448348324989
20.18 0.044329539129
20.2 0.0438558189726
20.22 0.0434142243781
20.24 0.0430051132636
20.26 0.0426286593704
20.28 0.0422848628768
20.3 0.0419735612291
20.32 0.0416944400334
20.34 0.0414470439286
20.36 0.0412307873159
20.38 0.0410449648851
20.4 0.0408887618542
20.42 0.04076126388
20.44 0.0406614666034
20.46 0.0405882847778
20.48 0.0405405609975
20.5 0.0405170739685
20.52 0.0405165463638
20.54 0.0405376522356
20.56 0.0405790239943
20.58 0.0406392589838
20.6 0.040716925648
20.62 0.0408105693224
20.64 0.0409187176561
20.66 0.0410398856981
20.68 0.041172580669
20.7 0.0413153064276
20.72 0.0414665676753
20.74 0.0416248739094
20.76 0.0417887431441
20.78 0.041956705432
20.8 0.0421273061979
20.82 0.0422991094138
20.84 0.0424707006128
20.86 0.0426406897896
20.88 0.0428077141777
20.9 0.0429704409248
20.92 0.0431275696902
20.94 0.0432778351534
20.96 0.0434200094677
20.98 0.0435529046487
21.0 0.0436753749101
21.02 0.0437863189602
21.04 0.043884682244
21.06 0.0439694591556
21.08 0.0440396951983
21.1 0.0440944891173
21.12 0.0441329949714
21.14 0.0441544241764
21.16 0.0441580474783
21.18 0.0441431968842
21.2 0.0441092675125
21.22 0.0440557193823
21.24 0.0439820791113
21.26 0.0438879415178
21.28 0.0437729711229
21.3 0.0436369035297
21.32 0.0434795466739
21.34 0.0433007819233
21.36 0.0431005650262
21.38 0.042878926884
21.4 0.0426359741258
21.42 0.042371889497
21.44 0.0420869320162
21.46 0.0417814369082
21.48 0.0414558152881
21.5 0.0411105535953
21.52 0.0407462127444
21.54 0.0403634270146
21.56 0.0399629026349
21.58 0.0395454160822
21.6 0.0391118120767
21.62 0.0386630012661
21.64 0.0381999576216
21.66 0.0377237155022
21.68 0.0372353664486
21.7 0.0367360556648
21.72 0.0362269782159
21.74 0.0357093749774
21.76 0.0351845282975
21.78 0.0346537574525
21.8 0.0341184138696
21.82 0.0335798761774
21.84 0.0330395450715
21.86 0.0324988380783
21.88 0.0319591841909
21.9 0.0314220184599
21.92 0.030888776536
21.94 0.0303608892425
21.96 0.029839777158
21.98 0.0293268453124
22.0 0.0288234779718
22.02 0.0283310335934
22.04 0.0278508399472
22.06 0.0273841894803
22.08 0.0269323348855
22.1 0.0264964849855
22.12 0.0260778008648
22.14 0.0256773923465
22.16 0.0252963147513
22.18 0.02493556603
22.2 0.0245960841873
22.22 0.0242787450513
22.24 0.0239843603799
22.26 0.0237136762605
22.28 0.0234673718151
22.3 0.023246058202
22.32 0.0230502778454
22.34 0.022880503939
22.36 0.0227371401291
22.38 0.0226205204085
22.4 0.0225309091536
22.42 0.0224685013117
22.44 0.022433422682
22.46 0.0224257303128
22.48 0.0224454129511
22.5 0.0224923915541
22.52 0.022566519866
22.54 0.022667585008
22.56 0.0227953081244
22.58 0.0229493450737
22.6 0.0231292871349
22.62 0.0233346618113
22.64 0.0235649336629
22.66 0.0238195052405
22.68 0.0240977181257
22.7 0.0243988540621
22.72 0.0247221362666
22.74 0.0250667308571
22.76 0.0254317484887
22.78 0.0258162461722
22.8 0.0262192293057
22.82 0.0266396539279
22.84 0.0270764292128
22.86 0.0275284201888
22.88 0.0279944507284
22.9 0.0284733067388
22.92 0.0289637396321
22.94 0.0294644699825
22.96 0.0299741914215
22.98 0.030491574722
23.0 0.0310152720506
23.02 0.0315439213858
23.04 0.0320761510452
23.06 0.0326105843339
23.08 0.0331458442465
23.1 0.0336805582123
23.12 0.0342133628584
23.14 0.0347429087446
23.16 0.035267865054
23.18 0.0357869241922
23.2 0.0362988063006
23.22 0.0368022636114
23.24 0.0372960846688
23.26 0.0377790983448
23.28 0.0382501776863
23.3 0.0387082435175
23.32 0.0391522678245
23.34 0.039581276895
23.36 0.0399943542091
23.38 0.0403906430559
23.4 0.0407693489028
23.42 0.0411297414854
23.44 0.0414711566398
23.46 0.0417929978682
23.48 0.0420947376374
23.5 0.0423759184348
23.52 0.0426361535772
23.54 0.0428751277643
23.56 0.0430925974321
23.58 0.0432883908681
23.6 0.0434624081272
23.62 0.0436146207663
23.64 0.0437450713751
23.66 0.0438538729681
23.68 0.043941208199
23.7 0.0440073284443
23.72 0.0440525527654
23.74 0.0440772667338
23.76 0.0440819211743
23.78 0.0440670308016
23.8 0.0440331727737
23.82 0.043980985186
23.84 0.0439111654777
23.86 0.0438244688048
23.88 0.043721706355
23.9 0.0436037436085
23.92 0.0434714985786
23.94 0.0433259400027
23.96 0.0431680855069
23.98 0.0429989997333
24.0 0.0428197924416
24.02 0.0426316165658
24.04 0.0424356662477
24.06 0.0422331748112
24.08 0.0420254127101
24.1 0.0418136853936
24.12 0.041599331137
24.14 0.041383718775
24.16 0.0411682453603
24.18 0.0409543337185
24.2 0.0407434298914
24.22 0.0405370004465
24.24 0.0403365296371
24.26 0.040143516402
24.28 0.0399594711642
24.3 0.0397859124356
24.32 0.0396243631739
24.34 0.0394763468948
24.36 0.0393433835004
24.38 0.0392269847982
24.4 0.0391286496989
24.42 0.0390498590545
24.44 0.0389920701171
24.46 0.0389567106012
24.48 0.0389451723232
24.5 0.038958804396
24.52 0.0389989059753
24.54 0.0390667185306
24.56 0.0391634176479
24.58 0.0392901043589
24.6 0.0394477959927
24.62 0.0396374165894
24.64 0.0398597868637
24.66 0.0401156138008
24.68 0.0404054798714
24.7 0.04072983199
24.72 0.041088970239
24.74 0.041483036481
24.76 0.0419120029496
24.78 0.0423756609616
24.8 0.0428736098687
24.82 0.0434052464414
24.84 0.0439697548371
24.86 0.0445660973817
24.88 0.0451930063435
24.9 0.0458489769665
24.92 0.0465322619815
24.94 0.0472408678504
24.96 0.0479725530089
24.98 0.0487248283443
25.0 0.0494949601723
25.02 0.0502799759403
25.04 0.0510766728633
25.06 0.0518816296852
25.08 0.0526912217044
25.1 0.053501639167
25.12 0.0543089090689
25.14 0.0551089203446
25.16 0.0558974523624
25.18 0.05667020656
25.2 0.0574228409651
25.22 0.0581510073024
25.24 0.0588503902442
25.26 0.0595167483613
25.28 0.0601459561779
25.3 0.0607340467472
25.32 0.0612772540426
25.34 0.0617720544843
25.36 0.0622152068526
25.38 0.0626037898665
25.4 0.0629352367082
25.42 0.0632073658253
25.44 0.0634184073864
25.46 0.0635670248529
25.48 0.0636523312225
25.5 0.0636738996016
25.52 0.0636317678941
25.54 0.063526437506
25.56 0.0633588661102
25.58 0.0631304546281
25.6 0.0628430287209
25.62 0.062498815184
25.64 0.0621004137439
25.66 0.0616507648443
25.68 0.0611531140557
25.7 0.0606109738205
25.72 0.0600280832299
25.74 0.0594083665712
25.76 0.0587558913571
25.78 0.0580748265091
25.8 0.0573694013294
25.82 0.0566438658587
25.84 0.0559024530966
25.86 0.0551493435551
25.88 0.0543886324726
25.9 0.0536242999788
25.92 0.0528601844154
25.94 0.0520999589079
25.96 0.0513471112782
25.98 0.0506049272456
26.0 0.0498764768701
26.02 0.0491646041257
26.04 0.048471919409
26.06 0.0478007948411
26.08 0.0471533620943
26.1 0.0465315125631
26.12 0.045936899597
26.14 0.0453709425606
26.16 0.044834832499
26.18 0.0443295391294
26.2 0.0438558189715
26.22 0.0434142243791
26.24 0.0430051132639
26.26 0.042628659369
26.28 0.0422848628779
26.3 0.0419735612288
26.32 0.0416944400334
26.34 0.0414470439282
26.36 0.0412307873161
26.38 0.0410449648858
26.4 0.0408887618534
26.42 0.0407612638801
26.44 0.0406614666031
26.46 0.0405882847787
26.48 0.0405405609968
26.5 0.0405170739687
26.52 0.040516546364
26.54 0.0405376522352
26.56 0.0405790239949
26.58 0.0406392589828
26.6 0.0407169256486
26.62 0.0408105693224
26.64 0.0409187176558
26.66 0.0410398856985
26.68 0.041172580669
26.7 0.041315306427
26.72 0.0414665676759
26.74 0.0416248739096
26.76 0.0417887431437
26.78 0.0419567054317
26.8 0.0421273061988
26.82 0.0422991094135
26.84 0.0424707006124
26.86 0.04264068979
26.88 0.0428077141776
26.9 0.0429704409249
26.92 0.04312756969
26.94 0.0432778351535
26.96 0.0434200094676
26.98 0.0435529046487
27.0 0.0436753749101
27.02 0.0437863189601
27.04 0.0438846822443
27.06 0.0439694591553
27.08 0.0440396951985
27.1 0.044094489117
27.12 0.0441329949716
27.14 0.0441544241761
27.16 0.0441580474789
27.18 0.0441431968837
27.2 0.0441092675126
27.22 0.0440557193821
27.24 0.043982079112
27.26 0.0438879415171
27.28 0.043772971123
27.3 0.0436369035298
27.32 0.043479546674
27.34 0.0433007819228
27.36 0.043100565027
27.38 0.0428789268832
27.4 0.0426359741263
27.42 0.0423718894967
27.44 0.0420869320162
27.46 0.0417814369085
27.48 0.0414558152881
27.5 0.0411105535947
27.52 0.0407462127451
27.54 0.0403634270142
27.56 0.0399629026352
27.58 0.0395454160826
27.6 0.0391118120758
27.62 0.0386630012667
27.64 0.0381999576213
27.66 0.0377237155022
27.68 0.0372353664495
27.7 0.0367360556632
27.72 0.0362269782171
27.74 0.0357093749772
27.76 0.0351845282979
27.78 0.0346537574513
27.8 0.034118413871
27.82 0.0335798761759
27.84 0.0330395450721
27.86 0.0324988380784
27.88 0.0319591841912
27.9 0.031422018459
27.92 0.030888776537
27.94 0.0303608892418
27.96 0.0298397771589
27.98 0.0293268453116
28.0 0.028823477972
28.02 0.0283310335929
28.04 0.0278508399477
28.06 0.0273841894803
28.08 0.0269323348855
28.1 0.0264964849854
28.12 0.0260778008654
28.14 0.0256773923459
28.16 0.0252963147506
28.18 0.0249355660312
28.2 0.0245960841873
28.22 0.0242787450505
28.24 0.0239843603805
28.26 0.0237136762596
28.28 0.0234673718158
28.3 0.0232460582019
28.32 0.0230502778454
28.34 0.022880503939
28.36 0.0227371401287
28.38 0.0226205204085
28.4 0.0225309091548
28.42 0.0224685013106
28.44 0.0224334226822
28.46 0.0224257303128
28.48 0.0224454129511
28.5 0.0224923915541
28.52 0.022566519866
28.54 0.022667585008
28.56 0.0227953081244
28.58 0.0229493450737
28.6 0.0231292871349
28.62 0.0233346618113
28.64 0.0235649336628
28.66 0.023819505241
28.68 0.0240977181245
28.7 0.0243988540633
28.72 0.0247221362668
28.74 0.0250667308558
28.76 0.0254317484891
28.78 0.0258162461723
28.8 0.0262192293057
28.82 0.0266396539289
28.84 0.0270764292112
28.86 0.0275284201901
28.88 0.0279944507272
28.9 0.0284733067397
28.92 0.0289637396323
28.94 0.0294644699822
28.96 0.0299741914217
28.98 0.0304915747216
29.0 0.0310152720506
29.02 0.031543921386
29.04 0.0320761510445
29.06 0.0326105843348
29.08 0.033145844246
29.1 0.0336805582127
29.12 0.0342133628576
29.14 0.034742908745
29.16 0.0352678650539
29.18 0.0357869241921
29.2 0.0362988063008
29.22 0.0368022636121
29.24 0.0372960846677
29.26 0.0377790983451
29.28 0.0382501776869
29.3 0.0387082435168
29.32 0.0391522678242
29.34 0.0395812768952
29.36 0.0399943542096
29.38 0.0403906430558
29.4 0.0407693489025
29.42 0.0411297414853
29.44 0.0414711566404
29.46 0.0417929978682
29.48 0.0420947376365
29.5 0.0423759184359
29.52 0.0426361535768
29.54 0.0428751277643
29.56 0.043092597432
29.58 0.0432883908677
29.6 0.0434624081283
29.62 0.043614620765
29.64 0.0437450713756
29.66 0.0438538729684
29.68 0.0439412081983
29.7 0.0440073284449
29.72 0.0440525527651
29.74 0.0440772667339
29.76 0.0440819211743
29.78 0.0440670308013
29.8 0.0440331727744
29.82 0.0439809851857
29.84 0.0439111654771
29.86 0.0438244688054
29.88 0.0437217063548
29.9 0.0436037436087
29.92 0.043471498578
29.94 0.0433259400032
29.96 0.0431680855066
29.98 0.0429989997336
30.0 0.0428197924416
30.02 0.042631616566
30.04 0.0424356662474
30.06 0.0422331748119
30.08 0.0420254127095
30.1 0.0418136853935
30.12 0.0415993311377
30.14 0.0413837187745
30.16 0.0411682453604
30.18 0.0409543337185
30.2 0.0407434298915
30.22 0.0405370004466
30.24 0.040336529637
30.26 0.0401435164017
30.28 0.0399594711649
30.3 0.0397859124352
30.32 0.0396243631738
30.34 0.0394763468948
30.36 0.0393433835005
30.38 0.0392269847978
30.4 0.0391286496992
30.42 0.0390498590542
30.44 0.0389920701173
30.46 0.0389567106014
30.48 0.0389451723227
30.5 0.0389588043967
30.52 0.0389989059749
30.54 0.03906671853
30.56 0.0391634176486
30.58 0.0392901043587
30.6 0.039447795993
30.62 0.0396374165889
30.64 0.039859786864
30.66 0.0401156138007
30.68 0.0404054798714
30.7 0.0407298319897
30.72 0.0410889702394
30.74 0.0414830364805
30.76 0.0419120029496
30.78 0.0423756609624
30.8 0.0428736098679
30.82 0.043405246442
30.84 0.0439697548366
30.86 0.0445660973819
30.88 0.045193006344
30.9 0.0458489769656
30.92 0.046532261982
30.94 0.0472408678507
30.96 0.0479725530089
30.98 0.0487248283436
31.0 0.0494949601724
31.02 0.0502799759408
31.04 0.0510766728634
31.06 0.051881629685
31.08 0.0526912217042
31.1 0.0535016391673
31.12 0.0543089090689
31.14 0.0551089203443
31.16 0.0558974523629
31.18 0.0566702065595
31.2 0.0574228409654
31.22 0.0581510073025
31.24 0.0588503902439
31.26 0.0595167483616
31.28 0.0601459561775
31.3 0.0607340467474
31.32 0.0612772540426
31.34 0.0617720544844
31.36 0.0622152068527
31.38 0.0626037898662
31.4 0.0629352367084
31.42 0.0632073658251
31.44 0.0634184073865
31.46 0.0635670248529
31.48 0.0636523312225
31.5 0.0636738996016
31.52 0.0636317678941
31.54 0.063526437506
31.56 0.0633588661103
31.58 0.0631304546281
31.6 0.0628430287208
31.62 0.0624988151842
31.64 0.0621004137441
31.66 0.0616507648439
31.68 0.0611531140559
31.7 0.0606109738204
31.72 0.0600280832302
31.74 0.0594083665709
31.76 0.0587558913571
31.78 0.0580748265095
31.8 0.0573694013293
31.82 0.0566438658584
31.84 0.0559024530965
31.86 0.0551493435559
31.88 0.0543886324717
31.9 0.0536242999797
31.92 0.0528601844148
31.94 0.052099958908
31.96 0.0513471112784
31.98 0.0506049272455
32.0 0.0498764768705
32.02 0.0491646041251
32.04 0.0484719194094
32.06 0.0478007948407
32.08 0.0471533620947
32.1 0.0465315125625
32.12 0.0459368995977
32.14 0.04537094256
32.16 0.0448348324997
32.18 0.0443295391292
32.2 0.0438558189713
32.22 0.0434142243791
32.24 0.0430051132636
32.26 0.0426286593696
32.28 0.0422848628774
32.3 0.0419735612293
32.32 0.0416944400329
32.34 0.0414470439285
32.36 0.0412307873162
32.38 0.0410449648852
32.4 0.0408887618538
32.42 0.0407612638803
32.44 0.0406614666034
32.46 0.040588284778
32.48 0.0405405609971
32.5 0.0405170739683
32.52 0.0405165463645
32.54 0.0405376522349
32.56 0.0405790239951
32.58 0.0406392589825
32.6 0.040716925649
32.62 0.0408105693224
32.64 0.0409187176554
32.66 0.0410398856987
32.68 0.0411725806687
32.7 0.0413153064275
32.72 0.0414665676758
32.74 0.0416248739095
32.76 0.0417887431437
32.78 0.041956705432
32.8 0.0421273061982
32.82 0.0422991094134
32.84 0.0424707006129
32.86 0.0426406897897
32.88 0.0428077141779
32.9 0.0429704409248
32.92 0.0431275696902
32.94 0.043277835153
32.96 0.0434200094679
32.98 0.0435529046484
33.0 0.0436753749103
33.02 0.0437863189603
33.04 0.043884682244
33.06 0.0439694591554
33.08 0.0440396951986
33.1 0.0440944891171
33.12 0.0441329949715
33.14 0.0441544241759
33.16 0.0441580474791
33.18 0.0441431968838
33.2 0.0441092675123
33.22 0.0440557193826
33.24 0.0439820791113
33.26 0.0438879415176
33.28 0.0437729711226
33.3 0.0436369035304
33.32 0.0434795466733
33.34 0.0433007819235
33.36 0.0431005650261
33.38 0.0428789268845
33.4 0.042635974125
33.42 0.0423718894976
33.44 0.0420869320156
33.46 0.0417814369083
33.48 0.0414558152888
33.5 0.0411105535947
33.52 0.0407462127447
33.54 0.0403634270143
33.56 0.0399629026353
33.58 0.0395454160825
33.6 0.0391118120756
33.62 0.0386630012674
33.64 0.0381999576207
33.66 0.0377237155026
33.68 0.0372353664489
33.7 0.0367360556637
33.72 0.0362269782171
33.74 0.0357093749766
33.76 0.0351845282984
33.78 0.0346537574513
33.8 0.0341184138707
33.82 0.0335798761764
33.84 0.033039545072
33.86 0.032498838078
33.88 0.0319591841918
33.9 0.0314220184589
33.92 0.030888776537
33.94 0.0303608892418
33.96 0.0298397771589
33.98 0.0293268453116
34.0 0.0288234779722
34.02 0.0283310335925
34.04 0.027850839948
34.06 0.02738418948
34.08 0.0269323348865
34.1 0.0264964849841
34.12 0.0260778008658
34.14 0.0256773923456
34.16 0.0252963147517
34.18 0.0249355660304
34.2 0.0245960841864
34.22 0.0242787450517
34.24 0.0239843603799
34.26 0.0237136762608
34.28 0.0234673718144
34.3 0.0232460582023
34.32 0.0230502778454
34.34 0.0228805039394
34.36 0.0227371401279
34.38 0.0226205204089
34.4 0.0225309091556
34.42 0.0224685013091
34.44 0.022433422683
34.46 0.0224257303128
34.48 0.0224454129511
34.5 0.0224923915541
34.52 0.022566519866
34.54 0.0226675850073
34.56 0.022795308126
34.58 0.0229493450726
34.6 0.0231292871351
34.62 0.0233346618121
34.64 0.0235649336613
34.66 0.0238195052417
34.68 0.0240977181247
34.7 0.0243988540627
34.72 0.0247221362665
34.74 0.0250667308571
34.76 0.0254317484885
34.78 0.0258162461729
34.8 0.0262192293045
34.82 0.0266396539293
34.84 0.0270764292115
34.86 0.0275284201896
34.88 0.0279944507277
34.9 0.0284733067392
34.92 0.0289637396326
34.94 0.0294644699822
34.96 0.0299741914213
34.98 0.0304915747218
35.0 0.0310152720506
35.02 0.0315439213859
35.04 0.0320761510454
35.06 0.0326105843339
35.08 0.0331458442462
35.1 0.0336805582123
35.12 0.0342133628579
35.14 0.0347429087461
35.16 0.0352678650526
35.18 0.0357869241923
35.2 0.0362988063013
35.22 0.0368022636116
35.24 0.0372960846681
35.26 0.037779098345
35.28 0.0382501776866
35.3 0.0387082435174
35.32 0.0391522678241
35.34 0.0395812768951
35.36 0.0399943542095
35.38 0.0403906430558
35.4 0.0407693489024
35.42 0.0411297414856
35.44 0.0414711566402
35.46 0.041792997868
35.48 0.042094737637
35.5 0.0423759184355
35.52 0.0426361535769
35.54 0.0428751277642
35.56 0.0430925974326
35.58 0.0432883908674
35.6 0.0434624081281
35.62 0.0436146207653
35.64 0.0437450713755
35.66 0.0438538729686
35.68 0.043941208198
35.7 0.044007328445
35.72 0.0440525527649
35.74 0.0440772667344
35.76 0.0440819211741
35.78 0.0440670308011
35.8 0.0440331727745
35.82 0.0439809851856
35.84 0.0439111654774
35.86 0.0438244688052
35.88 0.0437217063551
35.9 0.0436037436081
35.92 0.0434714985785
35.94 0.043325940003
35.96 0.0431680855067
35.98 0.0429989997338
36.0 0.0428197924413
36.02 0.0426316165663
36.04 0.0424356662469
36.06 0.0422331748117
36.08 0.0420254127103
36.1 0.0418136853931
36.12 0.0415993311375
36.14 0.041383718775
36.16 0.0411682453602
36.18 0.0409543337184
36.2 0.0407434298915
36.22 0.0405370004464
36.24 0.0403365296371
36.26 0.0401435164019
36.28 0.0399594711646
36.3 0.0397859124354
36.32 0.0396243631734
36.34 0.0394763468958
36.36 0.0393433834995
36.38 0.0392269847985
36.4 0.0391286496989
36.42 0.0390498590547
36.44 0.0389920701169
36.46 0.0389567106011
36.48 0.0389451723228
36.5 0.0389588043967
36.52 0.0389989059752
36.54 0.0390667185299
36.56 0.0391634176491
36.58 0.0392901043578
36.6 0.0394477959939
36.62 0.039637416588
36.64 0.0398597868641
36.66 0.0401156138014
36.68 0.0404054798707
36.7 0.0407298319903
36.72 0.0410889702391
36.74 0.0414830364805
36.76 0.0419120029496
36.78 0.042375660962
36.8 0.0428736098687
36.82 0.043405246441
36.84 0.0439697548376
36.86 0.0445660973817
36.88 0.0451930063435
36.9 0.0458489769661
36.92 0.046532261981
36.94 0.0472408678512
36.96 0.0479725530092
36.98 0.0487248283434
37.0 0.0494949601729
37.02 0.0502799759397
37.04 0.0510766728643
37.06 0.0518816296842
37.08 0.0526912217045
37.1 0.0535016391674
37.12 0.0543089090686
37.14 0.0551089203447
37.16 0.0558974523629
37.18 0.0566702065594
37.2 0.0574228409654
37.22 0.0581510073024
37.24 0.0588503902441
37.26 0.0595167483612
37.28 0.060145956178
37.3 0.0607340467471
37.32 0.0612772540426
37.34 0.0617720544846
37.36 0.0622152068523
37.38 0.0626037898664
37.4 0.0629352367084
37.42 0.0632073658251
37.44 0.0634184073865
37.46 0.0635670248529
37.48 0.0636523312225
37.5 0.0636738996016
37.52 0.0636317678942
37.54 0.0635264375058
37.56 0.0633588661105
37.58 0.0631304546279
37.6 0.0628430287209
37.62 0.0624988151842
37.64 0.0621004137441
37.66 0.061650764844
37.68 0.0611531140558
37.7 0.0606109738209
37.72 0.0600280832293
37.74 0.0594083665712
37.76 0.0587558913574
37.78 0.0580748265091
37.8 0.0573694013297
37.82 0.0566438658582
37.84 0.0559024530965
37.86 0.0551493435559
37.88 0.0543886324713
37.9 0.0536242999804
37.92 0.0528601844138
37.94 0.0520999589092
37.96 0.0513471112784
37.98 0.0506049272443
38.0 0.049876476871
38.02 0.0491646041251
38.04 0.0484719194094
38.06 0.0478007948407
38.08 0.0471533620945
38.1 0.0465315125634
38.12 0.0459368995965
38.14 0.0453709425611
38.16 0.0448348324986
38.18 0.0443295391293
38.2 0.0438558189721
38.22 0.0434142243787
38.24 0.0430051132636
38.26 0.0426286593698
38.28 0.0422848628771
38.3 0.0419735612294
38.32 0.0416944400326
38.34 0.0414470439292
38.36 0.0412307873153
38.38 0.0410449648862
38.4 0.0408887618539
38.42 0.0407612638792
38.44 0.0406614666039
38.46 0.040588284778
38.48 0.0405405609971
38.5 0.0405170739683
38.52 0.0405165463646
38.54 0.0405376522353
38.56 0.0405790239941
38.58 0.0406392589836
38.6 0.0407169256479
38.62 0.0408105693227
38.64 0.0409187176557
38.66 0.0410398856988
38.68 0.0411725806685
38.7 0.0413153064275
38.72 0.0414665676754
38.74 0.0416248739104
38.76 0.0417887431431
38.78 0.0419567054322
38.8 0.0421273061981
38.82 0.0422991094134
38.84 0.042470700613
38.86 0.0426406897896
38.88 0.042807714178
38.9 0.0429704409246
38.92 0.0431275696903
38.94 0.0432778351531
38.96 0.0434200094678
38.98 0.0435529046484
39.0 0.0436753749104
39.02 0.0437863189603
39.04 0.0438846822439
39.06 0.0439694591553
39.08 0.0440396951987
39.1 0.044094489117
39.12 0.0441329949715
39.14 0.0441544241761
39.16 0.0441580474786
39.18 0.0441431968839
39.2 0.0441092675124
39.22 0.0440557193824
39.24 0.0439820791114
39.26 0.0438879415177
39.28 0.0437729711225
39.3 0.0436369035305
39.32 0.0434795466732
39.34 0.0433007819235
39.36 0.0431005650261
39.38 0.0428789268841
39.4 0.0426359741257
39.42 0.0423718894968
39.44 0.0420869320164
39.46 0.0417814369081
39.48 0.0414558152883
39.5 0.0411105535952
39.52 0.040746212744
39.54 0.0403634270149
39.56 0.0399629026348
39.58 0.0395454160827
39.6 0.0391118120761
39.62 0.0386630012663
39.64 0.0381999576214
39.66 0.037723715502
39.68 0.0372353664497
39.7 0.0367360556633
39.72 0.0362269782171
39.74 0.0357093749773
39.76 0.0351845282973
39.78 0.0346537574517
39.8 0.0341184138707
39.82 0.0335798761766
39.84 0.0330395450717
39.86 0.0324988380783
39.88 0.0319591841915
39.9 0.0314220184591
39.92 0.0308887765367
39.94 0.0303608892418
39.96 0.0298397771591
39.98 0.0293268453115
