0.0 0.269770745964
0.02 0.277772463004
0.04 0.285701675261
0.06 0.29357637234
0.08 0.301414640185
0.1 0.309234632819
0.12 0.317054544502
0.14 0.324892581658
0.16 0.332766934578
0.18 0.340695748446
0.2 0.348697093375
0.22 0.356788933259
0.24 0.364989092949
0.26 0.373315223588
0.28 0.38178476562
0.3 0.390414909217
0.32 0.399222551759
0.34 0.408224251997
0.36 0.417436180581
0.38 0.426874066555
0.4 0.436553139618
0.42 0.446488067621
0.44 0.45669288925
0.46 0.46718094141
0.48 0.477964781181
0.5 0.489056102169
0.52 0.500465644998
0.54 0.512203101944
0.56 0.524277015748
0.58 0.53669467248
0.6 0.549461988907
0.62 0.562583394363
0.64 0.576061707841
0.66 0.589898010553
0.68 0.604091514945
0.7 0.618639430918
0.72 0.633536830359
0.74 0.64877651135
0.76 0.664348863456
0.78 0.680241735934
0.8 0.696440310715
0.82 0.712926982462
0.84 0.729681248027
0.86 0.746679608029
0.88 0.763895483277
0.9 0.78129914915
0.92 0.798857690935
0.94 0.816534983468
0.96 0.834291698131
0.98 0.852085340614
1.0 0.869870322289
1.02 0.887598068173
1.04 0.905217164057
1.06 0.922673544777
1.08 0.939910725396
1.1 0.956870076228
1.12 0.973491141925
1.14 0.98971200409
1.16 1.00546968591
1.18 1.02070059638
1.2 1.03534101054
1.22 1.04932758125
1.24 1.0625978769
1.26 1.07509093855
1.28 1.08674784883
1.3 1.09751230474
1.32 1.10733118499
1.34 1.11615510307
1.36 1.12393893599
1.38 1.1306423198
1.4 1.13623010199
1.42 1.14067274273
1.44 1.1439466565
1.46 1.14603448768
1.48 1.14692531417
1.5 1.14661477504
1.52 1.14510511955
1.54 1.14240517638
1.56 1.13853024403
1.58 1.13350190455
1.6 1.12734776447
1.62 1.12010112851
1.64 1.11180061241
1.66 1.10248970294
1.68 1.09221627321
1.7 1.08103206277
1.72 1.06899213172
1.74 1.05615429841
1.76 1.04257856991
1.78 1.02832657454
1.8 1.01346100425
1.82 0.998045074938
1.84 0.982142011068
1.86 0.965814560459
1.88 0.949124543997
1.9 0.932132443746
1.92 0.914897032383
1.94 0.89747504541
1.96 0.879920896986
1.98 0.862286439254
2.0 0.844620764425
2.02 0.826970047988
2.04 0.809377431177
2.06 0.791882940241
2.08 0.774523439686
2.1 0.757332616593
2.12 0.74034099282
2.14 0.723575962019
2.16 0.707061848088
2.18 0.690819982208
2.2 0.674868795323
2.22 0.659223923254
2.24 0.643898321858
2.26 0.628902389804
2.28 0.614244096671
2.3 0.599929114495
2.32 0.585960950889
2.34 0.572341082324
2.36 0.559069086135
2.38 0.546142770173
2.4 0.533558299232
2.42 0.521310317368
2.44 0.509392065659
2.46 0.497795494831
2.48 0.486511372575
2.5 0.47552938518
2.52 0.464838233571
2.54 0.45442572358
2.56 0.444278850594
2.58 0.434383878748
2.6 0.42472641469
2.62 0.415291476317
2.64 0.406063556654
2.66 0.397026683117
2.68 0.388164472566
2.7 0.379460182428
2.72 0.370896758175
2.74 0.362456877572
2.76 0.354122991982
2.78 0.345877365122
2.8 0.337702109517
2.82 0.329579221126
2.84 0.3214906123
2.86 0.313418143563
2.88 0.305343654417
2.9 0.29724899344
2.92 0.289116048188
2.94 0.280926774876
2.96 0.272663228335
2.98 0.264307592454
3.0 0.255842211284
3.02 0.247249621137
3.04 0.238512583746
3.06 0.229614121004
3.08 0.220537551001
3.1 0.211266525984
3.12 0.201785072117
3.14 0.192077631331
3.16 0.182129105185
3.18 0.171924901137
3.2 0.161450980935
3.22 0.150693911504
3.24 0.139640918099
3.26 0.128279939854
3.28 0.116599687632
3.3 0.10458970409
3.32 0.0922404259008
3.34 0.0795432479097
3.36 0.0664905890634
3.38 0.053075959961
3.4 0.0392940315849
3.42 0.0251407050564
3.44 0.0106131820065
3.46 -0.00428996494635
3.48 -0.0195687219344
3.5 -0.0352215642839
3.52 -0.0512453884524
3.54 -0.0676354456493
3.56 -0.0843852782335
3.58 -0.101486659147
3.6 -0.118929535395
3.62 -0.136701976165
3.64 -0.154790126435
3.66 -0.173178166775
3.68 -0.191848280292
3.7 -0.210780627366
3.72 -0.229953329183
3.74 -0.249342460685
3.76 -0.268922053834
3.78 -0.288664112014
3.8 -0.30853863601
3.82 -0.328513662651
3.84 -0.348555316168
3.86 -0.368627873402
3.88 -0.388693842704
3.9 -0.408714057227
3.92 -0.428647782669
3.94 -0.448452839558
3.96 -0.468085740019
3.98 -0.487501838831
4.0 -0.506655498382
4.02 -0.52550026703
4.04 -0.543989070248
4.06 -0.562074413315
4.08 -0.579708595322
4.1 -0.596843932242
4.12 -0.613432988689
4.14 -0.629428816197
4.16 -0.644785196596
4.18 -0.659456888791
4.2 -0.673399876783
4.22 -0.686571617222
4.24 -0.698931284042
4.26 -0.710440008542
4.28 -0.72106111214
4.3 -0.730760330321
4.32 -0.739506025006
4.34 -0.74726938366
4.36 -0.754024603215
4.38 -0.759749056473
4.4 -0.764423439871
4.42 -0.768031900599
4.44 -0.770562142021
4.46 -0.772005505982
4.48 -0.772357031435
4.5 -0.771615488499
4.52 -0.76978338761
4.54 -0.766866963796
4.56 -0.762876136091
4.58 -0.757824442496
4.6 -0.751728951409
4.62 -0.744610150159
4.64 -0.736491812083
4.66 -0.727400843276
4.68 -0.717367111022
4.7 -0.706423255097
4.72 -0.694604484294
4.74 -0.681948360112
4.76 -0.66849456939
4.78 -0.654284688447
4.8 -0.639361940676
4.82 -0.623770949826
4.84 -0.607557490924
4.86 -0.590768241405
4.88 -0.573450533774
4.9 -0.555652112287
4.92 -0.537420895141
4.94 -0.518804743772
4.96 -0.499851240987
4.98 -0.480607479
5.0 -0.461119858794
5.02 -0.441433901541
5.04 -0.421594073184
5.06 -0.401643622556
5.08 -0.381624433854
5.1 -0.361576893419
5.12 -0.341539771322
5.14 -0.321550117612
5.16 -0.301643173071
5.18 -0.28185229447
5.2 -0.262208893671
5.22 -0.242742390329
5.24 -0.223480177565
5.26 -0.204447600099
5.28 -0.185667943882
5.3 -0.167162436842
5.32 -0.148950259738
5.34 -0.131048566335
5.36 -0.11347251215
5.38 -0.0962352908923
5.4 -0.0793481777793
5.42 -0.062820578803
5.44 -0.046660085421
5.46 -0.0308725334776
5.48 -0.0154620660567
5.5 -0.000431199100663
5.52 0.0142191104571
5.54 0.0284893950113
5.56 0.0423816054591
5.58 0.0558990398796
5.6 0.0690462720644
5.62 0.0818290806342
5.64 0.0942543787412
5.66 0.106330145093
5.68 0.118065356423
5.7 0.129469921575
5.72 0.140554617717
5.74 0.151331028561
5.76 0.161811484855
5.78 0.172009007339
5.8 0.181937252041
5.82 0.191610458093
5.84 0.201043397999
5.86 0.210251330391
5.88 0.219249955073
5.9 0.228055370554
5.92 0.23668403356
5.94 0.245152720897
5.96 0.253478492989
5.98 0.261678659426
6.0 0.269770745963
6.02 0.277772463008
6.04 0.285701675255
6.06 0.293576372341
6.08 0.301414640188
6.1 0.309234632818
6.12 0.317054544502
6.14 0.324892581659
6.16 0.332766934576
6.18 0.340695748447
6.2 0.348697093378
6.22 0.356788933253
6.24 0.364989092951
6.26 0.373315223587
6.28 0.381784765623
6.3 0.390414909216
6.32 0.399222551758
6.34 0.408224251997
6.36 0.417436180582
6.38 0.426874066557
6.4 0.436553139616
6.42 0.446488067621
6.44 0.456692889249
6.46 0.467180941411
6.48 0.477964781183
6.5 0.489056102166
6.52 0.500465645002
6.54 0.512203101939
6.56 0.524277015751
6.58 0.536694672482
6.6 0.5494619889
6.62 0.562583394368
6.64 0.576061707838
6.66 0.589898010558
6.68 0.604091514942
6.7 0.61863943092
6.72 0.633536830355
6.74 0.648776511354
6.76 0.664348863452
6.78 0.680241735939
6.8 0.696440310709
6.82 0.712926982462
6.84 0.729681248032
6.86 0.746679608023
6.88 0.763895483281
6.9 0.781299149148
6.92 0.798857690938
6.94 0.816534983463
6.96 0.834291698134
6.98 0.852085340611
7.0 0.86987032229
7.02 0.887598068173
7.04 0.905217164057
7.06 0.922673544777
7.08 0.939910725394
7.1 0.956870076233
7.12 0.973491141922
7.14 0.98971200409
7.16 1.00546968591
7.18 1.02070059638
7.2 1.03534101054
7.22 1.04932758125
7.24 1.0625978769
7.26 1.07509093855
7.28 1.08674784883
7.3 1.09751230474
7.32 1.107331185
7.34 1.11615510307
7.36 1.12393893599
7.38 1.1306423198
7.4 1.13623010199
7.42 1.14067274273
7.44 1.1439466565
7.46 1.14603448768
7.48 1.14692531417
7.5 1.14661477504
7.52 1.14510511955
7.54 1.14240517638
7.56 1.13853024403
7.58 1.13350190455
7.6 1.12734776447
7.62 1.12010112851
7.64 1.11180061241
7.66 1.10248970295
7.68 1.0922162732
7.7 1.08103206277
7.72 1.06899213172
7.74 1.0561542984
7.76 1.04257856991
7.78 1.02832657454
7.8 1.01346100425
7.82 0.99804507494
7.84 0.982142011065
7.86 0.965814560462
7.88 0.949124544002
7.9 0.932132443737
7.92 0.91489703239
7.94 0.897475045408
7.96 0.879920896984
7.98 0.862286439257
8.0 0.844620764426
8.02 0.826970047983
8.04 0.809377431182
8.06 0.791882940243
8.08 0.774523439686
8.1 0.757332616588
8.12 0.740340992821
8.14 0.723575962021
8.16 0.707061848087
8.18 0.690819982208
8.2 0.674868795326
8.22 0.659223923251
8.24 0.643898321857
8.26 0.628902389807
8.28 0.614244096667
8.3 0.5999291145
8.32 0.585960950888
8.34 0.572341082321
8.36 0.559069086136
8.38 0.546142770173
8.4 0.533558299229
8.42 0.521310317372
8.44 0.509392065657
8.46 0.497795494831
8.48 0.486511372575
8.5 0.475529385176
8.52 0.464838233576
8.54 0.454425723577
8.56 0.444278850591
8.58 0.434383878751
8.6 0.424726414692
8.62 0.415291476315
8.64 0.406063556652
8.66 0.397026683119
8.68 0.388164472564
8.7 0.379460182434
8.72 0.370896758169
8.74 0.362456877574
8.76 0.354122991984
8.78 0.34587736512
8.8 0.337702109522
8.82 0.329579221116
8.84 0.321490612305
8.86 0.313418143563
8.88 0.305343654417
8.9 0.297248993434
8.92 0.289116048199
8.94 0.280926774869
8.96 0.272663228339
8.98 0.264307592452
9.0 0.255842211284
9.02 0.247249621137
9.04 0.238512583741
9.06 0.229614121015
9.08 0.220537550993
9.1 0.211266525984
9.12 0.201785072119
9.14 0.192077631334
9.16 0.182129105183
9.18 0.171924901136
9.2 0.161450980936
9.22 0.150693911504
9.24 0.139640918102
9.26 0.12827993985
9.28 0.116599687632
9.3 0.104589704087
9.32 0.0922404259094
9.34 0.0795432479009
9.36 0.0664905890694
9.38 0.0530759599618
9.4 0.0392940315774
9.42 0.0251407050629
9.44 0.0106131820056
9.46 -0.0042899649452
9.48 -0.0195687219392
9.5 -0.0352215642811
9.52 -0.0512453884551
9.54 -0.067635445643
9.56 -0.0843852782397
9.58 -0.101486659143
9.6 -0.118929535395
9.62 -0.13670197617
9.64 -0.15479012643
9.66 -0.17317816678
9.68 -0.191848280284
9.7 -0.210780627374
9.72 -0.229953329178
9.74 -0.24934246069
9.76 -0.268922053831
9.78 -0.288664112008
9.8 -0.30853863602
9.82 -0.32851366265
9.84 -0.348555316162
9.86 -0.368627873407
9.88 -0.388693842704
9.9 -0.408714057221
9.92 -0.428647782678
9.94 -0.448452839552
9.96 -0.468085740024
9.98 -0.487501838825
10.0 -0.506655498381
10.02 -0.525500267039
10.04 -0.543989070243
10.06 -0.562074413317
10.08 -0.579708595321
10.1 -0.59684393224
10.12 -0.61343298869
10.14 -0.629428816201
10.16 -0.644785196587
10.18 -0.65945688879
10.2 -0.673399876795
10.22 -0.686571617216
10.24 -0.698931284042
10.26 -0.710440008544
10.28 -0.721061112137
10.3 -0.730760330328
10.32 -0.739506024993
10.34 -0.747269383666
10.36 -0.754024603219
10.38 -0.759749056469
10.4 -0.764423439866
10.42 -0.768031900604
10.44 -0.770562142021
10.46 -0.772005505982
10.48 -0.772357031435
10.5 -0.771615488499
10.52 -0.769783387608
10.54 -0.766866963802
10.56 -0.762876136088
10.58 -0.757824442496
10.6 -0.751728951409
10.62 -0.744610150159
10.64 -0.736491812085
10.66 -0.727400843274
10.68 -0.71736711103
10.7 -0.706423255083
10.72 -0.6946044843
10.74 -0.681948360119
10.76 -0.668494569378
10.78 -0.654284688453
10.8 -0.63936194067
10.82 -0.623770949838
10.84 -0.60755749092
10.86 -0.590768241402
10.88 -0.573450533773
10.9 -0.555652112293
10.92 -0.537420895137
10.94 -0.518804743774
10.96 -0.499851240982
10.98 -0.480607479002
11.0 -0.461119858799
11.02 -0.441433901541
11.04 -0.421594073178
11.06 -0.401643622562
11.08 -0.381624433848
11.1 -0.361576893421
11.12 -0.341539771324
11.14 -0.321550117616
11.16 -0.301643173062
11.18 -0.281852294477
11.2 -0.262208893671
11.22 -0.242742390324
11.24 -0.223480177566
11.26 -0.204447600104
11.28 -0.185667943881
11.3 -0.167162436839
11.32 -0.148950259741
11.34 -0.131048566332
11.36 -0.113472512153
11.38 -0.0962352908922
11.4 -0.0793481777741
11.42 -0.0628205788038
11.44 -0.0466600854237
11.46 -0.0308725334776
11.48 -0.0154620660621
11.5 -0.000431199095242
11.52 0.0142191104599
11.54 0.0284893950058
11.56 0.0423816054675
11.58 0.0558990398683
11.6 0.0690462720719
11.62 0.0818290806334
11.64 0.0942543787422
11.66 0.106330145092
11.68 0.118065356419
11.7 0.129469921572
11.72 0.140554617723
11.74 0.151331028564
11.76 0.161811484847
11.78 0.172009007346
11.8 0.181937252033
11.82 0.191610458098
11.84 0.201043398002
11.86 0.210251330385
11.88 0.219249955077
11.9 0.22805537055
11.92 0.236684033558
11.94 0.245152720902
11.96 0.253478492991
11.98 0.261678659419
12.0 0.269770745967
12.02 0.277772463003
12.04 0.285701675261
12.06 0.293576372338
12.08 0.301414640189
12.1 0.309234632819
12.12 0.317054544501
12.14 0.324892581653
12.16 0.332766934579
12.18 0.340695748451
12.2 0.348697093373
12.22 0.35678893326
12.24 0.364989092943
12.26 0.373315223596
12.28 0.381784765616
12.3 0.390414909218
12.32 0.399222551758
12.34 0.408224251995
12.36 0.417436180586
12.38 0.426874066552
12.4 0.436553139622
12.42 0.446488067616
12.44 0.456692889255
12.46 0.467180941401
12.48 0.47796478119
12.5 0.489056102166
12.52 0.500465645
12.54 0.512203101939
12.56 0.524277015747
12.58 0.536694672487
12.6 0.549461988904
12.62 0.562583394364
12.64 0.576061707839
12.66 0.589898010555
12.68 0.604091514941
12.7 0.618639430923
12.72 0.633536830355
12.74 0.648776511353
12.76 0.664348863455
12.78 0.680241735928
12.8 0.696440310721
12.82 0.71292698246
12.84 0.729681248029
12.86 0.746679608025
12.88 0.763895483284
12.9 0.781299149139
12.92 0.798857690943
12.94 0.816534983463
12.96 0.834291698134
12.98 0.852085340613
13.0 0.869870322288
13.02 0.887598068169
13.04 0.905217164064
13.06 0.922673544776
13.08 0.939910725395
13.1 0.956870076224
13.12 0.973491141931
13.14 0.989712004087
13.16 1.00546968591
13.18 1.02070059638
13.2 1.03534101054
13.22 1.04932758125
13.24 1.0625978769
13.26 1.07509093855
13.28 1.08674784883
13.3 1.09751230474
13.32 1.107331185
13.34 1.11615510307
13.36 1.12393893599
13.38 1.13064231979
13.4 1.13623010199
13.42 1.14067274273
13.44 1.1439466565
13.46 1.14603448768
13.48 1.14692531417
13.5 1.14661477504
13.52 1.14510511955
13.54 1.14240517638
13.56 1.13853024403
13.58 1.13350190455
13.6 1.12734776447
13.62 1.12010112851
13.64 1.11180061241
13.66 1.10248970294
13.68 1.09221627321
13.7 1.08103206277
13.72 1.06899213172
13.74 1.0561542984
13.76 1.04257856992
13.78 1.02832657453
13.8 1.01346100425
13.82 0.99804507494
13.84 0.982142011065
13.86 0.965814560462
13.88 0.949124543998
13.9 0.932132443747
13.92 0.914897032381
13.94 0.897475045409
13.96 0.879920896984
13.98 0.862286439262
14.0 0.84462076442
14.02 0.826970047986
14.04 0.809377431182
14.06 0.791882940243
14.08 0.774523439683
14.1 0.757332616587
14.12 0.740340992833
14.14 0.72357596201
14.16 0.707061848086
14.18 0.690819982212
14.2 0.674868795326
14.22 0.659223923247
14.24 0.643898321857
14.26 0.628902389811
14.28 0.614244096665
14.3 0.599929114498
14.32 0.585960950887
14.34 0.572341082334
14.36 0.559069086123
14.38 0.546142770174
14.4 0.533558299236
14.42 0.521310317373
14.44 0.50939206565
14.46 0.497795494833
14.48 0.486511372578
14.5 0.475529385175
14.52 0.464838233572
14.54 0.454425723586
14.56 0.44427885059
14.58 0.434383878745
14.6 0.424726414691
14.62 0.415291476319
14.64 0.406063556656
14.66 0.397026683111
14.68 0.388164472566
14.7 0.379460182436
14.72 0.370896758168
14.74 0.362456877571
14.76 0.35412299199
14.78 0.345877365118
14.8 0.337702109513
14.82 0.329579221128
14.84 0.321490612301
14.86 0.313418143567
14.88 0.30534365441
14.9 0.297248993441
14.92 0.289116048193
14.94 0.28092677487
14.96 0.272663228333
14.98 0.264307592464
15.0 0.255842211281
15.02 0.247249621126
15.04 0.238512583753
15.06 0.229614121006
15.08 0.220537551004
15.1 0.211266525974
15.12 0.201785072124
15.14 0.192077631328
15.16 0.182129105184
15.18 0.171924901138
15.2 0.161450980938
15.22 0.150693911504
15.24 0.139640918094
15.26 0.128279939861
15.28 0.116599687624
15.3 0.104589704088
15.32 0.0922404259065
15.34 0.0795432479109
15.36 0.0664905890653
15.38 0.0530759599571
15.4 0.0392940315803
15.42 0.0251407050609
15.44 0.0106131820114
15.46 -0.00428996495377
15.48 -0.0195687219289
15.5 -0.0352215642893
15.52 -0.0512453884525
15.54 -0.0676354456483
15.56 -0.0843852782273
15.58 -0.101486659152
15.6 -0.118929535393
15.62 -0.13670197617
15.64 -0.154790126431
15.66 -0.173178166773
15.68 -0.191848280294
15.7 -0.210780627362
15.72 -0.229953329191
15.74 -0.249342460682
15.76 -0.268922053831
15.78 -0.288664112015
15.8 -0.308538636013
15.82 -0.32851366265
15.84 -0.348555316164
15.86 -0.368627873408
15.88 -0.388693842699
15.9 -0.408714057224
15.92 -0.428647782679
15.94 -0.448452839553
15.96 -0.468085740022
15.98 -0.487501838824
16.0 -0.506655498388
16.02 -0.525500267029
16.04 -0.543989070248
16.06 -0.562074413317
16.08 -0.579708595321
16.1 -0.59684393224
16.12 -0.613432988696
16.14 -0.629428816185
16.16 -0.644785196602
16.18 -0.659456888791
16.2 -0.673399876783
16.22 -0.686571617222
16.24 -0.698931284051
16.26 -0.710440008524
16.28 -0.721061112151
16.3 -0.730760330322
16.32 -0.739506024998
16.34 -0.747269383664
16.36 -0.754024603215
16.38 -0.759749056473
16.4 -0.764423439868
16.42 -0.768031900605
16.44 -0.770562142018
16.46 -0.772005505982
16.48 -0.772357031435
16.5 -0.771615488499
16.52 -0.76978338761
16.54 -0.766866963796
16.56 -0.762876136096
16.58 -0.757824442487
16.6 -0.751728951414
16.62 -0.744610150165
16.64 -0.736491812071
16.66 -0.727400843282
16.68 -0.717367111022
16.7 -0.706423255097
16.72 -0.694604484294
16.74 -0.68194836011
16.76 -0.668494569393
16.78 -0.654284688445
16.8 -0.639361940676
16.82 -0.623770949828
16.84 -0.607557490922
16.86 -0.590768241403
16.88 -0.57345053377
16.9 -0.555652112296
16.92 -0.537420895141
16.94 -0.518804743769
16.96 -0.499851240987
16.98 -0.480607478997
17.0 -0.461119858804
17.02 -0.441433901534
17.04 -0.421594073181
17.06 -0.401643622562
17.08 -0.381624433848
17.1 -0.361576893419
17.12 -0.341539771329
17.14 -0.321550117609
17.16 -0.301643173068
17.18 -0.281852294474
17.2 -0.262208893676
17.22 -0.242742390323
17.24 -0.223480177566
17.26 -0.204447600098
17.28 -0.185667943889
17.3 -0.167162436834
17.32 -0.14895025974
17.34 -0.131048566342
17.36 -0.113472512141
17.38 -0.0962352908948
17.4 -0.0793481777775
17.42 -0.0628205788118
17.44 -0.0466600854121
17.46 -0.0308725334803
17.48 -0.015462066054
17.5 -0.000431199108795
17.52 0.0142191104681
17.54 0.0284893950058
17.56 0.0423816054572
17.58 0.0558990398798
17.6 0.069046272069
17.62 0.0818290806352
17.64 0.0942543787264
17.66 0.106330145109
17.68 0.118065356418
17.7 0.129469921576
17.72 0.140554617713
17.74 0.151331028568
17.76 0.16181148485
17.78 0.172009007338
17.8 0.181937252042
17.82 0.191610458095
17.84 0.201043398007
17.86 0.210251330369
17.88 0.21924995509
17.9 0.228055370551
17.92 0.236684033562
17.94 0.245152720891
17.96 0.253478492997
17.98 0.26167865942
18.0 0.269770745964
18.02 0.277772463008
18.04 0.285701675257
18.06 0.293576372347
18.08 0.301414640169
18.1 0.309234632834
18.12 0.317054544501
18.14 0.324892581649
18.16 0.332766934585
18.18 0.340695748449
18.2 0.348697093375
18.22 0.356788933251
18.24 0.364989092955
18.26 0.373315223591
18.28 0.381784765616
18.3 0.390414909207
18.32 0.399222551768
18.34 0.408224252002
18.36 0.417436180573
18.38 0.426874066561
18.4 0.436553139619
18.42 0.44648806762
18.44 0.456692889243
18.46 0.467180941415
18.48 0.477964781185
18.5 0.489056102169
18.52 0.500465644982
18.54 0.512203101958
18.56 0.524277015747
18.58 0.536694672478
18.6 0.549461988909
18.62 0.562583394363
18.64 0.576061707843
18.66 0.589898010546
18.68 0.60409151495
18.7 0.618639430921
18.72 0.633536830358
18.74 0.648776511335
18.76 0.664348863472
18.78 0.680241735929
18.8 0.696440310715
18.82 0.712926982464
18.84 0.729681248027
18.86 0.746679608028
18.88 0.763895483274
18.9 0.781299149152
18.92 0.798857690939
18.94 0.816534983464
18.96 0.834291698122
18.98 0.852085340626
19.0 0.869870322285
19.02 0.887598068171
19.04 0.905217164062
19.06 0.922673544776
19.08 0.939910725395
19.1 0.956870076227
19.12 0.973491141928
19.14 0.989712004091
19.16 1.00546968591
19.18 1.02070059638
19.2 1.03534101055
19.22 1.04932758125
19.24 1.0625978769
19.26 1.07509093855
19.28 1.08674784883
19.3 1.09751230474
19.32 1.107331185
19.34 1.11615510307
19.36 1.12393893599
19.38 1.13064231979
19.4 1.136230102
19.42 1.14067274273
19.44 1.1439466565
19.46 1.14603448768
19.48 1.14692531417
19.5 1.14661477504
19.52 1.14510511955
19.54 1.14240517638
19.56 1.13853024403
19.58 1.13350190455
19.6 1.12734776448
19.62 1.1201011285
19.64 1.11180061241
19.66 1.10248970294
19.68 1.09221627321
19.7 1.08103206277
19.72 1.06899213172
19.74 1.0561542984
19.76 1.04257856991
19.78 1.02832657454
19.8 1.01346100425
19.82 0.998045074949
19.84 0.982142011055
19.86 0.965814560464
19.88 0.949124543998
19.9 0.932132443746
19.92 0.914897032383
19.94 0.897475045409
19.96 0.879920896983
19.98 0.862286439262
20.0 0.844620764422
20.02 0.826970047986
20.04 0.809377431187
20.06 0.791882940231
20.08 0.774523439687
20.1 0.757332616592
20.12 0.740340992826
20.14 0.723575962014
20.16 0.707061848086
20.18 0.690819982209
20.2 0.674868795329
20.22 0.659223923248
20.24 0.643898321856
20.26 0.628902389815
20.28 0.614244096663
20.3 0.599929114492
20.32 0.58596095089
20.34 0.572341082332
20.36 0.559069086128
20.38 0.546142770166
20.4 0.533558299242
20.42 0.521310317365
20.44 0.509392065663
20.46 0.497795494819
20.48 0.486511372585
20.5 0.475529385184
20.52 0.464838233561
20.54 0.454425723579
20.56 0.444278850597
20.58 0.434383878755
20.6 0.424726414687
20.62 0.415291476307
20.64 0.406063556672
20.66 0.397026683097
20.68 0.388164472576
20.7 0.379460182432
20.72 0.37089675817
20.74 0.362456877567
20.76 0.354122991984
20.78 0.34587736513
20.8 0.337702109516
20.82 0.329579221116
20.84 0.321490612309
20.86 0.31341814356
20.88 0.305343654418
20.9 0.29724899343
20.92 0.289116048202
20.94 0.280926774874
20.96 0.272663228328
20.98 0.264307592457
21.0 0.255842211297
21.02 0.247249621112
21.04 0.238512583761
21.06 0.229614120997
21.08 0.220537551015
21.1 0.211266525966
21.12 0.201785072131
21.14 0.192077631328
21.16 0.182129105181
21.18 0.171924901137
21.2 0.161450980937
21.22 0.150693911506
21.24 0.1396409181
21.26 0.128279939845
21.28 0.11659968764
21.3 0.104589704082
21.32 0.0922404259107
21.34 0.0795432478985
21.36 0.0664905890775
21.38 0.0530759599531
21.4 0.0392940315803
21.42 0.0251407050591
21.44 0.0106131820197
21.46 -0.00428996496491
21.48 -0.0195687219243
21.5 -0.0352215642966
21.52 -0.0512453884308
21.54 -0.0676354456689
21.56 -0.0843852782229
21.58 -0.101486659149
21.6 -0.118929535394
21.62 -0.13670197617
21.64 -0.154790126431
21.66 -0.173178166773
21.68 -0.191848280292
21.7 -0.21078062737
21.72 -0.229953329176
21.74 -0.249342460695
21.76 -0.268922053825
21.78 -0.288664112017
21.8 -0.308538636011
21.82 -0.32851366265
21.84 -0.348555316169
21.86 -0.368627873403
21.88 -0.388693842698
21.9 -0.408714057235
21.92 -0.428647782666
21.94 -0.448452839558
21.96 -0.468085740021
21.98 -0.487501838834
22.0 -0.506655498371
22.02 -0.525500267036
22.04 -0.543989070248
22.06 -0.562074413317
22.08 -0.579708595321
22.1 -0.59684393224
22.12 -0.613432988698
22.14 -0.629428816186
22.16 -0.644785196591
22.18 -0.659456888802
22.2 -0.67339987678
22.22 -0.686571617225
22.24 -0.698931284045
22.26 -0.710440008527
22.28 -0.721061112151
22.3 -0.730760330322
22.32 -0.739506024998
22.34 -0.747269383664
22.36 -0.754024603215
22.38 -0.759749056473
22.4 -0.764423439871
22.42 -0.768031900599
22.44 -0.770562142021
22.46 -0.772005505982
22.48 -0.772357031435
22.5 -0.771615488499
22.52 -0.76978338761
22.54 -0.766866963796
22.56 -0.762876136096
22.58 -0.757824442487
22.6 -0.751728951414
22.62 -0.744610150165
22.64 -0.736491812071
22.66 -0.727400843284
22.68 -0.717367111019
22.7 -0.706423255099
22.72 -0.694604484294
22.74 -0.68194836011
22.76 -0.668494569394
22.78 -0.654284688438
22.8 -0.639361940687
22.82 -0.623770949823
22.84 -0.607557490922
22.86 -0.590768241402
22.88 -0.573450533772
22.9 -0.555652112295
22.92 -0.537420895141
22.94 -0.518804743769
22.96 -0.499851240984
22.98 -0.480607479003
23.0 -0.461119858799
23.02 -0.441433901533
23.04 -0.421594073189
23.06 -0.401643622551
23.08 -0.38162443386
23.1 -0.361576893408
23.12 -0.341539771338
23.14 -0.321550117604
23.16 -0.301643173068
23.18 -0.281852294474
23.2 -0.262208893679
23.22 -0.242742390313
23.24 -0.223480177576
23.26 -0.204447600094
23.28 -0.185667943889
23.3 -0.167162436831
23.32 -0.148950259746
23.34 -0.131048566335
23.36 -0.113472512145
23.38 -0.0962352908991
23.4 -0.0793481777715
23.42 -0.0628205788092
23.44 -0.0466600854219
23.46 -0.0308725334696
23.48 -0.0154620660686
23.5 -0.000431199087679
23.52 0.0142191104477
23.54 0.0284893950198
23.56 0.042381605445
23.58 0.0558990398891
23.6 0.0690462720644
23.62 0.0818290806331
23.64 0.0942543787366
23.66 0.106330145104
23.68 0.118065356414
23.7 0.129469921577
23.72 0.140554617715
23.74 0.15133102857
23.76 0.161811484843
23.78 0.172009007342
23.8 0.181937252042
23.82 0.191610458095
23.84 0.201043398007
23.86 0.210251330375
23.88 0.219249955078
23.9 0.22805537056
23.92 0.23668403355
23.94 0.24515272091
23.96 0.253478492981
23.98 0.261678659422
24.0 0.269770745972
24.02 0.277772463004
24.04 0.285701675261
24.06 0.293576372332
24.08 0.301414640188
24.1 0.30923463283
24.12 0.317054544491
24.14 0.324892581661
24.16 0.332766934574
24.18 0.340695748456
24.2 0.348697093366
24.22 0.356788933258
24.24 0.364989092953
24.26 0.373315223591
24.28 0.381784765618
24.3 0.390414909211
24.32 0.399222551761
24.34 0.408224252
24.36 0.417436180577
24.38 0.426874066568
24.4 0.436553139604
24.42 0.446488067621
24.44 0.456692889257
24.46 0.467180941408
24.48 0.477964781184
24.5 0.489056102164
24.52 0.500465644993
24.54 0.512203101959
24.56 0.524277015735
24.58 0.536694672489
24.6 0.549461988897
24.62 0.562583394377
24.64 0.576061707827
24.66 0.589898010554
24.68 0.604091514951
24.7 0.618639430913
24.72 0.633536830358
24.74 0.64877651136
24.76 0.664348863446
24.78 0.680241735938
24.8 0.696440310712
24.82 0.71292698247
24.84 0.729681248018
24.86 0.746679608029
24.88 0.763895483281
24.9 0.781299149149
24.92 0.798857690939
24.94 0.81653498346
24.96 0.834291698131
24.98 0.852085340624
25.0 0.86987032228
25.02 0.887598068176
25.04 0.905217164054
25.06 0.922673544777
25.08 0.939910725402
25.1 0.956870076223
25.12 0.973491141928
25.14 0.989712004087
25.16 1.00546968591
25.18 1.02070059639
25.2 1.03534101053
25.22 1.04932758125
25.24 1.0625978769
25.26 1.07509093855
25.28 1.08674784882
25.3 1.09751230474
25.32 1.107331185
25.34 1.11615510307
25.36 1.12393893599
25.38 1.13064231979
25.4 1.13623010199
25.42 1.14067274273
25.44 1.1439466565
25.46 1.14603448768
25.48 1.14692531417
25.5 1.14661477504
25.52 1.14510511955
25.54 1.14240517638
25.56 1.13853024403
25.58 1.13350190455
25.6 1.12734776447
25.62 1.12010112851
25.64 1.11180061241
25.66 1.10248970294
25.68 1.09221627321
25.7 1.08103206276
25.72 1.06899213173
25.74 1.0561542984
25.76 1.04257856991
25.78 1.02832657454
25.8 1.01346100425
25.82 0.998045074945
25.84 0.982142011065
25.86 0.965814560459
25.88 0.949124543998
25.9 0.932132443742
25.92 0.914897032391
25.94 0.897475045409
25.96 0.879920896975
25.98 0.862286439268
26.0 0.844620764419
26.02 0.826970047992
26.04 0.809377431168
26.06 0.79188294025
26.08 0.774523439693
26.1 0.757332616574
26.12 0.740340992831
26.14 0.723575962012
26.16 0.707061848094
26.18 0.690819982211
26.2 0.674868795313
26.22 0.659223923267
26.24 0.643898321854
26.26 0.62890238979
26.28 0.614244096687
26.3 0.599929114485
26.32 0.58596095089
26.34 0.572341082324
26.36 0.559069086133
26.38 0.546142770185
26.4 0.533558299222
26.42 0.521310317366
26.44 0.509392065661
26.46 0.497795494837
26.48 0.486511372562
26.5 0.475529385196
26.52 0.464838233567
26.54 0.454425723566
26.56 0.444278850611
26.58 0.434383878733
26.6 0.424726414701
26.62 0.415291476319
26.64 0.406063556643
26.66 0.397026683131
26.68 0.38816447256
26.7 0.379460182416
26.72 0.370896758188
26.74 0.362456877565
26.76 0.354122991982
26.78 0.345877365121
26.8 0.337702109522
26.82 0.329579221134
26.84 0.321490612284
26.86 0.313418143569
26.88 0.305343654414
26.9 0.297248993445
26.92 0.289116048178
26.94 0.280926774891
26.96 0.272663228328
26.98 0.264307592446
27.0 0.255842211297
27.02 0.247249621117
27.04 0.238512583761
27.06 0.229614121009
27.08 0.220537550986
27.1 0.211266525999
27.12 0.201785072114
27.14 0.192077631317
27.16 0.1821291052
27.18 0.171924901131
27.2 0.161450980936
27.22 0.150693911511
27.24 0.13964091808
27.26 0.128279939876
27.28 0.116599687618
27.3 0.104589704088
27.32 0.0922404259065
27.34 0.0795432479109
27.36 0.0664905890572
27.38 0.0530759599722
27.4 0.039294031581
27.42 0.0251407050439
27.44 0.0106131820207
27.46 -0.00428996495663
27.48 -0.0195687219243
27.5 -0.0352215642909
27.52 -0.0512453884535
27.54 -0.0676354456385
27.56 -0.0843852782388
27.58 -0.101486659154
27.6 -0.118929535386
27.62 -0.13670197617
27.64 -0.154790126435
27.66 -0.173178166767
27.68 -0.191848280302
27.7 -0.210780627362
27.72 -0.229953329186
27.74 -0.249342460684
27.76 -0.268922053831
27.78 -0.288664112013
27.8 -0.308538636018
27.82 -0.328513662642
27.84 -0.348555316169
27.86 -0.36862787341
27.88 -0.388693842698
27.9 -0.408714057235
27.92 -0.428647782658
27.94 -0.448452839558
27.96 -0.468085740032
27.98 -0.487501838816
28.0 -0.506655498382
28.02 -0.525500267047
28.04 -0.543989070233
28.06 -0.562074413321
28.08 -0.579708595321
28.1 -0.596843932237
28.12 -0.613432988702
28.14 -0.629428816182
28.16 -0.644785196605
28.18 -0.659456888785
28.2 -0.673399876784
28.22 -0.686571617227
28.24 -0.698931284045
28.26 -0.71044000853
28.28 -0.721061112146
28.3 -0.730760330324
28.32 -0.739506024998
28.34 -0.747269383664
28.36 -0.754024603219
28.38 -0.759749056469
28.4 -0.764423439863
28.42 -0.76803190061
28.44 -0.770562142018
28.46 -0.772005505982
28.48 -0.772357031435
28.5 -0.771615488499
28.52 -0.76978338761
28.54 -0.766866963796
28.56 -0.762876136096
28.58 -0.757824442487
28.6 -0.751728951414
28.62 -0.744610150165
28.64 -0.736491812072
28.66 -0.727400843281
28.68 -0.717367111023
28.7 -0.706423255096
28.72 -0.694604484291
28.74 -0.68194836012
28.76 -0.668494569388
28.78 -0.654284688445
28.8 -0.639361940678
28.82 -0.623770949823
28.84 -0.607557490928
28.86 -0.590768241402
28.88 -0.573450533776
28.9 -0.555652112284
28.92 -0.537420895146
28.94 -0.518804743769
28.96 -0.499851240981
28.98 -0.480607479012
29.0 -0.46111985879
29.02 -0.441433901537
29.04 -0.421594073186
29.06 -0.401643622551
29.08 -0.381624433859
29.1 -0.361576893422
29.12 -0.341539771321
29.14 -0.32155011761
29.16 -0.301643173073
29.18 -0.281852294464
29.2 -0.26220889368
29.22 -0.242742390323
29.24 -0.22348017756
29.26 -0.204447600115
29.28 -0.185667943864
29.3 -0.167162436855
29.32 -0.148950259736
29.34 -0.131048566325
29.36 -0.113472512157
29.38 -0.0962352909051
29.4 -0.0793481777524
29.42 -0.0628205788258
29.44 -0.0466600854069
29.46 -0.0308725334812
29.48 -0.0154620660593
29.5 -0.000431199096169
29.52 0.0142191104553
29.54 0.0284893950002
29.56 0.0423816054705
29.58 0.0558990398759
29.6 0.0690462720677
29.62 0.0818290806387
29.64 0.0942543787303
29.66 0.106330145096
29.68 0.118065356432
29.7 0.129469921554
29.72 0.140554617742
29.74 0.151331028544
29.76 0.161811484855
29.78 0.172009007352
29.8 0.181937252029
29.82 0.191610458088
29.84 0.20104339802
29.86 0.210251330375
29.88 0.21924995508
29.9 0.228055370553
29.92 0.23668403356
29.94 0.2451527209
29.96 0.253478492986
29.98 0.261678659414
30.0 0.269770745975
30.02 0.277772463005
30.04 0.285701675253
30.06 0.293576372353
30.08 0.301414640172
30.1 0.309234632815
30.12 0.317054544525
30.14 0.324892581632
30.16 0.332766934599
30.18 0.340695748431
30.2 0.348697093378
30.22 0.35678893327
30.24 0.364989092936
30.26 0.373315223585
30.28 0.381784765637
30.3 0.390414909204
30.32 0.399222551764
30.34 0.408224251997
30.36 0.417436180583
30.38 0.426874066556
30.4 0.436553139616
30.42 0.44648806761
30.44 0.456692889262
30.46 0.46718094141
30.48 0.477964781172
30.5 0.489056102185
30.52 0.500465644982
30.54 0.51220310194
30.56 0.524277015759
30.58 0.536694672485
30.6 0.549461988902
30.62 0.562583394363
30.64 0.57606170784
30.66 0.589898010553
30.68 0.604091514945
30.7 0.61863943091
30.72 0.633536830368
30.74 0.648776511348
30.76 0.664348863447
30.78 0.680241735955
30.8 0.696440310694
30.82 0.712926982482
30.84 0.729681248006
30.86 0.74667960803
30.88 0.763895483295
30.9 0.78129914913
30.92 0.798857690948
30.94 0.816534983464
30.96 0.834291698131
30.98 0.852085340609
31.0 0.869870322289
31.02 0.887598068178
31.04 0.905217164057
31.06 0.922673544776
31.08 0.939910725395
31.1 0.95687007623
31.12 0.973491141924
31.14 0.989712004082
31.16 1.00546968592
31.18 1.02070059638
31.2 1.03534101054
31.22 1.04932758126
31.24 1.0625978769
31.26 1.07509093856
31.28 1.08674784882
31.3 1.09751230474
31.32 1.107331185
31.34 1.11615510306
31.36 1.12393893599
31.38 1.1306423198
31.4 1.13623010199
31.42 1.14067274273
31.44 1.1439466565
31.46 1.14603448768
31.48 1.14692531417
31.5 1.14661477504
31.52 1.14510511955
31.54 1.14240517637
31.56 1.13853024404
31.58 1.13350190455
31.6 1.12734776447
31.62 1.12010112851
31.64 1.11180061241
31.66 1.10248970294
31.68 1.09221627321
31.7 1.08103206276
31.72 1.06899213174
31.74 1.0561542984
31.76 1.0425785699
31.78 1.02832657455
31.8 1.01346100424
31.82 0.998045074938
31.84 0.982142011064
31.86 0.965814560469
31.88 0.94912454399
31.9 0.932132443746
31.92 0.914897032384
31.94 0.897475045409
31.96 0.879920896982
31.98 0.86228643926
32.0 0.844620764433
32.02 0.826970047978
32.04 0.809377431176
32.06 0.791882940243
32.08 0.774523439697
32.1 0.757332616568
32.12 0.740340992843
32.14 0.723575961998
32.16 0.707061848108
32.18 0.69081998221
32.2 0.674868795301
32.22 0.659223923275
32.24 0.643898321847
32.26 0.628902389803
32.28 0.614244096675
32.3 0.599929114504
32.32 0.585960950877
32.34 0.572341082325
32.36 0.559069086134
32.38 0.546142770171
32.4 0.533558299234
32.42 0.521310317367
32.44 0.509392065672
32.46 0.497795494818
32.48 0.486511372573
32.5 0.47552938518
32.52 0.464838233584
32.54 0.454425723554
32.56 0.444278850622
32.58 0.434383878721
32.6 0.424726414713
32.62 0.415291476319
32.64 0.406063556631
32.66 0.397026683136
32.68 0.388164472555
32.7 0.37946018243
32.72 0.370896758188
32.74 0.362456877558
32.76 0.354122991981
32.78 0.345877365124
32.8 0.337702109517
32.82 0.329579221122
32.84 0.321490612302
32.86 0.313418143566
32.88 0.305343654426
32.9 0.297248993427
32.92 0.289116048191
32.94 0.280926774874
32.96 0.272663228345
32.98 0.264307592432
33.0 0.25584221131
33.02 0.247249621109
33.04 0.23851258377
33.06 0.229614121008
33.08 0.220537550977
33.1 0.211266526003
33.12 0.201785072109
33.14 0.192077631327
33.16 0.182129105202
33.18 0.171924901123
33.2 0.161450980935
33.22 0.150693911503
33.24 0.1396409181
33.26 0.128279939852
33.28 0.116599687631
33.3 0.104589704093
33.32 0.0922404259111
33.34 0.0795432479004
33.36 0.0664905890607
33.38 0.0530759599666
33.4 0.0392940315855
33.42 0.0251407050416
33.44 0.0106131820266
33.46 -0.00428996494815
33.48 -0.0195687219504
33.5 -0.035221564269
33.52 -0.0512453884679
33.54 -0.0676354456322
33.56 -0.0843852782432
33.58 -0.101486659146
33.6 -0.118929535387
33.62 -0.136701976172
33.64 -0.154790126438
33.66 -0.173178166772
33.68 -0.191848280292
33.7 -0.210780627371
33.72 -0.229953329179
33.74 -0.249342460687
33.76 -0.268922053821
33.78 -0.288664112024
33.8 -0.308538636015
33.82 -0.328513662647
33.84 -0.34855531616
33.86 -0.368627873422
33.88 -0.388693842684
33.9 -0.408714057229
33.92 -0.428647782681
33.94 -0.448452839548
33.96 -0.468085740032
33.98 -0.487501838816
34.0 -0.506655498383
34.02 -0.525500267044
34.04 -0.54398907023
34.06 -0.562074413329
34.08 -0.579708595312
34.1 -0.596843932254
34.12 -0.613432988689
34.14 -0.629428816189
34.16 -0.64478519659
34.18 -0.6594568888
34.2 -0.673399876783
34.22 -0.686571617223
34.24 -0.698931284045
34.26 -0.710440008527
34.28 -0.721061112151
34.3 -0.730760330322
34.32 -0.739506024998
34.34 -0.747269383658
34.36 -0.754024603231
34.38 -0.759749056463
34.4 -0.764423439857
34.42 -0.768031900622
34.44 -0.770562142012
34.46 -0.772005505982
34.48 -0.772357031435
34.5 -0.771615488499
34.52 -0.76978338761
34.54 -0.766866963801
34.56 -0.762876136083
34.58 -0.757824442498
34.6 -0.751728951411
34.62 -0.744610150159
34.64 -0.736491812083
34.66 -0.727400843276
34.68 -0.717367111024
34.7 -0.70642325509
34.72 -0.694604484304
34.74 -0.681948360106
34.76 -0.668494569393
34.78 -0.654284688441
34.8 -0.639361940686
34.82 -0.623770949821
34.84 -0.607557490919
34.86 -0.590768241416
34.88 -0.57345053377
34.9 -0.555652112281
34.92 -0.537420895151
34.94 -0.518804743764
34.96 -0.499851240985
34.98 -0.480607479002
35.0 -0.461119858799
35.02 -0.441433901539
35.04 -0.421594073183
35.06 -0.401643622554
35.08 -0.381624433856
35.1 -0.361576893416
35.12 -0.341539771329
35.14 -0.3215501176
35.16 -0.301643173089
35.18 -0.281852294455
35.2 -0.262208893682
35.22 -0.242742390329
35.24 -0.223480177549
35.26 -0.20444760012
35.28 -0.185667943861
35.3 -0.167162436862
35.32 -0.148950259738
35.34 -0.131048566313
35.36 -0.113472512169
35.38 -0.096235290888
35.4 -0.0793481777767
35.42 -0.0628205788004
35.44 -0.0466600854193
35.46 -0.030872533483
35.48 -0.0154620660658
35.5 -0.000431199089677
35.52 0.014219110458
35.54 0.0284893950077
35.56 0.0423816054656
35.58 0.0558990398722
35.6 0.069046272061
35.62 0.0818290806503
35.64 0.0942543787194
35.66 0.106330145098
35.68 0.118065356441
35.7 0.129469921551
35.72 0.14055461774
35.74 0.151331028541
35.76 0.161811484852
35.78 0.172009007363
35.8 0.181937252018
35.82 0.191610458103
35.84 0.201043398004
35.86 0.210251330385
35.88 0.219249955079
35.9 0.228055370545
35.92 0.236684033554
35.94 0.245152720908
35.96 0.253478492989
35.98 0.261678659425
36.0 0.269770745964
36.02 0.277772463007
36.04 0.285701675243
36.06 0.293576372352
36.08 0.301414640189
36.1 0.309234632808
36.12 0.317054544525
36.14 0.324892581633
36.16 0.332766934599
36.18 0.340695748425
36.2 0.348697093375
36.22 0.356788933281
36.24 0.364989092926
36.26 0.3733152236
36.28 0.381784765621
36.3 0.390414909217
36.32 0.399222551744
36.34 0.408224252024
36.36 0.417436180556
36.38 0.426874066571
36.4 0.436553139613
36.42 0.446488067623
36.44 0.456692889251
36.46 0.467180941407
36.48 0.477964781169
36.5 0.489056102185
36.52 0.500465644992
36.54 0.512203101935
36.56 0.524277015771
36.58 0.536694672461
36.6 0.549461988925
36.62 0.562583394344
36.64 0.576061707836
36.66 0.589898010577
36.68 0.604091514925
36.7 0.618639430926
36.72 0.63353683036
36.74 0.648776511348
36.76 0.664348863447
36.78 0.680241735945
36.8 0.696440310713
36.82 0.712926982462
36.84 0.729681248027
36.86 0.746679608029
36.88 0.763895483279
36.9 0.781299149146
36.92 0.798857690927
36.94 0.816534983477
36.96 0.834291698131
36.98 0.852085340609
37.0 0.869870322299
37.02 0.887598068158
37.04 0.905217164077
37.06 0.922673544758
37.08 0.9399107254
37.1 0.95687007624
37.12 0.973491141913
37.14 0.989712004095
37.16 1.00546968591
37.18 1.02070059638
37.2 1.03534101054
37.22 1.04932758125
37.24 1.06259787691
37.26 1.07509093855
37.28 1.08674784883
37.3 1.09751230474
37.32 1.107331185
37.34 1.11615510306
37.36 1.12393893599
37.38 1.1306423198
37.4 1.13623010199
37.42 1.14067274273
37.44 1.1439466565
37.46 1.14603448768
37.48 1.14692531417
37.5 1.14661477504
37.52 1.14510511955
37.54 1.14240517637
37.56 1.13853024404
37.58 1.13350190455
37.6 1.12734776447
37.62 1.12010112851
37.64 1.11180061241
37.66 1.10248970294
37.68 1.09221627321
37.7 1.08103206277
37.72 1.06899213173
37.74 1.0561542984
37.76 1.04257856991
37.78 1.02832657454
37.8 1.01346100426
37.82 0.998045074932
37.84 0.982142011066
37.86 0.965814560469
37.88 0.949124543982
37.9 0.932132443761
37.92 0.914897032366
37.94 0.89747504543
37.96 0.879920896982
37.98 0.862286439239
38.0 0.844620764444
38.02 0.826970047978
38.04 0.809377431176
38.06 0.791882940243
38.08 0.774523439695
38.1 0.757332616584
38.12 0.74034099282
38.14 0.72357596202
38.16 0.707061848086
38.18 0.690819982209
38.2 0.674868795324
38.22 0.659223923263
38.24 0.643898321847
38.26 0.628902389803
38.28 0.614244096674
38.3 0.599929114505
38.32 0.585960950865
38.34 0.572341082348
38.36 0.55906908611
38.38 0.546142770197
38.4 0.533558299233
38.42 0.521310317345
38.44 0.509392065683
38.46 0.497795494818
38.48 0.486511372573
38.5 0.475529385179
38.52 0.464838233586
38.54 0.454425723566
38.56 0.444278850595
38.58 0.434383878751
38.6 0.424726414685
38.62 0.41529147632
38.64 0.406063556654
38.66 0.397026683127
38.68 0.388164472552
38.7 0.37946018243
38.72 0.370896758175
38.74 0.362456877585
38.76 0.354122991956
38.78 0.345877365148
38.8 0.337702109515
38.82 0.329579221101
38.84 0.321490612324
38.86 0.313418143542
38.88 0.305343654437
38.9 0.297248993429
38.92 0.28911604819
38.94 0.280926774886
38.96 0.272663228322
38.98 0.264307592455
39.0 0.255842211288
39.02 0.247249621132
39.04 0.238512583747
39.06 0.229614121007
39.08 0.220537551002
39.1 0.211266525991
39.12 0.201785072109
39.14 0.192077631327
39.16 0.18212910519
39.18 0.171924901146
39.2 0.161450980911
39.22 0.150693911527
39.24 0.1396409181
39.26 0.12827993983
39.28 0.116599687652
39.3 0.104589704072
39.32 0.0922404259213
39.34 0.0795432479004
39.36 0.0664905890607
39.38 0.0530759599746
39.4 0.0392940315696
39.42 0.0251407050573
39.44 0.0106131820112
39.46 -0.00428996494901
39.48 -0.0195687219336
39.5 -0.0352215642865
39.52 -0.0512453884497
39.54 -0.0676354456404
39.56 -0.0843852782449
39.58 -0.101486659145
39.6 -0.118929535394
39.62 -0.136701976158
39.64 -0.154790126454
39.66 -0.173178166758
39.68 -0.191848280284
39.7 -0.210780627395
39.72 -0.229953329158
39.74 -0.249342460703
39.76 -0.268922053817
39.78 -0.288664112022
39.8 -0.308538636015
39.82 -0.328513662637
39.84 -0.348555316179
39.86 -0.368627873403
39.88 -0.388693842702
39.9 -0.408714057226
39.92 -0.428647782669
39.94 -0.448452839563
39.96 -0.468085740014
39.98 -0.487501838826
