0.0 1.03606626895
0.02 1.03705330582
0.04 1.03819364011
0.06 1.03948872352
0.08 1.04093994896
0.1 1.04254865019
0.12 1.04431610116
0.14 1.04624351455
0.16 1.04833203988
0.18 1.0505827608
0.2 1.05299669176
0.22 1.05557477381
0.24 1.05831786955
0.26 1.06122675724
0.28 1.0643021238
0.3 1.06754455685
0.32 1.07095453555
0.34 1.07453242021
0.36 1.07827844071
0.38 1.08219268339
0.4 1.08627507668
0.42 1.09052537501
0.44 1.09494314133
0.46 1.09952772781
0.48 1.10427825495
0.5 1.10919358892
0.52 1.11427231703
0.54 1.11951272158
0.56 1.12491275174
0.58 1.13046999387
0.6 1.13618163995
0.62 1.14204445463
0.64 1.14805474061
0.66 1.1542083029
0.68 1.16050041192
0.7 1.1669257658
0.72 1.17347845229
0.74 1.18015191049
0.76 1.18693889303
0.78 1.19383142916
0.8 1.20082078924
0.82 1.20789745146
0.84 1.21505107141
0.86 1.2222704553
0.88 1.2295435377
0.9 1.23685736472
0.92 1.2441980835
0.94 1.25155093909
0.96 1.25890027954
0.98 1.26622957035
1.0 1.27352141902
1.02 1.28075761072
1.04 1.28791915578
1.06 1.29498634958
1.08 1.30193884553
1.1 1.30875574125
1.12 1.31541567812
1.14 1.3218969541
1.16 1.32817764917
1.18 1.33423576297
1.2 1.34004936328
1.22 1.34559674418
1.24 1.3508565921
1.26 1.35580815786
1.28 1.36043143239
1.3 1.36470732364
1.32 1.36861783195
1.34 1.37214622121
1.36 1.37527718267
1.38 1.37799698871
1.4 1.38029363365
1.42 1.38215695895
1.44 1.38357876038
1.46 1.3845528751
1.48 1.38507524681
1.5 1.38514396774
1.52 1.38475929656
1.54 1.38392365202
1.56 1.38264158221
1.58 1.38091971046
1.6 1.37876665872
1.62 1.37619295018
1.64 1.373210893
1.66 1.36983444767
1.68 1.36607908022
1.7 1.36196160441
1.72 1.35750001543
1.74 1.35271331823
1.76 1.34762135315
1.78 1.34224462166
1.8 1.33660411469
1.82 1.33072114594
1.84 1.32461719213
1.86 1.31831374209
1.88 1.31183215599
1.9 1.30519353601
1.92 1.29841860919
1.94 1.29152762309
1.96 1.28454025443
1.98 1.27747553076
2.0 1.27035176504
2.02 1.26318650255
2.04 1.25599647967
2.06 1.24879759381
2.08 1.24160488371
2.1 1.2344325191
2.12 1.22729379901
2.14 1.22020115758
2.16 1.21316617659
2.18 1.20619960368
2.2 1.19931137545
2.22 1.19251064451
2.24 1.18580580974
2.26 1.17920454911
2.28 1.17271385418
2.3 1.16634006587
2.32 1.16008891097
2.34 1.15396553872
2.36 1.14797455731
2.38 1.14212006973
2.4 1.13640570894
2.42 1.13083467176
2.44 1.12540975168
2.46 1.12013337018
2.48 1.11500760648
2.5 1.11003422582
2.52 1.10521470598
2.54 1.10055026218
2.56 1.09604187031
2.58 1.09169028855
2.6 1.08749607728
2.62 1.0834596175
2.64 1.0795811277
2.66 1.0758606793
2.68 1.07229821063
2.7 1.06889353964
2.72 1.06564637536
2.74 1.06255632814
2.76 1.05962291881
2.78 1.05684558677
2.8 1.05422369713
2.82 1.05175654692
2.84 1.04944337042
2.86 1.04728334381
2.88 1.04527558893
2.9 1.04341917647
2.92 1.04171312847
2.94 1.04015642025
2.96 1.03874798175
2.98 1.03748669841
3.0 1.03637141149
3.02 1.03540091804
3.04 1.03457397031
3.06 1.03388927488
3.08 1.03334549136
3.1 1.03294123071
3.12 1.03267505325
3.14 1.03254546634
3.16 1.03255092173
3.18 1.03268981262
3.2 1.03296047048
3.22 1.03336116153
3.24 1.03389008301
3.26 1.03454535918
3.28 1.0353250371
3.3 1.03622708225
3.32 1.03724937383
3.34 1.03838969999
3.36 1.03964575288
3.38 1.04101512351
3.4 1.04249529657
3.42 1.04408364512
3.44 1.04577742526
3.46 1.04757377077
3.48 1.04946968776
3.5 1.05146204945
3.52 1.05354759096
3.54 1.05572290435
3.56 1.05798443386
3.58 1.06032847141
3.6 1.06275115241
3.62 1.06524845207
3.64 1.06781618203
3.66 1.07044998771
3.68 1.07314534613
3.7 1.0758975645
3.72 1.07870177952
3.74 1.08155295762
3.76 1.084445896
3.78 1.08737522473
3.8 1.09033540996
3.82 1.09332075812
3.84 1.09632542153
3.86 1.09934340505
3.88 1.10236857419
3.9 1.10539466452
3.92 1.10841529247
3.94 1.11142396751
3.96 1.11441410579
3.98 1.11737904519
4.0 1.12031206174
4.02 1.12320638742
4.04 1.12605522928
4.06 1.12885178982
4.08 1.13158928849
4.1 1.13426098437
4.12 1.13686019964
4.14 1.13938034402
4.16 1.14181493978
4.18 1.14415764732
4.2 1.14640229099
4.22 1.14854288514
4.24 1.15057366001
4.26 1.1524890874
4.28 1.15428390581
4.3 1.15595314486
4.32 1.15749214881
4.34 1.15889659886
4.36 1.16016253417
4.38 1.16128637128
4.4 1.16226492173
4.42 1.16309540788
4.44 1.16377547654
4.46 1.16430321045
4.48 1.16467713749
4.5 1.16489623734
4.52 1.1649599459
4.54 1.16486815704
4.56 1.16462122194
4.58 1.16421994599
4.6 1.16366558322
4.62 1.16295982839
4.64 1.16210480692
4.66 1.16110306263
4.68 1.15995754351
4.7 1.15867158569
4.72 1.15724889582
4.74 1.15569353189
4.76 1.15400988283
4.78 1.1522026471
4.8 1.15027681032
4.82 1.14823762225
4.84 1.14609057339
4.86 1.14384137113
4.88 1.14149591601
4.9 1.13906027784
4.92 1.13654067227
4.94 1.13394343759
4.96 1.13127501216
4.98 1.12854191244
5.0 1.12575071182
5.02 1.12290802033
5.04 1.1200204652
5.06 1.11709467258
5.08 1.11413725017
5.1 1.11115477108
5.12 1.10815375876
5.14 1.10514067308
5.16 1.10212189762
5.18 1.09910372805
5.2 1.09609236167
5.22 1.09309388814
5.24 1.09011428117
5.26 1.08715939137
5.28 1.0842349401
5.3 1.08134651428
5.32 1.07849956215
5.34 1.07569938984
5.36 1.07295115892
5.38 1.07025988453
5.4 1.0676304344
5.42 1.06506752843
5.44 1.06257573894
5.46 1.06015949144
5.48 1.05782306592
5.5 1.05557059866
5.52 1.05340608431
5.54 1.05133337847
5.56 1.0493562005
5.58 1.04747813665
5.6 1.04570264335
5.62 1.0440330508
5.64 1.0424725666
5.66 1.04102427961
5.68 1.03969116376
5.7 1.03847608208
5.72 1.03738179061
5.74 1.03641094242
5.76 1.0355660915
5.78 1.0348496967
5.8 1.03426412554
5.82 1.03381165792
5.84 1.0334944897
5.86 1.03331473621
5.88 1.0332744355
5.9 1.03337555144
5.92 1.03361997663
5.94 1.03400953508
5.96 1.03454598454
5.98 1.03523101871
6.0 1.03606626895
6.02 1.03705330582
6.04 1.0381936401
6.06 1.03948872352
6.08 1.04093994896
6.1 1.04254865019
6.12 1.04431610116
6.14 1.04624351455
6.16 1.04833203988
6.18 1.0505827608
6.2 1.05299669176
6.22 1.05557477381
6.24 1.05831786955
6.26 1.06122675724
6.28 1.0643021238
6.3 1.06754455685
6.32 1.07095453555
6.34 1.07453242021
6.36 1.07827844071
6.38 1.0821926834
6.4 1.08627507668
6.42 1.09052537501
6.44 1.09494314133
6.46 1.09952772781
6.48 1.10427825496
6.5 1.10919358892
6.52 1.11427231703
6.54 1.11951272157
6.56 1.12491275174
6.58 1.13046999387
6.6 1.13618163995
6.62 1.14204445463
6.64 1.14805474061
6.66 1.1542083029
6.68 1.16050041192
6.7 1.1669257658
6.72 1.17347845229
6.74 1.18015191049
6.76 1.18693889303
6.78 1.19383142917
6.8 1.20082078924
6.82 1.20789745147
6.84 1.21505107142
6.86 1.2222704553
6.88 1.2295435377
6.9 1.23685736472
6.92 1.2441980835
6.94 1.25155093909
6.96 1.25890027954
6.98 1.26622957035
7.0 1.27352141902
7.02 1.28075761072
7.04 1.28791915578
7.06 1.29498634958
7.08 1.30193884553
7.1 1.30875574125
7.12 1.31541567812
7.14 1.3218969541
7.16 1.32817764917
7.18 1.33423576297
7.2 1.34004936328
7.22 1.34559674418
7.24 1.3508565921
7.26 1.35580815786
7.28 1.3604314324
7.3 1.36470732364
7.32 1.36861783195
7.34 1.37214622121
7.36 1.37527718267
7.38 1.37799698871
7.4 1.38029363365
7.42 1.38215695895
7.44 1.38357876038
7.46 1.3845528751
7.48 1.38507524681
7.5 1.38514396774
7.52 1.38475929656
7.54 1.38392365202
7.56 1.38264158221
7.58 1.38091971046
7.6 1.37876665872
7.62 1.37619295018
7.64 1.373210893
7.66 1.36983444767
7.68 1.36607908022
7.7 1.36196160441
7.72 1.35750001543
7.74 1.35271331823
7.76 1.34762135315
7.78 1.34224462166
7.8 1.33660411469
7.82 1.33072114594
7.84 1.32461719213
7.86 1.31831374209
7.88 1.31183215599
7.9 1.305193536
7.92 1.29841860919
7.94 1.29152762309
7.96 1.28454025443
7.98 1.27747553076
8.0 1.27035176504
8.02 1.26318650255
8.04 1.25599647967
8.06 1.24879759381
8.08 1.24160488371
8.1 1.2344325191
8.12 1.22729379901
8.14 1.22020115758
8.16 1.21316617659
8.18 1.20619960368
8.2 1.19931137545
8.22 1.19251064451
8.24 1.18580580974
8.26 1.17920454911
8.28 1.17271385417
8.3 1.16634006587
8.32 1.16008891097
8.34 1.15396553872
8.36 1.14797455731
8.38 1.14212006973
8.4 1.13640570894
8.42 1.13083467176
8.44 1.12540975168
8.46 1.12013337018
8.48 1.11500760648
8.5 1.11003422582
8.52 1.10521470598
8.54 1.10055026218
8.56 1.09604187031
8.58 1.09169028855
8.6 1.08749607728
8.62 1.0834596175
8.64 1.0795811277
8.66 1.0758606793
8.68 1.07229821063
8.7 1.06889353964
8.72 1.06564637535
8.74 1.06255632814
8.76 1.05962291881
8.78 1.05684558677
8.8 1.05422369714
8.82 1.05175654692
8.84 1.04944337042
8.86 1.04728334381
8.88 1.04527558893
8.9 1.04341917647
8.92 1.04171312847
8.94 1.04015642025
8.96 1.03874798175
8.98 1.03748669841
9.0 1.03637141149
9.02 1.03540091804
9.04 1.03457397031
9.06 1.03388927488
9.08 1.03334549136
9.1 1.03294123071
9.12 1.03267505326
9.14 1.03254546634
9.16 1.03255092172
9.18 1.03268981262
9.2 1.03296047048
9.22 1.03336116153
9.24 1.03389008301
9.26 1.03454535917
9.28 1.0353250371
9.3 1.03622708225
9.32 1.03724937383
9.34 1.03838969999
9.36 1.03964575288
9.38 1.04101512351
9.4 1.04249529657
9.42 1.04408364512
9.44 1.04577742526
9.46 1.04757377077
9.48 1.04946968776
9.5 1.05146204945
9.52 1.05354759096
9.54 1.05572290435
9.56 1.05798443386
9.58 1.06032847141
9.6 1.06275115242
9.62 1.06524845206
9.64 1.06781618203
9.66 1.07044998771
9.68 1.07314534613
9.7 1.0758975645
9.72 1.07870177952
9.74 1.08155295762
9.76 1.084445896
9.78 1.08737522473
9.8 1.09033540996
9.82 1.09332075812
9.84 1.09632542153
9.86 1.09934340504
9.88 1.10236857419
9.9 1.10539466452
9.92 1.10841529247
9.94 1.11142396751
9.96 1.11441410579
9.98 1.11737904519
10.0 1.12031206174
10.02 1.12320638742
10.04 1.12605522928
10.06 1.12885178982
10.08 1.13158928849
10.1 1.13426098437
10.12 1.13686019964
10.14 1.13938034402
10.16 1.14181493978
10.18 1.14415764732
10.2 1.14640229099
10.22 1.14854288514
10.24 1.15057366001
10.26 1.1524890874
10.28 1.15428390581
10.3 1.15595314486
10.32 1.15749214881
10.34 1.15889659886
10.36 1.16016253417
10.38 1.16128637128
10.4 1.16226492173
10.42 1.16309540788
10.44 1.16377547654
10.46 1.16430321045
10.48 1.16467713749
10.5 1.16489623734
10.52 1.1649599459
10.54 1.16486815704
10.56 1.16462122194
10.58 1.16421994599
10.6 1.16366558322
10.62 1.16295982839
10.64 1.16210480692
10.66 1.16110306263
10.68 1.15995754351
10.7 1.15867158569
10.72 1.15724889582
10.74 1.15569353188
10.76 1.15400988283
10.78 1.1522026471
10.8 1.15027681032
10.82 1.14823762225
10.84 1.14609057339
10.86 1.14384137113
10.88 1.14149591601
10.9 1.13906027784
10.92 1.13654067227
10.94 1.13394343759
10.96 1.13127501216
10.98 1.12854191243
11.0 1.12575071182
11.02 1.12290802033
11.04 1.1200204652
11.06 1.11709467258
11.08 1.11413725017
11.1 1.11115477108
11.12 1.10815375876
11.14 1.10514067308
11.16 1.10212189762
11.18 1.09910372804
11.2 1.09609236167
11.22 1.09309388814
11.24 1.09011428117
11.26 1.08715939137
11.28 1.0842349401
11.3 1.08134651428
11.32 1.07849956215
11.34 1.07569938984
11.36 1.07295115892
11.38 1.07025988453
11.4 1.0676304344
11.42 1.06506752843
11.44 1.06257573894
11.46 1.06015949144
11.48 1.05782306592
11.5 1.05557059866
11.52 1.05340608431
11.54 1.05133337847
11.56 1.0493562005
11.58 1.04747813665
11.6 1.04570264335
11.62 1.0440330508
11.64 1.0424725666
11.66 1.04102427961
11.68 1.03969116376
11.7 1.03847608208
11.72 1.03738179061
11.74 1.03641094242
11.76 1.03556609149
11.78 1.0348496967
11.8 1.03426412554
11.82 1.03381165792
11.84 1.0334944897
11.86 1.03331473621
11.88 1.0332744355
11.9 1.03337555144
11.92 1.03361997663
11.94 1.03400953508
11.96 1.03454598454
11.98 1.03523101871
12.0 1.03606626895
12.02 1.03705330582
12.04 1.0381936401
12.06 1.03948872352
12.08 1.04093994896
12.1 1.04254865019
12.12 1.04431610116
12.14 1.04624351455
12.16 1.04833203987
12.18 1.0505827608
12.2 1.05299669176
12.22 1.05557477381
12.24 1.05831786955
12.26 1.06122675724
12.28 1.0643021238
12.3 1.06754455685
12.32 1.07095453555
12.34 1.07453242021
12.36 1.07827844071
12.38 1.08219268339
12.4 1.08627507668
12.42 1.09052537501
12.44 1.09494314133
12.46 1.09952772781
12.48 1.10427825496
12.5 1.10919358892
12.52 1.11427231703
12.54 1.11951272157
12.56 1.12491275174
12.58 1.13046999387
12.6 1.13618163995
12.62 1.14204445463
12.64 1.14805474061
12.66 1.1542083029
12.68 1.16050041192
12.7 1.1669257658
12.72 1.17347845229
12.74 1.18015191049
12.76 1.18693889303
12.78 1.19383142916
12.8 1.20082078924
12.82 1.20789745146
12.84 1.21505107141
12.86 1.2222704553
12.88 1.2295435377
12.9 1.23685736472
12.92 1.24419808351
12.94 1.25155093909
12.96 1.25890027954
12.98 1.26622957035
13.0 1.27352141902
13.02 1.28075761072
13.04 1.28791915578
13.06 1.29498634958
13.08 1.30193884553
13.1 1.30875574125
13.12 1.31541567813
13.14 1.3218969541
13.16 1.32817764917
13.18 1.33423576297
13.2 1.34004936328
13.22 1.34559674418
13.24 1.35085659209
13.26 1.35580815786
13.28 1.3604314324
13.3 1.36470732364
13.32 1.36861783195
13.34 1.37214622121
13.36 1.37527718267
13.38 1.37799698871
13.4 1.38029363365
13.42 1.38215695895
13.44 1.38357876038
13.46 1.3845528751
13.48 1.38507524681
13.5 1.38514396774
13.52 1.38475929656
13.54 1.38392365202
13.56 1.38264158221
13.58 1.38091971046
13.6 1.37876665872
13.62 1.37619295018
13.64 1.373210893
13.66 1.36983444767
13.68 1.36607908022
13.7 1.36196160441
13.72 1.35750001543
13.74 1.35271331823
13.76 1.34762135315
13.78 1.34224462166
13.8 1.33660411469
13.82 1.33072114594
13.84 1.32461719213
13.86 1.31831374209
13.88 1.31183215599
13.9 1.30519353601
13.92 1.29841860919
13.94 1.29152762309
13.96 1.28454025443
13.98 1.27747553076
14.0 1.27035176504
14.02 1.26318650255
14.04 1.25599647967
14.06 1.24879759381
14.08 1.24160488371
14.1 1.2344325191
14.12 1.22729379901
14.14 1.22020115758
14.16 1.21316617659
14.18 1.20619960368
14.2 1.19931137545
14.22 1.19251064451
14.24 1.18580580974
14.26 1.17920454911
14.28 1.17271385417
14.3 1.16634006587
14.32 1.16008891097
14.34 1.15396553873
14.36 1.1479745573
14.38 1.14212006973
14.4 1.13640570894
14.42 1.13083467176
14.44 1.12540975168
14.46 1.12013337018
14.48 1.11500760648
14.5 1.11003422582
14.52 1.10521470598
14.54 1.10055026218
14.56 1.09604187031
14.58 1.09169028855
14.6 1.08749607728
14.62 1.0834596175
14.64 1.0795811277
14.66 1.0758606793
14.68 1.07229821063
14.7 1.06889353964
14.72 1.06564637535
14.74 1.06255632814
14.76 1.05962291881
14.78 1.05684558677
14.8 1.05422369713
14.82 1.05175654692
14.84 1.04944337042
14.86 1.04728334381
14.88 1.04527558893
14.9 1.04341917647
14.92 1.04171312847
14.94 1.04015642025
14.96 1.03874798175
14.98 1.03748669841
15.0 1.03637141149
15.02 1.03540091804
15.04 1.03457397031
15.06 1.03388927488
15.08 1.03334549136
15.1 1.03294123071
15.12 1.03267505326
15.14 1.03254546634
15.16 1.03255092173
15.18 1.03268981262
15.2 1.03296047048
15.22 1.03336116153
15.24 1.03389008301
15.26 1.03454535918
15.28 1.0353250371
15.3 1.03622708225
15.32 1.03724937383
15.34 1.03838969999
15.36 1.03964575288
15.38 1.04101512351
15.4 1.04249529657
15.42 1.04408364512
15.44 1.04577742526
15.46 1.04757377077
15.48 1.04946968776
15.5 1.05146204945
15.52 1.05354759096
15.54 1.05572290435
15.56 1.05798443387
15.58 1.06032847141
15.6 1.06275115242
15.62 1.06524845206
15.64 1.06781618203
15.66 1.07044998771
15.68 1.07314534613
15.7 1.0758975645
15.72 1.07870177952
15.74 1.08155295762
15.76 1.084445896
15.78 1.08737522473
15.8 1.09033540996
15.82 1.09332075812
15.84 1.09632542153
15.86 1.09934340504
15.88 1.10236857419
15.9 1.10539466452
15.92 1.10841529247
15.94 1.11142396751
15.96 1.11441410579
15.98 1.11737904519
16.0 1.12031206174
16.02 1.12320638742
16.04 1.12605522928
16.06 1.12885178982
16.08 1.13158928849
16.1 1.13426098437
16.12 1.13686019964
16.14 1.13938034402
16.16 1.14181493978
16.18 1.14415764732
16.2 1.14640229099
16.22 1.14854288514
16.24 1.15057366001
16.26 1.1524890874
16.28 1.15428390581
16.3 1.15595314486
16.32 1.15749214881
16.34 1.15889659886
16.36 1.16016253417
16.38 1.16128637128
16.4 1.16226492173
16.42 1.16309540788
16.44 1.16377547654
16.46 1.16430321045
16.48 1.16467713749
16.5 1.16489623734
16.52 1.1649599459
16.54 1.16486815704
16.56 1.16462122194
16.58 1.16421994599
16.6 1.16366558321
16.62 1.16295982839
16.64 1.16210480693
16.66 1.16110306263
16.68 1.15995754351
16.7 1.15867158569
16.72 1.15724889582
16.74 1.15569353188
16.76 1.15400988283
16.78 1.1522026471
16.8 1.15027681032
16.82 1.14823762225
16.84 1.14609057339
16.86 1.14384137113
16.88 1.14149591601
16.9 1.13906027784
16.92 1.13654067227
16.94 1.13394343759
16.96 1.13127501216
16.98 1.12854191244
17.0 1.12575071182
17.02 1.12290802033
17.04 1.1200204652
17.06 1.11709467258
17.08 1.11413725017
17.1 1.11115477108
17.12 1.10815375876
17.14 1.10514067308
17.16 1.10212189762
17.18 1.09910372804
17.2 1.09609236167
17.22 1.09309388814
17.24 1.09011428117
17.26 1.08715939137
17.28 1.0842349401
17.3 1.08134651428
17.32 1.07849956215
17.34 1.07569938984
17.36 1.07295115892
17.38 1.07025988453
17.4 1.0676304344
17.42 1.06506752843
17.44 1.06257573894
17.46 1.06015949144
17.48 1.05782306592
17.5 1.05557059866
17.52 1.05340608431
17.54 1.05133337847
17.56 1.0493562005
17.58 1.04747813665
17.6 1.04570264335
17.62 1.0440330508
17.64 1.0424725666
17.66 1.04102427961
17.68 1.03969116376
17.7 1.03847608208
17.72 1.03738179061
17.74 1.03641094242
17.76 1.03556609149
17.78 1.0348496967
17.8 1.03426412554
17.82 1.03381165792
17.84 1.0334944897
17.86 1.03331473621
17.88 1.0332744355
17.9 1.03337555144
17.92 1.03361997663
17.94 1.03400953507
17.96 1.03454598454
17.98 1.03523101871
18.0 1.03606626896
18.02 1.03705330582
18.04 1.0381936401
18.06 1.03948872352
18.08 1.04093994895
18.1 1.04254865019
18.12 1.04431610116
18.14 1.04624351455
18.16 1.04833203988
18.18 1.0505827608
18.2 1.05299669176
18.22 1.05557477381
18.24 1.05831786955
18.26 1.06122675724
18.28 1.0643021238
18.3 1.06754455685
18.32 1.07095453555
18.34 1.07453242021
18.36 1.07827844071
18.38 1.0821926834
18.4 1.08627507668
18.42 1.09052537501
18.44 1.09494314133
18.46 1.09952772781
18.48 1.10427825496
18.5 1.10919358892
18.52 1.11427231703
18.54 1.11951272158
18.56 1.12491275174
18.58 1.13046999387
18.6 1.13618163995
18.62 1.14204445463
18.64 1.14805474061
18.66 1.1542083029
18.68 1.16050041192
18.7 1.1669257658
18.72 1.17347845229
18.74 1.18015191048
18.76 1.18693889304
18.78 1.19383142916
18.8 1.20082078924
18.82 1.20789745147
18.84 1.21505107141
18.86 1.2222704553
18.88 1.2295435377
18.9 1.23685736472
18.92 1.2441980835
18.94 1.25155093909
18.96 1.25890027954
18.98 1.26622957035
19.0 1.27352141902
19.02 1.28075761072
19.04 1.28791915578
19.06 1.29498634958
19.08 1.30193884553
19.1 1.30875574125
19.12 1.31541567812
19.14 1.3218969541
19.16 1.32817764917
19.18 1.33423576297
19.2 1.34004936328
19.22 1.34559674418
19.24 1.35085659209
19.26 1.35580815786
19.28 1.3604314324
19.3 1.36470732364
19.32 1.36861783195
19.34 1.37214622121
19.36 1.37527718267
19.38 1.37799698871
19.4 1.38029363365
19.42 1.38215695895
19.44 1.38357876038
19.46 1.3845528751
19.48 1.38507524681
19.5 1.38514396774
19.52 1.38475929656
19.54 1.38392365202
19.56 1.38264158221
19.58 1.38091971046
19.6 1.37876665873
19.62 1.37619295018
19.64 1.373210893
19.66 1.36983444767
19.68 1.36607908022
19.7 1.36196160441
19.72 1.35750001543
19.74 1.35271331823
19.76 1.34762135315
19.78 1.34224462166
19.8 1.33660411469
19.82 1.33072114594
19.84 1.32461719213
19.86 1.31831374209
19.88 1.31183215599
19.9 1.30519353601
19.92 1.29841860919
19.94 1.29152762309
19.96 1.28454025443
19.98 1.27747553076
20.0 1.27035176504
20.02 1.26318650255
20.04 1.25599647967
20.06 1.24879759381
20.08 1.24160488371
20.1 1.2344325191
20.12 1.22729379901
20.14 1.22020115758
20.16 1.21316617659
20.18 1.20619960368
20.2 1.19931137545
20.22 1.19251064451
20.24 1.18580580974
20.26 1.17920454912
20.28 1.17271385417
20.3 1.16634006587
20.32 1.16008891097
20.34 1.15396553873
20.36 1.1479745573
20.38 1.14212006973
20.4 1.13640570894
20.42 1.13083467175
20.44 1.12540975168
20.46 1.12013337017
20.48 1.11500760648
20.5 1.11003422582
20.52 1.10521470598
20.54 1.10055026218
20.56 1.09604187031
20.58 1.09169028855
20.6 1.08749607728
20.62 1.0834596175
20.64 1.07958112771
20.66 1.0758606793
20.68 1.07229821063
20.7 1.06889353964
20.72 1.06564637535
20.74 1.06255632814
20.76 1.05962291881
20.78 1.05684558677
20.8 1.05422369713
20.82 1.05175654692
20.84 1.04944337042
20.86 1.04728334381
20.88 1.04527558893
20.9 1.04341917647
20.92 1.04171312847
20.94 1.04015642025
20.96 1.03874798175
20.98 1.03748669841
21.0 1.0363714115
21.02 1.03540091804
21.04 1.03457397031
21.06 1.03388927488
21.08 1.03334549136
21.1 1.03294123071
21.12 1.03267505326
21.14 1.03254546634
21.16 1.03255092172
21.18 1.03268981262
21.2 1.03296047048
21.22 1.03336116153
21.24 1.03389008301
21.26 1.03454535918
21.28 1.0353250371
21.3 1.03622708225
21.32 1.03724937383
21.34 1.03838969999
21.36 1.03964575288
21.38 1.04101512351
21.4 1.04249529657
21.42 1.04408364512
21.44 1.04577742526
21.46 1.04757377077
21.48 1.04946968776
21.5 1.05146204945
21.52 1.05354759096
21.54 1.05572290435
21.56 1.05798443386
21.58 1.06032847141
21.6 1.06275115242
21.62 1.06524845206
21.64 1.06781618203
21.66 1.07044998771
21.68 1.07314534613
21.7 1.0758975645
21.72 1.07870177952
21.74 1.08155295762
21.76 1.084445896
21.78 1.08737522473
21.8 1.09033540995
21.82 1.09332075812
21.84 1.09632542153
21.86 1.09934340505
21.88 1.10236857419
21.9 1.10539466452
21.92 1.10841529247
21.94 1.11142396751
21.96 1.11441410579
21.98 1.11737904519
22.0 1.12031206174
22.02 1.12320638742
22.04 1.12605522928
22.06 1.12885178982
22.08 1.13158928849
22.1 1.13426098437
22.12 1.13686019964
22.14 1.13938034402
22.16 1.14181493978
22.18 1.14415764732
22.2 1.14640229099
22.22 1.14854288514
22.24 1.15057366001
22.26 1.1524890874
22.28 1.15428390581
22.3 1.15595314486
22.32 1.15749214881
22.34 1.15889659886
22.36 1.16016253417
22.38 1.16128637128
22.4 1.16226492173
22.42 1.16309540788
22.44 1.16377547654
22.46 1.16430321045
22.48 1.16467713749
22.5 1.16489623734
22.52 1.1649599459
22.54 1.16486815704
22.56 1.16462122194
22.58 1.16421994599
22.6 1.16366558321
22.62 1.16295982839
22.64 1.16210480693
22.66 1.16110306263
22.68 1.15995754351
22.7 1.15867158569
22.72 1.15724889582
22.74 1.15569353188
22.76 1.15400988283
22.78 1.1522026471
22.8 1.15027681032
22.82 1.14823762225
22.84 1.14609057339
22.86 1.14384137113
22.88 1.14149591601
22.9 1.13906027784
22.92 1.13654067227
22.94 1.13394343759
22.96 1.13127501216
22.98 1.12854191243
23.0 1.12575071182
23.02 1.12290802033
23.04 1.1200204652
23.06 1.11709467258
23.08 1.11413725017
23.1 1.11115477108
23.12 1.10815375876
23.14 1.10514067308
23.16 1.10212189762
23.18 1.09910372804
23.2 1.09609236167
23.22 1.09309388814
23.24 1.09011428117
23.26 1.08715939137
23.28 1.0842349401
23.3 1.08134651428
23.32 1.07849956215
23.34 1.07569938984
23.36 1.07295115892
23.38 1.07025988453
23.4 1.0676304344
23.42 1.06506752843
23.44 1.06257573894
23.46 1.06015949144
23.48 1.05782306592
23.5 1.05557059866
23.52 1.05340608431
23.54 1.05133337847
23.56 1.0493562005
23.58 1.04747813665
23.6 1.04570264335
23.62 1.0440330508
23.64 1.0424725666
23.66 1.04102427961
23.68 1.03969116376
23.7 1.03847608208
23.72 1.03738179061
23.74 1.03641094242
23.76 1.03556609149
23.78 1.0348496967
23.8 1.03426412554
23.82 1.03381165792
23.84 1.0334944897
23.86 1.03331473621
23.88 1.0332744355
23.9 1.03337555144
23.92 1.03361997663
23.94 1.03400953508
23.96 1.03454598454
23.98 1.03523101871
24.0 1.03606626895
24.02 1.03705330582
24.04 1.03819364011
24.06 1.03948872352
24.08 1.04093994896
24.1 1.04254865019
24.12 1.04431610116
24.14 1.04624351455
24.16 1.04833203988
24.18 1.0505827608
24.2 1.05299669176
24.22 1.05557477381
24.24 1.05831786955
24.26 1.06122675724
24.28 1.0643021238
24.3 1.06754455685
24.32 1.07095453555
24.34 1.07453242021
24.36 1.07827844071
24.38 1.0821926834
24.4 1.08627507668
24.42 1.09052537501
24.44 1.09494314133
24.46 1.09952772781
24.48 1.10427825496
24.5 1.10919358892
24.52 1.11427231703
24.54 1.11951272158
24.56 1.12491275174
24.58 1.13046999387
24.6 1.13618163995
24.62 1.14204445463
24.64 1.1480547406
24.66 1.1542083029
24.68 1.16050041192
24.7 1.1669257658
24.72 1.17347845229
24.74 1.18015191049
24.76 1.18693889303
24.78 1.19383142916
24.8 1.20082078924
24.82 1.20789745147
24.84 1.21505107141
24.86 1.2222704553
24.88 1.2295435377
24.9 1.23685736472
24.92 1.2441980835
24.94 1.25155093909
24.96 1.25890027954
24.98 1.26622957035
25.0 1.27352141902
25.02 1.28075761072
25.04 1.28791915578
25.06 1.29498634958
25.08 1.30193884553
25.1 1.30875574125
25.12 1.31541567812
25.14 1.3218969541
25.16 1.32817764917
25.18 1.33423576297
25.2 1.34004936328
25.22 1.34559674418
25.24 1.35085659209
25.26 1.35580815786
25.28 1.36043143239
25.3 1.36470732364
25.32 1.36861783195
25.34 1.37214622121
25.36 1.37527718267
25.38 1.37799698871
25.4 1.38029363365
25.42 1.38215695895
25.44 1.38357876038
25.46 1.3845528751
25.48 1.38507524681
25.5 1.38514396774
25.52 1.38475929656
25.54 1.38392365202
25.56 1.38264158221
25.58 1.38091971046
25.6 1.37876665872
25.62 1.37619295018
25.64 1.373210893
25.66 1.36983444767
25.68 1.36607908022
25.7 1.36196160441
25.72 1.35750001543
25.74 1.35271331823
25.76 1.34762135315
25.78 1.34224462166
25.8 1.33660411469
25.82 1.33072114594
25.84 1.32461719213
25.86 1.31831374209
25.88 1.31183215599
25.9 1.305193536
25.92 1.29841860919
25.94 1.29152762309
25.96 1.28454025442
25.98 1.27747553076
26.0 1.27035176504
26.02 1.26318650255
26.04 1.25599647966
26.06 1.24879759381
26.08 1.24160488371
26.1 1.2344325191
26.12 1.22729379901
26.14 1.22020115758
26.16 1.21316617659
26.18 1.20619960368
26.2 1.19931137545
26.22 1.19251064451
26.24 1.18580580974
26.26 1.17920454911
26.28 1.17271385418
26.3 1.16634006587
26.32 1.16008891097
26.34 1.15396553872
26.36 1.14797455731
26.38 1.14212006973
26.4 1.13640570893
26.42 1.13083467176
26.44 1.12540975168
26.46 1.12013337018
26.48 1.11500760648
26.5 1.11003422582
26.52 1.10521470598
26.54 1.10055026217
26.56 1.09604187032
26.58 1.09169028855
26.6 1.08749607728
26.62 1.0834596175
26.64 1.0795811277
26.66 1.07586067931
26.68 1.07229821063
26.7 1.06889353964
26.72 1.06564637536
26.74 1.06255632814
26.76 1.05962291881
26.78 1.05684558677
26.8 1.05422369714
26.82 1.05175654692
26.84 1.04944337042
26.86 1.04728334381
26.88 1.04527558893
26.9 1.04341917647
26.92 1.04171312847
26.94 1.04015642025
26.96 1.03874798175
26.98 1.03748669841
27.0 1.0363714115
27.02 1.03540091804
27.04 1.03457397031
27.06 1.03388927488
27.08 1.03334549136
27.1 1.03294123072
27.12 1.03267505326
27.14 1.03254546634
27.16 1.03255092173
27.18 1.03268981262
27.2 1.03296047048
27.22 1.03336116153
27.24 1.03389008301
27.26 1.03454535918
27.28 1.0353250371
27.3 1.03622708225
27.32 1.03724937383
27.34 1.03838969999
27.36 1.03964575288
27.38 1.04101512351
27.4 1.04249529657
27.42 1.04408364512
27.44 1.04577742526
27.46 1.04757377077
27.48 1.04946968776
27.5 1.05146204945
27.52 1.05354759096
27.54 1.05572290435
27.56 1.05798443386
27.58 1.06032847141
27.6 1.06275115242
27.62 1.06524845206
27.64 1.06781618203
27.66 1.07044998771
27.68 1.07314534613
27.7 1.07589756449
27.72 1.07870177952
27.74 1.08155295762
27.76 1.084445896
27.78 1.08737522473
27.8 1.09033540996
27.82 1.09332075812
27.84 1.09632542153
27.86 1.09934340505
27.88 1.10236857419
27.9 1.10539466452
27.92 1.10841529247
27.94 1.11142396751
27.96 1.11441410579
27.98 1.11737904519
28.0 1.12031206174
28.02 1.12320638742
28.04 1.12605522928
28.06 1.12885178982
28.08 1.13158928849
28.1 1.13426098437
28.12 1.13686019964
28.14 1.13938034402
28.16 1.14181493978
28.18 1.14415764732
28.2 1.14640229099
28.22 1.14854288514
28.24 1.15057366001
28.26 1.1524890874
28.28 1.15428390581
28.3 1.15595314486
28.32 1.15749214881
28.34 1.15889659886
28.36 1.16016253417
28.38 1.16128637128
28.4 1.16226492173
28.42 1.16309540788
28.44 1.16377547654
28.46 1.16430321045
28.48 1.16467713749
28.5 1.16489623734
28.52 1.1649599459
28.54 1.16486815704
28.56 1.16462122194
28.58 1.16421994599
28.6 1.16366558321
28.62 1.16295982839
28.64 1.16210480693
28.66 1.16110306263
28.68 1.15995754351
28.7 1.15867158569
28.72 1.15724889582
28.74 1.15569353188
28.76 1.15400988283
28.78 1.1522026471
28.8 1.15027681032
28.82 1.14823762226
28.84 1.14609057339
28.86 1.14384137114
28.88 1.141495916
28.9 1.13906027784
28.92 1.13654067227
28.94 1.13394343759
28.96 1.13127501216
28.98 1.12854191243
29.0 1.12575071182
29.02 1.12290802033
29.04 1.1200204652
29.06 1.11709467258
29.08 1.11413725017
29.1 1.11115477108
29.12 1.10815375875
29.14 1.10514067308
29.16 1.10212189762
29.18 1.09910372804
29.2 1.09609236167
29.22 1.09309388814
29.24 1.09011428117
29.26 1.08715939137
29.28 1.0842349401
29.3 1.08134651428
29.32 1.07849956215
29.34 1.07569938984
29.36 1.07295115892
29.38 1.07025988453
29.4 1.0676304344
29.42 1.06506752843
29.44 1.06257573894
29.46 1.06015949144
29.48 1.05782306592
29.5 1.05557059866
29.52 1.05340608431
29.54 1.05133337847
29.56 1.0493562005
29.58 1.04747813665
29.6 1.04570264335
29.62 1.0440330508
29.64 1.0424725666
29.66 1.04102427961
29.68 1.03969116376
29.7 1.03847608208
29.72 1.03738179061
29.74 1.03641094242
29.76 1.0355660915
29.78 1.0348496967
29.8 1.03426412554
29.82 1.03381165792
29.84 1.0334944897
29.86 1.03331473621
29.88 1.0332744355
29.9 1.03337555144
29.92 1.03361997663
29.94 1.03400953508
29.96 1.03454598454
29.98 1.03523101871
30.0 1.03606626895
30.02 1.03705330582
30.04 1.0381936401
30.06 1.03948872352
30.08 1.04093994895
30.1 1.04254865019
30.12 1.04431610116
30.14 1.04624351455
30.16 1.04833203988
30.18 1.0505827608
30.2 1.05299669176
30.22 1.05557477381
30.24 1.05831786955
30.26 1.06122675724
30.28 1.0643021238
30.3 1.06754455685
30.32 1.07095453555
30.34 1.07453242021
30.36 1.07827844071
30.38 1.08219268339
30.4 1.08627507668
30.42 1.09052537501
30.44 1.09494314133
30.46 1.09952772781
30.48 1.10427825495
30.5 1.10919358892
30.52 1.11427231703
30.54 1.11951272157
30.56 1.12491275175
30.58 1.13046999387
30.6 1.13618163995
30.62 1.14204445463
30.64 1.14805474061
30.66 1.1542083029
30.68 1.16050041192
30.7 1.1669257658
30.72 1.17347845229
30.74 1.18015191049
30.76 1.18693889303
30.78 1.19383142917
30.8 1.20082078924
30.82 1.20789745147
30.84 1.21505107141
30.86 1.2222704553
30.88 1.22954353771
30.9 1.23685736472
30.92 1.24419808351
30.94 1.25155093909
30.96 1.25890027954
30.98 1.26622957035
31.0 1.27352141902
31.02 1.28075761073
31.04 1.28791915578
31.06 1.29498634958
31.08 1.30193884553
31.1 1.30875574125
31.12 1.31541567812
31.14 1.3218969541
31.16 1.32817764917
31.18 1.33423576297
31.2 1.34004936328
31.22 1.34559674418
31.24 1.35085659209
31.26 1.35580815786
31.28 1.36043143239
31.3 1.36470732364
31.32 1.36861783195
31.34 1.37214622121
31.36 1.37527718267
31.38 1.37799698871
31.4 1.38029363365
31.42 1.38215695895
31.44 1.38357876038
31.46 1.3845528751
31.48 1.38507524681
31.5 1.38514396774
31.52 1.38475929656
31.54 1.38392365201
31.56 1.38264158221
31.58 1.38091971046
31.6 1.37876665872
31.62 1.37619295018
31.64 1.373210893
31.66 1.36983444767
31.68 1.36607908022
31.7 1.36196160441
31.72 1.35750001543
31.74 1.35271331823
31.76 1.34762135315
31.78 1.34224462166
31.8 1.33660411469
31.82 1.33072114594
31.84 1.32461719213
31.86 1.3183137421
31.88 1.31183215599
31.9 1.30519353601
31.92 1.29841860919
31.94 1.29152762309
31.96 1.28454025442
31.98 1.27747553076
32.0 1.27035176505
32.02 1.26318650255
32.04 1.25599647967
32.06 1.24879759381
32.08 1.24160488371
32.1 1.2344325191
32.12 1.22729379901
32.14 1.22020115757
32.16 1.21316617659
32.18 1.20619960368
32.2 1.19931137545
32.22 1.19251064451
32.24 1.18580580974
32.26 1.17920454911
32.28 1.17271385418
32.3 1.16634006587
32.32 1.16008891097
32.34 1.15396553873
32.36 1.14797455731
32.38 1.14212006973
32.4 1.13640570894
32.42 1.13083467176
32.44 1.12540975168
32.46 1.12013337017
32.48 1.11500760648
32.5 1.11003422582
32.52 1.10521470598
32.54 1.10055026217
32.56 1.09604187032
32.58 1.09169028855
32.6 1.08749607728
32.62 1.0834596175
32.64 1.0795811277
32.66 1.07586067931
32.68 1.07229821063
32.7 1.06889353964
32.72 1.06564637536
32.74 1.06255632814
32.76 1.05962291881
32.78 1.05684558677
32.8 1.05422369713
32.82 1.05175654692
32.84 1.04944337042
32.86 1.04728334381
32.88 1.04527558893
32.9 1.04341917647
32.92 1.04171312847
32.94 1.04015642025
32.96 1.03874798175
32.98 1.03748669841
33.0 1.0363714115
33.02 1.03540091804
33.04 1.03457397031
33.06 1.03388927488
33.08 1.03334549136
33.1 1.03294123072
33.12 1.03267505325
33.14 1.03254546634
33.16 1.03255092173
33.18 1.03268981262
33.2 1.03296047048
33.22 1.03336116153
33.24 1.03389008301
33.26 1.03454535918
33.28 1.0353250371
33.3 1.03622708225
33.32 1.03724937383
33.34 1.03838969999
33.36 1.03964575288
33.38 1.04101512351
33.4 1.04249529657
33.42 1.04408364512
33.44 1.04577742526
33.46 1.04757377077
33.48 1.04946968776
33.5 1.05146204945
33.52 1.05354759096
33.54 1.05572290435
33.56 1.05798443386
33.58 1.06032847141
33.6 1.06275115241
33.62 1.06524845207
33.64 1.06781618203
33.66 1.07044998771
33.68 1.07314534613
33.7 1.07589756449
33.72 1.07870177952
33.74 1.08155295762
33.76 1.084445896
33.78 1.08737522473
33.8 1.09033540996
33.82 1.09332075812
33.84 1.09632542153
33.86 1.09934340504
33.88 1.10236857419
33.9 1.10539466452
33.92 1.10841529247
33.94 1.11142396751
33.96 1.11441410579
33.98 1.11737904519
34.0 1.12031206174
34.02 1.12320638742
34.04 1.12605522928
34.06 1.12885178981
34.08 1.13158928849
34.1 1.13426098437
34.12 1.13686019964
34.14 1.13938034402
34.16 1.14181493978
34.18 1.14415764732
34.2 1.14640229099
34.22 1.14854288514
34.24 1.15057366001
34.26 1.1524890874
34.28 1.15428390581
34.3 1.15595314486
34.32 1.15749214881
34.34 1.15889659886
34.36 1.16016253417
34.38 1.16128637128
34.4 1.16226492173
34.42 1.16309540788
34.44 1.16377547654
34.46 1.16430321045
34.48 1.16467713749
34.5 1.16489623734
34.52 1.1649599459
34.54 1.16486815704
34.56 1.16462122194
34.58 1.16421994599
34.6 1.16366558322
34.62 1.16295982839
34.64 1.16210480692
34.66 1.16110306263
34.68 1.15995754351
34.7 1.15867158569
34.72 1.15724889582
34.74 1.15569353189
34.76 1.15400988283
34.78 1.1522026471
34.8 1.15027681032
34.82 1.14823762226
34.84 1.14609057339
34.86 1.14384137113
34.88 1.14149591601
34.9 1.13906027784
34.92 1.13654067227
34.94 1.13394343759
34.96 1.13127501216
34.98 1.12854191243
35.0 1.12575071182
35.02 1.12290802033
35.04 1.1200204652
35.06 1.11709467258
35.08 1.11413725017
35.1 1.11115477108
35.12 1.10815375875
35.14 1.10514067308
35.16 1.10212189762
35.18 1.09910372804
35.2 1.09609236168
35.22 1.09309388814
35.24 1.09011428117
35.26 1.08715939137
35.28 1.0842349401
35.3 1.08134651428
35.32 1.07849956215
35.34 1.07569938984
35.36 1.07295115892
35.38 1.07025988453
35.4 1.0676304344
35.42 1.06506752844
35.44 1.06257573894
35.46 1.06015949144
35.48 1.05782306592
35.5 1.05557059866
35.52 1.05340608431
35.54 1.05133337847
35.56 1.0493562005
35.58 1.04747813665
35.6 1.04570264335
35.62 1.0440330508
35.64 1.0424725666
35.66 1.04102427961
35.68 1.03969116376
35.7 1.03847608208
35.72 1.03738179061
35.74 1.03641094242
35.76 1.03556609149
35.78 1.0348496967
35.8 1.03426412554
35.82 1.03381165792
35.84 1.0334944897
35.86 1.03331473621
35.88 1.0332744355
35.9 1.03337555144
35.92 1.03361997663
35.94 1.03400953508
35.96 1.03454598454
35.98 1.03523101871
36.0 1.03606626895
36.02 1.03705330582
36.04 1.0381936401
36.06 1.03948872352
36.08 1.04093994896
36.1 1.04254865019
36.12 1.04431610116
36.14 1.04624351455
36.16 1.04833203988
36.18 1.0505827608
36.2 1.05299669176
36.22 1.05557477381
36.24 1.05831786955
36.26 1.06122675724
36.28 1.0643021238
36.3 1.06754455685
36.32 1.07095453554
36.34 1.07453242022
36.36 1.0782784407
36.38 1.0821926834
36.4 1.08627507668
36.42 1.09052537501
36.44 1.09494314133
36.46 1.09952772781
36.48 1.10427825495
36.5 1.10919358892
36.52 1.11427231703
36.54 1.11951272157
36.56 1.12491275175
36.58 1.13046999386
36.6 1.13618163996
36.62 1.14204445462
36.64 1.14805474061
36.66 1.15420830291
36.68 1.16050041191
36.7 1.1669257658
36.72 1.17347845229
36.74 1.18015191049
36.76 1.18693889303
36.78 1.19383142917
36.8 1.20082078924
36.82 1.20789745146
36.84 1.21505107141
36.86 1.2222704553
36.88 1.2295435377
36.9 1.23685736472
36.92 1.2441980835
36.94 1.25155093909
36.96 1.25890027954
36.98 1.26622957035
37.0 1.27352141902
37.02 1.28075761072
37.04 1.28791915578
37.06 1.29498634958
37.08 1.30193884553
37.1 1.30875574125
37.12 1.31541567812
37.14 1.3218969541
37.16 1.32817764917
37.18 1.33423576297
37.2 1.34004936328
37.22 1.34559674418
37.24 1.35085659209
37.26 1.35580815786
37.28 1.36043143239
37.3 1.36470732364
37.32 1.36861783195
37.34 1.37214622121
37.36 1.37527718267
37.38 1.37799698871
37.4 1.38029363365
37.42 1.38215695895
37.44 1.38357876038
37.46 1.3845528751
37.48 1.38507524681
37.5 1.38514396774
37.52 1.38475929656
37.54 1.38392365201
37.56 1.38264158221
37.58 1.38091971046
37.6 1.37876665872
37.62 1.37619295018
37.64 1.373210893
37.66 1.36983444767
37.68 1.36607908022
37.7 1.36196160441
37.72 1.35750001543
37.74 1.35271331823
37.76 1.34762135315
37.78 1.34224462166
37.8 1.33660411469
37.82 1.33072114594
37.84 1.32461719213
37.86 1.31831374209
37.88 1.31183215599
37.9 1.30519353601
37.92 1.29841860918
37.94 1.29152762309
37.96 1.28454025442
37.98 1.27747553076
38.0 1.27035176505
38.02 1.26318650255
38.04 1.25599647967
38.06 1.24879759381
38.08 1.24160488371
38.1 1.2344325191
38.12 1.22729379901
38.14 1.22020115758
38.16 1.21316617659
38.18 1.20619960368
38.2 1.19931137545
38.22 1.19251064451
38.24 1.18580580974
38.26 1.17920454911
38.28 1.17271385418
38.3 1.16634006587
38.32 1.16008891097
38.34 1.15396553873
38.36 1.1479745573
38.38 1.14212006974
38.4 1.13640570894
38.42 1.13083467175
38.44 1.12540975169
38.46 1.12013337017
38.48 1.11500760648
38.5 1.11003422582
38.52 1.10521470598
38.54 1.10055026217
38.56 1.09604187031
38.58 1.09169028855
38.6 1.08749607728
38.62 1.0834596175
38.64 1.0795811277
38.66 1.07586067931
38.68 1.07229821063
38.7 1.06889353964
38.72 1.06564637536
38.74 1.06255632814
38.76 1.0596229188
38.78 1.05684558678
38.8 1.05422369713
38.82 1.05175654691
38.84 1.04944337043
38.86 1.04728334381
38.88 1.04527558893
38.9 1.04341917647
38.92 1.04171312847
38.94 1.04015642025
38.96 1.03874798175
38.98 1.03748669841
39.0 1.03637141149
39.02 1.03540091804
39.04 1.03457397031
39.06 1.03388927488
39.08 1.03334549136
39.1 1.03294123071
39.12 1.03267505325
39.14 1.03254546634
39.16 1.03255092173
39.18 1.03268981262
39.2 1.03296047048
39.22 1.03336116154
39.24 1.03389008301
39.26 1.03454535917
39.28 1.0353250371
39.3 1.03622708225
39.32 1.03724937383
39.34 1.03838969999
39.36 1.03964575288
39.38 1.04101512351
39.4 1.04249529657
39.42 1.04408364512
39.44 1.04577742526
39.46 1.04757377077
39.48 1.04946968776
39.5 1.05146204945
39.52 1.05354759096
39.54 1.05572290435
39.56 1.05798443386
39.58 1.06032847141
39.6 1.06275115242
39.62 1.06524845206
39.64 1.06781618203
39.66 1.07044998771
39.68 1.07314534613
39.7 1.07589756449
39.72 1.07870177953
39.74 1.08155295762
39.76 1.084445896
39.78 1.08737522473
39.8 1.09033540996
39.82 1.09332075812
39.84 1.09632542153
39.86 1.09934340505
39.88 1.10236857419
39.9 1.10539466452
39.92 1.10841529247
39.94 1.11142396751
39.96 1.11441410579
39.98 1.11737904519
