0.0 0.106197298917
0.02 0.107628846576
0.04 0.10906278701
0.06 0.110506022523
0.08 0.111965719759
0.1 0.113449296338
0.12 0.114964406729
0.14 0.116518927089
0.16 0.118120939142
0.18 0.119778712926
0.2 0.121500688294
0.22 0.123295455128
0.24 0.125171732053
0.26 0.127138343591
0.28 0.129204195564
0.3 0.131378248616
0.32 0.133669489692
0.34 0.136086901318
0.36 0.138639428498
0.38 0.141335943061
0.4 0.144185205321
0.42 0.147195822819
0.44 0.15037620606
0.46 0.153734521049
0.48 0.157278638488
0.5 0.161016079582
0.52 0.164953958276
0.54 0.169098919933
0.56 0.173457076453
0.58 0.178033937762
0.6 0.182834339909
0.62 0.187862369771
0.64 0.19312128674
0.66 0.198613441561
0.68 0.204340192849
0.7 0.210301821712
0.72 0.21649744513
0.74 0.222924928853
0.76 0.229580800638
0.78 0.23646016491
0.8 0.243556619897
0.82 0.250862178625
0.84 0.258367195123
0.86 0.266060297445
0.88 0.273928329153
0.9 0.281956301077
0.92 0.290127355191
0.94 0.298422742584
0.96 0.306821817381
0.98 0.315302048686
1.0 0.323839052268
1.02 0.33240664384
1.04 0.340976915509
1.06 0.34952033664
1.08 0.358005880294
1.1 0.366401175825
1.12 0.374672687922
1.14 0.382785921803
1.16 0.390705653795
1.18 0.39839618594
1.2 0.40582162257
1.22 0.412946166292
1.24 0.419734430081
1.26 0.42615176174
1.28 0.43216457619
1.3 0.437740690871
1.32 0.442849658895
1.34 0.447463094516
1.36 0.451554985142
1.38 0.455101984336
1.4 0.458083680194
1.42 0.460482833961
1.44 0.462285584103
1.46 0.463481611712
1.48 0.464064263852
1.5 0.464030632259
1.52 0.463381585821
1.54 0.462121756115
1.56 0.460259476423
1.58 0.457806675508
1.6 0.454778728467
1.62 0.451194267788
1.64 0.447074958521
1.66 0.442445242151
1.68 0.437332054156
1.7 0.431764520759
1.72 0.425773640357
1.74 0.41939195536
1.76 0.412653219913
1.78 0.40559206889
1.8 0.39824369294
1.82 0.390643524331
1.84 0.382826937302
1.86 0.374828966529
1.88 0.366684046407
1.9 0.358425773258
1.92 0.350086692189
1.94 0.3416981094
1.96 0.333289930481
1.98 0.324890524548
2.0 0.31652661381
2.02 0.308223187512
2.04 0.300003439187
2.06 0.291888725697
2.08 0.283898546359
2.1 0.276050540462
2.12 0.268360501206
2.14 0.260842404271
2.16 0.253508448989
2.18 0.246369110403
2.2 0.239433200376
2.22 0.232707936045
2.24 0.226199014125
2.26 0.219910689587
2.28 0.213845857383
2.3 0.208006136099
2.32 0.202391952447
2.34 0.197002625743
2.36 0.191836451564
2.38 0.186890783922
2.4 0.182162115478
2.42 0.177646155258
2.44 0.17333790363
2.46 0.169231724202
2.48 0.165321412543
2.5 0.161600261515
2.52 0.15806112325
2.54 0.154696467711
2.56 0.151498437863
2.58 0.148458901598
2.6 0.145569500384
2.62 0.142821694877
2.64 0.140206807579
2.66 0.137716062649
2.68 0.135340623109
2.7 0.133071625536
2.72 0.130900212432
2.74 0.128817562411
2.76 0.126814918393
2.78 0.124883613929
2.8 0.1230150978
2.82 0.121200957068
2.84 0.119432938642
2.86 0.117702969562
2.88 0.11600317603
2.9 0.114325901333
2.92 0.112663722772
2.94 0.111009467592
2.96 0.10935622807
2.98 0.107697375782
3.0 0.106026575072
3.02 0.10433779582
3.04 0.102625325449
3.06 0.100883780325
3.08 0.0991081163785
3.1 0.0972936391058
3.12 0.0954360128582
3.14 0.093531269438
3.16 0.0915758159091
3.18 0.0895664417323
3.2 0.0875003249966
3.22 0.0853750378951
3.24 0.083188551248
3.26 0.0809392381178
3.28 0.0786258764114
3.3 0.0762476504313
3.32 0.0738041513218
3.34 0.071295376349
3.36 0.068721726933
3.38 0.0660840054436
3.4 0.0633834106177
3.42 0.0606215316338
3.44 0.0578003407668
3.46 0.0549221845549
3.48 0.0519897735159
3.5 0.0490061703943
3.52 0.0459747768021
3.54 0.042899318507
3.56 0.0397838290846
3.58 0.0366326322383
3.6 0.0334503226446
3.62 0.0302417454686
3.64 0.0270119746002
3.66 0.0237662897275
3.68 0.020510152294
3.7 0.0172491805613
3.72 0.0139891237866
3.74 0.0107358357933
3.76 0.00749524805101
3.78 0.00427334236384
3.8 0.00107612355861
3.82 -0.00209040788569
3.84 -0.00522028278294
3.86 -0.00830758981524
3.88 -0.0113465013102
3.9 -0.0143312981122
3.92 -0.0172563933227
3.94 -0.0201163547112
3.96 -0.0229059255422
3.98 -0.0256200437437
4.0 -0.028253859156
4.02 -0.0308027487814
4.04 -0.0332623299416
4.06 -0.0356284710655
4.08 -0.0378973004127
4.1 -0.040065212264
4.12 -0.0421288709411
4.14 -0.0440852124994
4.16 -0.0459314442061
4.18 -0.0476650419506
4.2 -0.0492837456849
4.22 -0.0507855530829
4.24 -0.0521687115942
4.26 -0.0534317091712
4.28 -0.054573263848
4.3 -0.0555923125067
4.32 -0.0564879990459
4.34 -0.0572596622329
4.36 -0.0579068236487
4.38 -0.0584291757555
4.4 -0.0588265706291
4.42 -0.0590990093811
4.44 -0.0592466326702
4.46 -0.0592697123167
4.48 -0.0591686443662
4.5 -0.0589439436301
4.52 -0.0585962397398
4.54 -0.0581262749316
4.56 -0.0575349033985
4.58 -0.0568230922211
4.6 -0.0559919239029
4.62 -0.05504260021
4.64 -0.0539764473487
4.66 -0.0527949221237
4.68 -0.0514996190919
4.7 -0.0500922782047
4.72 -0.0485747929407
4.74 -0.0469492185439
4.76 -0.045217780127
4.78 -0.0433828803709
4.8 -0.0414471066522
4.82 -0.039413237228
4.84 -0.0372842463312
4.86 -0.0350633080151
4.88 -0.032753798438
4.9 -0.0303592965865
4.92 -0.0278835832121
4.94 -0.0253306379188
4.96 -0.0227046343801
4.98 -0.0200099335774
5.0 -0.0172510751698
5.02 -0.0144327668901
5.04 -0.0115598721826
5.06 -0.0086373960011
5.08 -0.0056704690494
5.1 -0.00266433040491
5.12 0.000375691154721
5.14 0.00344419707737
5.16 0.00653574004698
5.18 0.00964484578355
5.2 0.012766035594
5.22 0.0158938494342
5.24 0.0190228692545
5.26 0.0221477424909
5.28 0.0252632055633
5.3 0.02836410714
5.32 0.0314454310203
5.34 0.0345023185709
5.36 0.0375300904604
5.38 0.0405242676546
5.4 0.0434805915074
5.42 0.0463950429285
5.44 0.0492638604152
5.46 0.052083557018
5.48 0.0548509360819
5.5 0.0575631057933
5.52 0.0602174924299
5.54 0.0628118523645
5.56 0.0653442827589
5.58 0.0678132310063
5.6 0.0702175028494
5.62 0.0725562693311
5.64 0.0748290724137
5.66 0.0770358294969
5.68 0.0791768367529
5.7 0.0812527713082
5.72 0.0832646924331
5.74 0.0852140416546
5.76 0.0871026419035
5.78 0.0889326957701
5.8 0.0907067828261
5.82 0.0924278561738
5.84 0.0940992381346
5.86 0.0957246152461
5.88 0.0973080324841
5.9 0.0988538868429
5.92 0.10036692018
5.94 0.101852211505
5.96 0.103315168501
5.98 0.104761518534
6.0 0.106197298918
6.02 0.107628846577
6.04 0.109062787008
6.06 0.110506022525
6.08 0.111965719759
6.1 0.113449296338
6.12 0.114964406729
6.14 0.116518927089
6.16 0.118120939142
6.18 0.119778712926
6.2 0.121500688295
6.22 0.123295455126
6.24 0.125171732053
6.26 0.127138343591
6.28 0.129204195566
6.3 0.131378248615
6.32 0.133669489692
6.34 0.136086901318
6.36 0.138639428498
6.38 0.141335943062
6.4 0.14418520532
6.42 0.147195822818
6.44 0.15037620606
6.46 0.153734521049
6.48 0.157278638489
6.5 0.16101607958
6.52 0.164953958277
6.54 0.169098919932
6.56 0.173457076454
6.58 0.178033937763
6.6 0.182834339907
6.62 0.187862369773
6.64 0.193121286739
6.66 0.198613441564
6.68 0.204340192847
6.7 0.210301821713
6.72 0.216497445129
6.74 0.222924928854
6.76 0.229580800637
6.78 0.236460164912
6.8 0.243556619894
6.82 0.250862178626
6.84 0.258367195125
6.86 0.266060297442
6.88 0.273928329155
6.9 0.281956301075
6.92 0.290127355193
6.94 0.298422742581
6.96 0.306821817383
6.98 0.315302048684
7.0 0.323839052269
7.02 0.33240664384
7.04 0.340976915509
7.06 0.34952033664
7.08 0.358005880292
7.1 0.366401175828
7.12 0.37467268792
7.14 0.382785921803
7.16 0.390705653795
7.18 0.39839618594
7.2 0.405821622571
7.22 0.412946166292
7.24 0.419734430081
7.26 0.42615176174
7.28 0.432164576191
7.3 0.437740690869
7.32 0.442849658896
7.34 0.447463094516
7.36 0.451554985142
7.38 0.455101984336
7.4 0.458083680194
7.42 0.460482833961
7.44 0.462285584103
7.46 0.463481611712
7.48 0.464064263852
7.5 0.464030632259
7.52 0.463381585821
7.54 0.462121756115
7.56 0.460259476423
7.58 0.457806675508
7.6 0.454778728466
7.62 0.451194267789
7.64 0.44707495852
7.66 0.442445242151
7.68 0.437332054154
7.7 0.431764520762
7.72 0.425773640356
7.74 0.419391955358
7.76 0.412653219917
7.78 0.405592068887
7.8 0.398243692941
7.82 0.39064352433
7.84 0.3828269373
7.86 0.374828966531
7.88 0.366684046408
7.9 0.358425773253
7.92 0.350086692192
7.94 0.341698109398
7.96 0.33328993048
7.98 0.324890524549
8.0 0.316526613811
8.02 0.308223187509
8.04 0.30000343919
8.06 0.291888725697
8.08 0.283898546359
8.1 0.276050540459
8.12 0.268360501207
8.14 0.260842404272
8.16 0.253508448988
8.18 0.246369110404
8.2 0.239433200377
8.22 0.232707936043
8.24 0.226199014125
8.26 0.219910689588
8.28 0.213845857381
8.3 0.208006136101
8.32 0.202391952447
8.34 0.197002625742
8.36 0.191836451564
8.38 0.186890783922
8.4 0.182162115478
8.42 0.17764615526
8.44 0.173337903629
8.46 0.169231724202
8.48 0.165321412543
8.5 0.161600261513
8.52 0.158061123253
8.54 0.154696467709
8.56 0.151498437862
8.58 0.148458901599
8.6 0.145569500385
8.62 0.142821694876
8.64 0.140206807578
8.66 0.13771606265
8.68 0.135340623108
8.7 0.133071625539
8.72 0.130900212429
8.74 0.128817562412
8.76 0.126814918394
8.78 0.124883613928
8.8 0.123015097802
8.82 0.121200957064
8.84 0.119432938645
8.86 0.117702969562
8.88 0.11600317603
8.9 0.114325901332
8.92 0.112663722775
8.94 0.11100946759
8.96 0.109356228072
8.98 0.107697375781
9.0 0.106026575072
9.02 0.104337795819
9.04 0.102625325447
9.06 0.10088378033
9.08 0.0991081163747
9.1 0.0972936391058
9.12 0.0954360128599
9.14 0.0935312694376
9.16 0.0915758159085
9.18 0.0895664417329
9.2 0.0875003249964
9.22 0.0853750378951
9.24 0.0831885512491
9.26 0.0809392381168
9.28 0.0786258764114
9.3 0.0762476504295
9.32 0.0738041513254
9.34 0.0712953763464
9.36 0.0687217269339
9.38 0.0660840054445
9.4 0.0633834106153
9.42 0.0606215316362
9.44 0.0578003407668
9.46 0.054922184553
9.48 0.0519897735172
9.5 0.049006170394
9.52 0.0459747768024
9.54 0.0428993185072
9.56 0.0397838290835
9.58 0.0366326322387
9.6 0.0334503226456
9.62 0.0302417454665
9.64 0.0270119746023
9.66 0.0237662897255
9.68 0.0205101522963
9.7 0.0172491805611
9.72 0.0139891237854
9.74 0.0107358357924
9.76 0.00749524805227
9.78 0.00427334236525
9.8 0.00107612355709
9.82 -0.00209040788726
9.84 -0.00522028277786
9.86 -0.00830758982031
9.88 -0.011346501309
9.9 -0.0143312981099
9.92 -0.0172563933261
9.94 -0.020116354709
9.96 -0.0229059255438
9.98 -0.0256200437415
10.0 -0.0282538591555
10.02 -0.0308027487846
10.04 -0.03326232994
10.06 -0.035628471066
10.08 -0.0378973004121
10.1 -0.0400652122635
10.12 -0.0421288709416
10.14 -0.044085212501
10.16 -0.0459314442031
10.18 -0.0476650419501
10.2 -0.0492837456889
10.22 -0.0507855530809
10.24 -0.0521687115942
10.26 -0.0534317091717
10.28 -0.0545732638471
10.3 -0.0555923125103
10.32 -0.0564879990397
10.34 -0.057259662236
10.36 -0.0579068236501
10.38 -0.0584291757553
10.4 -0.0588265706253
10.42 -0.0590990093838
10.44 -0.0592466326702
10.46 -0.0592697123167
10.48 -0.0591686443662
10.5 -0.0589439436301
10.52 -0.0585962397389
10.54 -0.0581262749335
10.56 -0.0575349033975
10.58 -0.0568230922211
10.6 -0.0559919239029
10.62 -0.05504260021
10.64 -0.0539764473492
10.66 -0.0527949221232
10.68 -0.0514996190943
10.7 -0.0500922781999
10.72 -0.0485747929426
10.74 -0.0469492185463
10.76 -0.0452177801231
10.78 -0.0433828803729
10.8 -0.0414471066502
10.82 -0.039413237232
10.84 -0.0372842463297
10.86 -0.0350633080141
10.88 -0.0327537984375
10.9 -0.0303592965885
10.92 -0.0278835832099
10.94 -0.0253306379205
10.96 -0.0227046343785
10.98 -0.0200099335791
11.0 -0.0172510751702
11.02 -0.0144327668901
11.04 -0.0115598721792
11.06 -0.0086373960056
11.08 -0.00567046904601
11.1 -0.00266433040436
11.12 0.00037569115192
11.14 0.00344419707671
11.16 0.00653574005165
11.18 0.00964484577896
11.2 0.012766035594
11.22 0.0158938494372
11.24 0.0190228692539
11.26 0.02214774249
11.28 0.025263205564
11.3 0.0283641071392
11.32 0.03144543102
11.34 0.0345023185712
11.36 0.037530090462
11.38 0.0405242676516
11.4 0.0434805915105
11.42 0.0463950429276
11.44 0.0492638604146
11.46 0.052083557018
11.48 0.0548509360806
11.5 0.0575631057947
11.52 0.0602174924306
11.54 0.062811852363
11.56 0.0653442827612
11.58 0.0678132310032
11.6 0.0702175028518
11.62 0.0725562693303
11.64 0.0748290724138
11.66 0.0770358294977
11.68 0.0791768367511
11.7 0.0812527713085
11.72 0.0832646924339
11.74 0.0852140416556
11.76 0.0871026419021
11.78 0.0889326957704
11.8 0.090706782826
11.82 0.0924278561741
11.84 0.094099238135
11.86 0.0957246152442
11.88 0.0973080324866
11.9 0.0988538868408
11.92 0.100366920181
11.94 0.101852211505
11.96 0.103315168502
11.98 0.104761518531
12.0 0.106197298918
12.02 0.107628846578
12.04 0.109062787009
12.06 0.110506022523
12.08 0.111965719759
12.1 0.113449296339
12.12 0.114964406728
12.14 0.116518927088
12.16 0.118120939142
12.18 0.119778712929
12.2 0.121500688293
12.22 0.123295455128
12.24 0.125171732051
12.26 0.127138343594
12.28 0.129204195563
12.3 0.131378248617
12.32 0.133669489692
12.34 0.136086901317
12.36 0.1386394285
12.38 0.14133594306
12.4 0.144185205323
12.42 0.147195822816
12.44 0.150376206062
12.46 0.153734521045
12.48 0.157278638492
12.5 0.161016079581
12.52 0.164953958276
12.54 0.169098919932
12.56 0.173457076452
12.58 0.178033937764
12.6 0.182834339908
12.62 0.187862369772
12.64 0.193121286739
12.66 0.198613441562
12.68 0.204340192847
12.7 0.210301821714
12.72 0.216497445129
12.74 0.222924928854
12.76 0.229580800638
12.78 0.236460164907
12.8 0.2435566199
12.82 0.250862178624
12.84 0.258367195124
12.86 0.266060297443
12.88 0.273928329156
12.9 0.281956301071
12.92 0.290127355195
12.94 0.298422742582
12.96 0.306821817383
12.98 0.315302048686
13.0 0.323839052267
13.02 0.332406643838
13.04 0.340976915512
13.06 0.34952033664
13.08 0.358005880293
13.1 0.366401175823
13.12 0.374672687925
13.14 0.382785921801
13.16 0.390705653795
13.18 0.39839618594
13.2 0.405821622572
13.22 0.41294616629
13.24 0.41973443008
13.26 0.426151761743
13.28 0.43216457619
13.3 0.437740690869
13.32 0.442849658895
13.34 0.447463094517
13.36 0.451554985141
13.38 0.455101984336
13.4 0.458083680194
13.42 0.460482833961
13.44 0.462285584103
13.46 0.463481611712
13.48 0.464064263852
13.5 0.464030632259
13.52 0.463381585821
13.54 0.462121756115
13.56 0.460259476423
13.58 0.457806675508
13.6 0.454778728466
13.62 0.451194267789
13.64 0.44707495852
13.66 0.442445242151
13.68 0.437332054156
13.7 0.431764520759
13.72 0.425773640357
13.74 0.419391955359
13.76 0.412653219918
13.78 0.405592068885
13.8 0.398243692942
13.82 0.39064352433
13.84 0.3828269373
13.86 0.374828966531
13.88 0.366684046406
13.9 0.358425773258
13.92 0.350086692188
13.94 0.3416981094
13.96 0.333289930478
13.98 0.324890524553
14.0 0.316526613807
14.02 0.30822318751
14.04 0.30000343919
14.06 0.291888725697
14.08 0.283898546357
14.1 0.276050540459
14.12 0.268360501211
14.14 0.260842404268
14.16 0.253508448988
14.18 0.246369110406
14.2 0.239433200377
14.22 0.232707936042
14.24 0.226199014124
14.26 0.21991068959
14.28 0.21384585738
14.3 0.208006136101
14.32 0.202391952445
14.34 0.197002625748
14.36 0.191836451559
14.38 0.186890783923
14.4 0.18216211548
14.42 0.17764615526
14.44 0.173337903626
14.46 0.169231724203
14.48 0.165321412544
14.5 0.161600261513
14.52 0.158061123251
14.54 0.154696467712
14.56 0.151498437862
14.58 0.148458901597
14.6 0.145569500384
14.62 0.142821694878
14.64 0.140206807579
14.66 0.137716062648
14.68 0.135340623109
14.7 0.133071625538
14.72 0.130900212429
14.74 0.128817562411
14.76 0.126814918396
14.78 0.124883613927
14.8 0.123015097799
14.82 0.121200957069
14.84 0.119432938642
14.86 0.117702969562
14.88 0.116003176029
14.9 0.114325901334
14.92 0.112663722774
14.94 0.111009467589
14.96 0.10935622807
14.98 0.107697375785
15.0 0.106026575071
15.02 0.104337795817
15.04 0.102625325451
15.06 0.100883780326
15.08 0.0991081163792
15.1 0.0972936391026
15.12 0.0954360128615
15.14 0.0935312694361
15.16 0.091575815909
15.18 0.0895664417332
15.2 0.0875003249966
15.22 0.0853750378955
15.24 0.0831885512468
15.26 0.0809392381195
15.28 0.0786258764102
15.3 0.0762476504296
15.32 0.0738041513245
15.34 0.0712953763482
15.36 0.0687217269338
15.38 0.0660840054428
15.4 0.0633834106161
15.42 0.0606215316363
15.44 0.0578003407665
15.46 0.0549221845535
15.48 0.0519897735174
15.5 0.0490061703929
15.52 0.045974776803
15.54 0.042899318506
15.56 0.0397838290857
15.58 0.036632632237
15.6 0.0334503226473
15.62 0.0302417454655
15.64 0.0270119746026
15.66 0.0237662897261
15.68 0.0205101522943
15.7 0.0172491805626
15.72 0.0139891237834
15.74 0.0107358357946
15.76 0.00749524805333
15.78 0.0042733423617
15.8 0.00107612355738
15.82 -0.002090407884
15.84 -0.00522028277955
15.86 -0.0083075898198
15.88 -0.0113465013106
15.9 -0.0143312981066
15.92 -0.0172563933295
15.94 -0.0201163547084
15.96 -0.0229059255433
15.98 -0.0256200437421
16.0 -0.0282538591559
16.02 -0.030802748782
16.04 -0.0332623299416
16.06 -0.0356284710648
16.08 -0.0378973004145
16.1 -0.0400652122623
16.12 -0.0421288709437
16.14 -0.0440852124954
16.16 -0.0459314442081
16.18 -0.0476650419506
16.2 -0.0492837456849
16.22 -0.0507855530829
16.24 -0.0521687115971
16.26 -0.0534317091654
16.28 -0.0545732638514
16.3 -0.0555923125072
16.32 -0.0564879990436
16.34 -0.0572596622343
16.36 -0.0579068236487
16.38 -0.0584291757555
16.4 -0.0588265706282
16.42 -0.059099009383
16.44 -0.0592466326693
16.46 -0.0592697123167
16.48 -0.0591686443662
16.5 -0.0589439436301
16.52 -0.0585962397398
16.54 -0.0581262749316
16.56 -0.0575349033999
16.58 -0.0568230922183
16.6 -0.0559919239043
16.62 -0.0550426002131
16.64 -0.0539764473425
16.66 -0.0527949221268
16.68 -0.0514996190919
16.7 -0.0500922782047
16.72 -0.0485747929407
16.74 -0.0469492185446
16.76 -0.0452177801255
16.78 -0.0433828803716
16.8 -0.0414471066522
16.82 -0.0394132372297
16.84 -0.0372842463295
16.86 -0.0350633080134
16.88 -0.0327537984377
16.9 -0.0303592965896
16.92 -0.0278835832121
16.94 -0.0253306379177
16.96 -0.0227046343801
16.98 -0.0200099335763
17.0 -0.017251075173
17.02 -0.0144327668879
17.04 -0.0115598721815
17.06 -0.00863739600334
17.08 -0.00567046904714
17.1 -0.00266433040491
17.12 0.000375691152398
17.14 0.00344419707744
17.16 0.00653574005036
17.18 0.00964484578017
17.2 0.0127660355933
17.22 0.0158938494378
17.24 0.0190228692528
17.26 0.0221477424905
17.28 0.0252632055628
17.3 0.0283641071412
17.32 0.0314454310207
17.34 0.0345023185692
17.36 0.0375300904628
17.38 0.0405242676531
17.4 0.0434805915071
17.42 0.0463950429297
17.44 0.049263860414
17.46 0.0520835570183
17.48 0.0548509360826
17.5 0.0575631057912
17.52 0.0602174924327
17.54 0.062811852363
17.56 0.065344282759
17.58 0.0678132310046
17.6 0.0702175028519
17.62 0.0725562693311
17.64 0.0748290724111
17.66 0.0770358294998
17.68 0.0791768367519
17.7 0.0812527713087
17.72 0.0832646924317
17.74 0.0852140416567
17.76 0.087102641902
17.78 0.0889326957703
17.8 0.0907067828255
17.82 0.0924278561748
17.84 0.0940992381376
17.86 0.0957246152399
17.88 0.0973080324879
17.9 0.0988538868423
17.92 0.100366920181
17.94 0.101852211503
17.96 0.103315168504
17.98 0.10476151853
18.0 0.10619729892
18.02 0.107628846576
18.04 0.109062787008
18.06 0.110506022527
18.08 0.111965719754
18.1 0.113449296342
18.12 0.114964406729
18.14 0.116518927086
18.16 0.118120939144
18.18 0.119778712928
18.2 0.121500688293
18.22 0.123295455126
18.24 0.125171732054
18.26 0.127138343592
18.28 0.129204195563
18.3 0.131378248613
18.32 0.133669489695
18.34 0.13608690132
18.36 0.138639428496
18.38 0.141335943062
18.4 0.144185205322
18.42 0.147195822818
18.44 0.150376206058
18.46 0.153734521051
18.48 0.15727863849
18.5 0.161016079582
18.52 0.16495395827
18.54 0.169098919939
18.56 0.173457076451
18.58 0.178033937762
18.6 0.182834339909
18.62 0.187862369772
18.64 0.193121286741
18.66 0.198613441558
18.68 0.204340192851
18.7 0.210301821713
18.72 0.21649744513
18.74 0.222924928845
18.76 0.229580800646
18.78 0.236460164907
18.8 0.243556619897
18.82 0.250862178626
18.84 0.258367195123
18.86 0.266060297445
18.88 0.273928329151
18.9 0.281956301077
18.92 0.290127355193
18.94 0.298422742581
18.96 0.306821817378
18.98 0.315302048692
19.0 0.323839052266
19.02 0.332406643838
19.04 0.340976915511
19.06 0.34952033664
19.08 0.358005880293
19.1 0.366401175825
19.12 0.374672687923
19.14 0.382785921803
19.16 0.390705653792
19.18 0.39839618594
19.2 0.405821622575
19.22 0.41294616629
19.24 0.41973443008
19.26 0.426151761742
19.28 0.43216457619
19.3 0.437740690869
19.32 0.442849658896
19.34 0.447463094516
19.36 0.451554985142
19.38 0.455101984335
19.4 0.458083680196
19.42 0.46048283396
19.44 0.462285584103
19.46 0.463481611712
19.48 0.464064263852
19.5 0.464030632259
19.52 0.463381585821
19.54 0.462121756115
19.56 0.460259476422
19.58 0.457806675508
19.6 0.454778728469
19.62 0.451194267786
19.64 0.447074958521
19.66 0.442445242151
19.68 0.437332054156
19.7 0.431764520759
19.72 0.425773640357
19.74 0.419391955359
19.76 0.412653219916
19.78 0.405592068887
19.8 0.39824369294
19.82 0.390643524336
19.84 0.382826937295
19.86 0.374828966532
19.88 0.366684046407
19.9 0.358425773258
19.92 0.350086692189
19.94 0.3416981094
19.96 0.333289930478
19.98 0.324890524552
20.0 0.316526613809
20.02 0.308223187511
20.04 0.300003439192
20.06 0.291888725692
20.08 0.283898546359
20.1 0.276050540461
20.12 0.268360501208
20.14 0.260842404269
20.16 0.253508448988
20.18 0.246369110404
20.2 0.239433200379
20.22 0.232707936042
20.24 0.226199014124
20.26 0.219910689592
20.28 0.21384585738
20.3 0.208006136098
20.32 0.202391952447
20.34 0.197002625747
20.36 0.191836451561
20.38 0.18689078392
20.4 0.182162115482
20.42 0.177646155257
20.44 0.173337903631
20.46 0.169231724197
20.48 0.165321412547
20.5 0.161600261517
20.52 0.158061123247
20.54 0.15469646771
20.56 0.151498437865
20.58 0.148458901601
20.6 0.145569500382
20.62 0.142821694875
20.64 0.140206807584
20.66 0.137716062643
20.68 0.135340623111
20.7 0.133071625539
20.72 0.13090021243
20.74 0.128817562409
20.76 0.126814918394
20.78 0.124883613932
20.8 0.123015097799
20.82 0.121200957065
20.84 0.119432938645
20.86 0.117702969561
20.88 0.11600317603
20.9 0.114325901331
20.92 0.112663722776
20.94 0.111009467591
20.96 0.109356228069
20.98 0.107697375783
21.0 0.106026575074
21.02 0.104337795814
21.04 0.102625325452
21.06 0.100883780325
21.08 0.0991081163798
21.1 0.0972936391031
21.12 0.0954360128612
21.14 0.0935312694363
21.16 0.0915758159086
21.18 0.0895664417326
21.2 0.0875003249976
21.22 0.0853750378941
21.24 0.0831885512485
21.26 0.0809392381172
21.28 0.0786258764128
21.3 0.0762476504285
21.32 0.0738041513247
21.34 0.0712953763479
21.36 0.068721726934
21.38 0.0660840054428
21.4 0.0633834106161
21.42 0.0606215316355
21.44 0.0578003407688
21.46 0.0549221845515
21.48 0.0519897735179
21.5 0.0490061703917
21.52 0.0459747768065
21.54 0.0428993185036
21.56 0.0397838290851
21.58 0.0366326322376
21.6 0.0334503226474
21.62 0.0302417454655
21.64 0.0270119746026
21.66 0.0237662897261
21.68 0.020510152294
21.7 0.0172491805634
21.72 0.0139891237829
21.74 0.0107358357947
21.76 0.00749524805054
21.78 0.00427334236688
21.8 0.00107612355429
21.82 -0.00209040788183
21.84 -0.00522028278353
21.86 -0.00830758981693
21.88 -0.0113465013112
21.9 -0.0143312981084
21.92 -0.0172563933261
21.94 -0.0201163547101
21.96 -0.0229059255439
21.98 -0.0256200437425
22.0 -0.0282538591534
22.02 -0.0308027487836
22.04 -0.0332623299416
22.06 -0.0356284710648
22.08 -0.0378973004145
22.1 -0.0400652122623
22.12 -0.0421288709454
22.14 -0.0440852124935
22.16 -0.0459314442058
22.18 -0.0476650419541
22.2 -0.0492837456839
22.22 -0.0507855530839
22.24 -0.0521687115951
22.26 -0.0534317091663
22.28 -0.0545732638514
22.3 -0.0555923125072
22.32 -0.0564879990436
22.34 -0.0572596622343
22.36 -0.0579068236487
22.38 -0.0584291757555
22.4 -0.0588265706291
22.42 -0.0590990093811
22.44 -0.0592466326702
22.46 -0.0592697123167
22.48 -0.0591686443662
22.5 -0.0589439436301
22.52 -0.0585962397398
22.54 -0.0581262749316
22.56 -0.0575349033999
22.58 -0.0568230922183
22.6 -0.0559919239043
22.62 -0.0550426002131
22.64 -0.0539764473425
22.66 -0.0527949221285
22.68 -0.0514996190885
22.7 -0.0500922782064
22.72 -0.0485747929407
22.74 -0.0469492185446
22.76 -0.0452177801248
22.78 -0.0433828803716
22.8 -0.0414471066544
22.82 -0.0394132372282
22.84 -0.0372842463283
22.86 -0.0350633080164
22.88 -0.0327537984351
22.9 -0.0303592965902
22.92 -0.0278835832121
22.94 -0.0253306379177
22.96 -0.022704634379
22.98 -0.0200099335784
23.0 -0.0172510751714
23.02 -0.0144327668885
23.04 -0.0115598721808
23.06 -0.00863739600394
23.08 -0.0056704690483
23.1 -0.00266433040313
23.12 0.000375691151133
23.14 0.00344419707811
23.16 0.00653574005036
23.18 0.00964484578017
23.2 0.0127660355942
23.22 0.0158938494351
23.24 0.0190228692554
23.26 0.0221477424897
23.28 0.0252632055628
23.3 0.0283641071404
23.32 0.0314454310221
23.34 0.0345023185699
23.36 0.0375300904614
23.38 0.0405242676508
23.4 0.0434805915101
23.42 0.0463950429294
23.44 0.0492638604134
23.46 0.052083557019
23.48 0.0548509360822
23.5 0.0575631057922
23.52 0.0602174924305
23.54 0.0628118523649
23.56 0.0653442827569
23.58 0.0678132310078
23.6 0.0702175028494
23.62 0.072556269332
23.64 0.0748290724112
23.66 0.0770358294997
23.68 0.0791768367525
23.7 0.0812527713067
23.72 0.0832646924338
23.74 0.0852140416557
23.76 0.0871026419017
23.78 0.0889326957708
23.8 0.0907067828255
23.82 0.0924278561748
23.84 0.0940992381376
23.86 0.0957246152408
23.88 0.097308032486
23.9 0.0988538868429
23.92 0.100366920181
23.94 0.101852211506
23.96 0.1033151685
23.98 0.104761518532
24.0 0.10619729892
24.02 0.107628846576
24.04 0.10906278701
24.06 0.110506022521
24.08 0.11196571976
24.1 0.113449296341
24.12 0.114964406726
24.14 0.116518927089
24.16 0.118120939143
24.18 0.119778712928
24.2 0.121500688291
24.22 0.123295455128
24.24 0.125171732053
24.26 0.127138343593
24.28 0.129204195563
24.3 0.131378248614
24.32 0.133669489693
24.34 0.136086901318
24.36 0.138639428497
24.38 0.141335943065
24.4 0.144185205317
24.42 0.147195822819
24.44 0.150376206063
24.46 0.153734521048
24.48 0.15727863849
24.5 0.16101607958
24.52 0.164953958273
24.54 0.169098919939
24.56 0.173457076448
24.58 0.178033937766
24.6 0.182834339905
24.62 0.187862369777
24.64 0.193121286734
24.66 0.198613441562
24.68 0.204340192851
24.7 0.21030182171
24.72 0.21649744513
24.74 0.222924928856
24.76 0.229580800635
24.78 0.236460164911
24.8 0.243556619895
24.82 0.250862178629
24.84 0.258367195119
24.86 0.266060297445
24.88 0.273928329155
24.9 0.281956301076
24.92 0.290127355193
24.94 0.29842274258
24.96 0.306821817382
24.98 0.31530204869
25.0 0.323839052264
25.02 0.332406643841
25.04 0.340976915507
25.06 0.349520336641
25.08 0.358005880296
25.1 0.366401175823
25.12 0.374672687923
25.14 0.382785921801
25.16 0.390705653793
25.18 0.398396185944
25.2 0.405821622569
25.22 0.412946166292
25.24 0.41973443008
25.26 0.426151761743
25.28 0.432164576187
25.3 0.43774069087
25.32 0.442849658896
25.34 0.447463094516
25.36 0.451554985142
25.38 0.455101984336
25.4 0.458083680194
25.42 0.460482833961
25.44 0.462285584103
25.46 0.463481611712
25.48 0.464064263852
25.5 0.464030632259
25.52 0.463381585821
25.54 0.462121756115
25.56 0.460259476422
25.58 0.457806675509
25.6 0.454778728467
25.62 0.451194267787
25.64 0.447074958521
25.66 0.442445242151
25.68 0.437332054156
25.7 0.431764520757
25.72 0.425773640361
25.74 0.419391955359
25.76 0.412653219913
25.78 0.40559206889
25.8 0.398243692939
25.82 0.390643524333
25.84 0.3828269373
25.86 0.374828966529
25.88 0.366684046407
25.9 0.358425773256
25.92 0.350086692193
25.94 0.341698109399
25.96 0.333289930474
25.98 0.324890524555
26.0 0.316526613808
26.02 0.308223187513
26.04 0.300003439183
26.06 0.291888725701
26.08 0.283898546362
26.1 0.276050540453
26.12 0.268360501211
26.14 0.260842404268
26.16 0.253508448991
26.18 0.246369110405
26.2 0.239433200371
26.22 0.232707936051
26.24 0.226199014124
26.26 0.219910689581
26.28 0.21384585739
26.3 0.208006136096
26.32 0.202391952447
26.34 0.197002625743
26.36 0.191836451563
26.38 0.186890783928
26.4 0.182162115474
26.42 0.177646155257
26.44 0.17333790363
26.46 0.169231724205
26.48 0.165321412538
26.5 0.161600261521
26.52 0.158061123249
26.54 0.154696467705
26.56 0.15149843787
26.58 0.148458901592
26.6 0.145569500387
26.62 0.142821694878
26.64 0.140206807576
26.66 0.137716062653
26.68 0.135340623107
26.7 0.133071625533
26.72 0.130900212436
26.74 0.128817562409
26.76 0.126814918393
26.78 0.124883613929
26.8 0.123015097803
26.82 0.121200957069
26.84 0.119432938638
26.86 0.117702969564
26.88 0.116003176029
26.9 0.114325901335
26.92 0.11266372277
26.94 0.111009467595
26.96 0.109356228068
26.98 0.107697375781
27.0 0.106026575074
27.02 0.104337795814
27.04 0.102625325453
27.06 0.100883780327
27.08 0.0991081163752
27.1 0.0972936391081
27.12 0.0954360128587
27.14 0.0935312694337
27.16 0.0915758159137
27.18 0.0895664417301
27.2 0.0875003249979
27.22 0.0853750378943
27.24 0.0831885512475
27.26 0.0809392381199
27.28 0.0786258764098
27.3 0.0762476504296
27.32 0.0738041513245
27.34 0.0712953763482
27.36 0.0687217269337
27.38 0.0660840054427
27.4 0.0633834106178
27.42 0.0606215316324
27.44 0.0578003407688
27.46 0.0549221845537
27.48 0.0519897735179
27.5 0.0490061703903
27.52 0.0459747768059
27.54 0.0428993185058
27.56 0.0397838290843
27.58 0.0366326322384
27.6 0.0334503226452
27.62 0.0302417454675
27.64 0.0270119746012
27.66 0.0237662897268
27.68 0.0205101522961
27.7 0.0172491805585
27.72 0.0139891237864
27.74 0.010735835795
27.76 0.00749524805121
27.78 0.00427334236339
27.8 0.00107612355878
27.82 -0.00209040788642
27.84 -0.00522028278134
27.86 -0.00830758981708
27.88 -0.0113465013101
27.9 -0.0143312981118
27.92 -0.0172563933221
27.94 -0.0201163547124
27.96 -0.0229059255415
27.98 -0.025620043744
28.0 -0.0282538591537
28.02 -0.0308027487862
28.04 -0.0332623299386
28.06 -0.0356284710653
28.08 -0.0378973004145
28.1 -0.0400652122624
28.12 -0.0421288709434
28.14 -0.0440852124956
28.16 -0.0459314442091
28.18 -0.0476650419486
28.2 -0.0492837456842
28.22 -0.0507855530868
28.24 -0.0521687115927
28.26 -0.0534317091697
28.28 -0.0545732638487
28.3 -0.0555923125077
28.32 -0.0564879990436
28.34 -0.0572596622343
28.36 -0.0579068236501
28.38 -0.0584291757553
28.4 -0.0588265706243
28.42 -0.0590990093856
28.44 -0.0592466326693
28.46 -0.0592697123167
28.48 -0.0591686443662
28.5 -0.0589439436301
28.52 -0.0585962397398
28.54 -0.0581262749316
28.56 -0.0575349033999
28.58 -0.0568230922183
28.6 -0.0559919239043
28.62 -0.0550426002131
28.64 -0.053976447343
28.66 -0.0527949221263
28.68 -0.0514996190931
28.7 -0.0500922782018
28.72 -0.0485747929397
28.74 -0.04694921855
28.76 -0.0452177801229
28.78 -0.0433828803716
28.8 -0.0414471066539
28.82 -0.0394132372246
28.84 -0.0372842463346
28.86 -0.0350633080117
28.88 -0.0327537984397
28.9 -0.0303592965866
28.92 -0.0278835832118
28.94 -0.0253306379189
28.96 -0.022704634378
28.98 -0.0200099335805
29.0 -0.0172510751704
29.02 -0.0144327668879
29.04 -0.0115598721831
29.06 -0.00863739600055
29.08 -0.00567046904998
29.1 -0.0026643304027
29.12 0.000375691149752
29.14 0.00344419707906
29.16 0.00653574004967
29.18 0.00964484578053
29.2 0.0127660355947
29.22 0.0158938494367
29.24 0.0190228692532
29.26 0.0221477424887
29.28 0.0252632055673
29.3 0.0283641071358
29.32 0.031445431022
29.34 0.0345023185719
29.36 0.0375300904616
29.38 0.0405242676499
29.4 0.043480591511
29.42 0.0463950429269
29.44 0.0492638604172
29.46 0.0520835570174
29.48 0.0548509360803
29.5 0.0575631057947
29.52 0.06021749243
29.54 0.0628118523624
29.56 0.0653442827602
29.58 0.0678132310047
29.6 0.0702175028536
29.62 0.0725562693286
29.64 0.074829072412
29.66 0.0770358294995
29.68 0.0791768367532
29.7 0.0812527713051
29.72 0.0832646924371
29.74 0.0852140416517
29.76 0.0871026419035
29.78 0.0889326957714
29.8 0.0907067828255
29.82 0.0924278561728
29.84 0.0940992381378
29.86 0.095724615243
29.88 0.0973080324857
29.9 0.0988538868423
29.92 0.100366920181
29.94 0.101852211506
29.96 0.1033151685
29.98 0.104761518531
30.0 0.10619729892
30.02 0.107628846577
30.04 0.109062787008
30.06 0.110506022527
30.08 0.111965719755
30.1 0.113449296337
30.12 0.114964406735
30.14 0.116518927081
30.16 0.118120939148
30.18 0.119778712922
30.2 0.121500688294
30.22 0.123295455131
30.24 0.125171732048
30.26 0.12713834359
30.28 0.12920419557
30.3 0.131378248612
30.32 0.133669489694
30.34 0.136086901317
30.36 0.138639428499
30.38 0.14133594306
30.4 0.144185205321
30.42 0.147195822815
30.44 0.150376206065
30.46 0.153734521049
30.48 0.157278638485
30.5 0.161016079588
30.52 0.164953958269
30.54 0.169098919932
30.56 0.173457076457
30.58 0.178033937764
30.6 0.182834339907
30.62 0.187862369772
30.64 0.193121286739
30.66 0.198613441562
30.68 0.204340192849
30.7 0.210301821708
30.72 0.216497445134
30.74 0.222924928851
30.76 0.229580800635
30.78 0.236460164918
30.8 0.243556619888
30.82 0.250862178634
30.84 0.258367195113
30.86 0.266060297446
30.88 0.27392832916
30.9 0.281956301067
30.92 0.290127355198
30.94 0.298422742582
30.96 0.306821817382
30.98 0.315302048684
31.0 0.323839052267
31.02 0.332406643843
31.04 0.340976915509
31.06 0.34952033664
31.08 0.358005880293
31.1 0.366401175826
31.12 0.374672687922
31.14 0.382785921799
31.16 0.390705653797
31.18 0.39839618594
31.2 0.405821622571
31.22 0.412946166294
31.24 0.419734430077
31.26 0.426151761746
31.28 0.432164576185
31.3 0.437740690871
31.32 0.442849658896
31.34 0.447463094515
31.36 0.451554985142
31.38 0.455101984336
31.4 0.458083680195
31.42 0.46048283396
31.44 0.462285584103
31.46 0.463481611712
31.48 0.464064263852
31.5 0.464030632259
31.52 0.463381585821
31.54 0.462121756114
31.56 0.460259476425
31.58 0.457806675508
31.6 0.454778728465
31.62 0.451194267789
31.64 0.447074958521
31.66 0.442445242148
31.68 0.437332054157
31.7 0.431764520756
31.72 0.425773640363
31.74 0.419391955357
31.76 0.412653219911
31.78 0.405592068893
31.8 0.398243692939
31.82 0.39064352433
31.84 0.382826937299
31.86 0.374828966535
31.88 0.366684046402
31.9 0.358425773259
31.92 0.350086692189
31.94 0.3416981094
31.96 0.333289930477
31.98 0.324890524552
32.0 0.316526613813
32.02 0.308223187507
32.04 0.300003439187
32.06 0.291888725697
32.08 0.283898546364
32.1 0.27605054045
32.12 0.268360501217
32.14 0.260842404262
32.16 0.253508448997
32.18 0.246369110405
32.2 0.239433200367
32.22 0.232707936053
32.24 0.226199014121
32.26 0.219910689586
32.28 0.213845857385
32.3 0.208006136102
32.32 0.202391952442
32.34 0.197002625744
32.36 0.191836451563
32.38 0.186890783922
32.4 0.182162115479
32.42 0.177646155259
32.44 0.173337903634
32.46 0.169231724197
32.48 0.165321412542
32.5 0.161600261515
32.52 0.158061123255
32.54 0.154696467701
32.56 0.151498437874
32.58 0.148458901588
32.6 0.145569500391
32.62 0.142821694878
32.64 0.140206807572
32.66 0.137716062655
32.68 0.135340623105
32.7 0.133071625538
32.72 0.130900212435
32.74 0.128817562408
32.76 0.126814918393
32.78 0.124883613931
32.8 0.1230150978
32.82 0.121200957066
32.84 0.119432938644
32.86 0.117702969562
32.88 0.116003176033
32.9 0.11432590133
32.92 0.112663722773
32.94 0.11100946759
32.96 0.109356228073
32.98 0.107697375777
33.0 0.106026575078
33.02 0.104337795813
33.04 0.102625325453
33.06 0.100883780327
33.08 0.0991081163734
33.1 0.0972936391091
33.12 0.0954360128577
33.14 0.0935312694348
33.16 0.0915758159147
33.18 0.0895664417291
33.2 0.0875003249966
33.22 0.0853750378946
33.24 0.0831885512485
33.26 0.0809392381177
33.28 0.0786258764106
33.3 0.0762476504322
33.32 0.073804151323
33.34 0.0712953763488
33.36 0.0687217269313
33.38 0.0660840054461
33.4 0.0633834106143
33.42 0.0606215316351
33.44 0.0578003407677
33.46 0.0549221845541
33.48 0.0519897735171
33.5 0.049006170393
33.52 0.0459747768027
33.54 0.042899318507
33.56 0.0397838290839
33.58 0.0366326322391
33.6 0.0334503226444
33.62 0.0302417454698
33.64 0.0270119745988
33.66 0.0237662897278
33.68 0.020510152295
33.7 0.0172491805593
33.72 0.0139891237869
33.74 0.0107358357926
33.76 0.00749524805392
33.78 0.00427334236225
33.8 0.00107612355785
33.82 -0.00209040788497
33.84 -0.00522028278105
33.86 -0.00830758981958
33.88 -0.011346501307
33.9 -0.0143312981117
33.92 -0.0172563933239
33.94 -0.0201163547118
33.96 -0.0229059255415
33.98 -0.025620043744
34.0 -0.0282538591531
34.02 -0.0308027487874
34.04 -0.0332623299375
34.06 -0.0356284710667
34.08 -0.0378973004102
34.1 -0.0400652122681
34.12 -0.0421288709411
34.14 -0.0440852124969
34.16 -0.0459314442041
34.18 -0.0476650419524
34.2 -0.0492837456873
34.22 -0.0507855530822
34.24 -0.0521687115951
34.26 -0.0534317091651
34.28 -0.0545732638538
34.3 -0.055592312506
34.32 -0.0564879990436
34.34 -0.0572596622324
34.36 -0.0579068236539
34.38 -0.0584291757534
34.4 -0.0588265706212
34.42 -0.0590990093919
34.44 -0.0592466326662
34.46 -0.0592697123167
34.48 -0.0591686443662
34.5 -0.0589439436301
34.52 -0.0585962397398
34.54 -0.0581262749343
34.56 -0.0575349033937
34.58 -0.0568230922228
34.6 -0.0559919239034
34.62 -0.05504260021
34.64 -0.0539764473487
34.66 -0.0527949221237
34.68 -0.0514996190924
34.7 -0.0500922782035
34.72 -0.0485747929416
34.74 -0.0469492185444
34.76 -0.0452177801255
34.78 -0.043382880369
34.8 -0.0414471066587
34.82 -0.0394132372229
34.84 -0.0372842463328
34.86 -0.0350633080144
34.88 -0.0327537984377
34.9 -0.030359296588
34.92 -0.0278835832111
34.94 -0.0253306379185
34.96 -0.0227046343796
34.98 -0.0200099335791
35.0 -0.0172510751714
35.02 -0.0144327668884
35.04 -0.0115598721797
35.06 -0.00863739600393
35.08 -0.00567046904884
35.1 -0.00266433040376
35.12 0.000375691150178
35.14 0.00344419708369
35.16 0.00653574004371
35.18 0.00964484578198
35.2 0.0127660355962
35.22 0.0158938494342
35.24 0.0190228692555
35.26 0.0221477424879
35.28 0.0252632055665
35.3 0.0283641071373
35.32 0.0314454310214
35.34 0.0345023185726
35.36 0.03753009046
35.38 0.0405242676519
35.4 0.0434805915079
35.42 0.046395042931
35.44 0.049263860415
35.46 0.0520835570167
35.48 0.054850936081
35.5 0.0575631057942
35.52 0.0602174924307
35.54 0.0628118523629
35.56 0.0653442827613
35.58 0.0678132310031
35.6 0.070217502852
35.62 0.0725562693311
35.64 0.0748290724102
35.66 0.0770358295003
35.68 0.0791768367535
35.7 0.081252771305
35.72 0.0832646924362
35.74 0.0852140416531
35.76 0.0871026419025
35.78 0.0889326957725
35.8 0.0907067828239
35.82 0.0924278561751
35.84 0.094099238136
35.86 0.0957246152442
35.88 0.0973080324866
35.9 0.0988538868389
35.92 0.100366920181
35.94 0.101852211506
35.96 0.103315168501
35.98 0.104761518534
36.0 0.106197298917
36.02 0.107628846578
36.04 0.109062787004
36.06 0.110506022526
36.08 0.111965719761
36.1 0.113449296335
36.12 0.114964406735
36.14 0.116518927083
36.16 0.118120939148
36.18 0.119778712921
36.2 0.121500688294
36.22 0.123295455133
36.24 0.125171732046
36.26 0.127138343595
36.28 0.129204195565
36.3 0.131378248616
36.32 0.133669489687
36.34 0.136086901327
36.36 0.138639428489
36.38 0.141335943066
36.4 0.144185205319
36.42 0.14719582282
36.44 0.150376206061
36.46 0.153734521047
36.48 0.157278638485
36.5 0.161016079588
36.52 0.164953958273
36.54 0.16909891993
36.56 0.173457076462
36.58 0.178033937755
36.6 0.182834339916
36.62 0.187862369764
36.64 0.193121286738
36.66 0.198613441571
36.68 0.204340192842
36.7 0.210301821715
36.72 0.21649744513
36.74 0.222924928851
36.76 0.229580800635
36.78 0.236460164914
36.8 0.243556619896
36.82 0.250862178625
36.84 0.258367195123
36.86 0.266060297445
36.88 0.273928329154
36.9 0.281956301074
36.92 0.290127355188
36.94 0.298422742588
36.96 0.306821817382
36.98 0.315302048683
37.0 0.323839052272
37.02 0.332406643833
37.04 0.340976915518
37.06 0.349520336632
37.08 0.358005880295
37.1 0.36640117583
37.12 0.374672687917
37.14 0.382785921804
37.16 0.390705653795
37.18 0.39839618594
37.2 0.405821622571
37.22 0.412946166292
37.24 0.419734430081
37.26 0.426151761742
37.28 0.432164576189
37.3 0.437740690869
37.32 0.442849658896
37.34 0.447463094516
37.36 0.45155498514
37.38 0.455101984337
37.4 0.458083680195
37.42 0.46048283396
37.44 0.462285584103
37.46 0.463481611712
37.48 0.464064263852
37.5 0.464030632259
37.52 0.463381585821
37.54 0.462121756113
37.56 0.460259476426
37.58 0.457806675507
37.6 0.454778728466
37.62 0.451194267789
37.64 0.447074958521
37.66 0.442445242149
37.68 0.437332054155
37.7 0.43176452076
37.72 0.425773640357
37.74 0.419391955359
37.76 0.412653219914
37.78 0.405592068889
37.8 0.398243692943
37.82 0.390643524328
37.84 0.3828269373
37.86 0.374828966535
37.88 0.366684046398
37.9 0.358425773266
37.92 0.35008669218
37.94 0.34169810941
37.96 0.333289930477
37.98 0.324890524543
38.0 0.316526613818
38.02 0.308223187507
38.04 0.300003439187
38.06 0.291888725697
38.08 0.283898546363
38.1 0.276050540457
38.12 0.268360501206
38.14 0.260842404272
38.16 0.253508448988
38.18 0.246369110404
38.2 0.239433200376
38.22 0.232707936048
38.24 0.226199014121
38.26 0.219910689587
38.28 0.213845857384
38.3 0.208006136103
38.32 0.202391952437
38.34 0.197002625753
38.36 0.191836451554
38.38 0.186890783932
38.4 0.182162115479
38.42 0.177646155249
38.44 0.173337903639
38.46 0.169231724197
38.48 0.165321412542
38.5 0.161600261515
38.52 0.158061123256
38.54 0.154696467705
38.56 0.151498437864
38.58 0.148458901599
38.6 0.145569500381
38.62 0.142821694879
38.64 0.140206807579
38.66 0.137716062653
38.68 0.135340623104
38.7 0.133071625538
38.72 0.130900212431
38.74 0.128817562416
38.76 0.126814918385
38.78 0.124883613937
38.8 0.123015097799
38.82 0.121200957061
38.84 0.119432938649
38.86 0.117702969557
38.88 0.116003176035
38.9 0.11432590133
38.92 0.112663722773
38.94 0.111009467593
38.96 0.109356228068
38.98 0.107697375782
39.0 0.106026575073
39.02 0.104337795818
39.04 0.102625325449
39.06 0.100883780326
39.08 0.0991081163788
39.1 0.0972936391066
39.12 0.0954360128577
39.14 0.0935312694355
39.16 0.0915758159113
39.18 0.0895664417335
39.2 0.0875003249932
39.22 0.0853750378977
39.24 0.0831885512489
39.26 0.0809392381145
39.28 0.0786258764135
39.3 0.0762476504296
39.32 0.0738041513242
39.34 0.0712953763488
39.36 0.0687217269313
39.38 0.0660840054461
39.4 0.0633834106145
39.42 0.0606215316346
39.44 0.0578003407683
39.46 0.0549221845532
39.48 0.0519897735177
39.5 0.0490061703927
39.52 0.0459747768027
39.54 0.0428993185079
39.56 0.0397838290822
39.58 0.0366326322399
39.6 0.0334503226455
39.62 0.0302417454674
39.64 0.0270119745997
39.66 0.0237662897272
39.68 0.0205101522983
39.7 0.0172491805557
39.72 0.013989123789
39.74 0.0107358357936
39.76 0.00749524805051
39.78 0.00427334236394
39.8 0.00107612355785
39.82 -0.00209040788352
39.84 -0.00522028278382
39.86 -0.00830758981693
39.88 -0.0113465013096
39.9 -0.0143312981105
39.92 -0.0172563933239
39.94 -0.0201163547129
39.96 -0.0229059255394
39.98 -0.025620043745
