0.0 1.3698824152
0.02 1.3661064746
0.04 1.36229155251
0.06 1.35843961955
0.08 1.35455274885
0.1 1.350633114
0.12 1.34668298677
0.14 1.34270473425
0.16 1.33870081571
0.18 1.33467377906
0.2 1.33062625691
0.22 1.32656096231
0.24 1.32248068425
0.26 1.31838828268
0.28 1.31428668346
0.3 1.31017887293
0.32 1.30606789229
0.34 1.30195683182
0.36 1.29784882494
0.38 1.29374704204
0.4 1.28965468438
0.42 1.28557497774
0.44 1.28151116617
0.46 1.27746650564
0.48 1.27344425769
0.5 1.26944768324
0.52 1.26548003636
0.54 1.26154455812
0.56 1.25764447071
0.58 1.25378297148
0.6 1.24996322739
0.62 1.24618836941
0.64 1.24246148731
0.66 1.23878562454
0.68 1.23516377343
0.7 1.23159887057
0.72 1.2280937925
0.74 1.22465135163
0.76 1.22127429244
0.78 1.21796528797
0.8 1.21472693658
0.82 1.21156175902
0.84 1.20847219572
0.86 1.20546060445
0.88 1.2025292582
0.9 1.1996803433
0.92 1.19691595797
0.94 1.1942381109
0.96 1.19164872029
0.98 1.18914961301
1.0 1.18674252405
1.02 1.18442909616
1.04 1.18221087974
1.06 1.18008933288
1.08 1.17806582163
1.1 1.17614162041
1.12 1.17431791258
1.14 1.17259579117
1.16 1.17097625971
1.18 1.16946023318
1.2 1.1680485391
1.22 1.1667419186
1.24 1.16554102767
1.26 1.16444643841
1.28 1.16345864029
1.3 1.16257804151
1.32 1.16180497031
1.34 1.16113967631
1.36 1.16058233183
1.38 1.16013303322
1.4 1.1597918021
1.42 1.15955858663
1.44 1.15943326267
1.46 1.15941563496
1.48 1.15950543814
1.5 1.15970233782
1.52 1.16000593153
1.54 1.16041574955
1.56 1.16093125579
1.58 1.16155184848
1.6 1.16227686087
1.62 1.16310556183
1.64 1.16403715642
1.66 1.16507078633
1.68 1.16620553033
1.7 1.16744040466
1.72 1.16877436339
1.74 1.17020629867
1.76 1.17173504107
1.78 1.17335935984
1.8 1.17507796313
1.82 1.17688949832
1.84 1.17879255225
1.86 1.18078565153
1.88 1.18286726291
1.9 1.18503579368
1.92 1.18728959204
1.94 1.18962694772
1.96 1.1920460925
1.98 1.19454520094
2.0 1.19712239116
2.02 1.19977572575
2.04 1.20250321277
2.06 1.20530280691
2.08 1.20817241077
2.1 1.21110987632
2.12 1.2141130064
2.14 1.21717955655
2.16 1.2203072368
2.18 1.22349371379
2.2 1.22673661292
2.22 1.23003352077
2.24 1.23338198761
2.26 1.23677953008
2.28 1.24022363406
2.3 1.24371175768
2.32 1.24724133442
2.34 1.25080977646
2.36 1.25441447805
2.38 1.25805281908
2.4 1.26172216871
2.42 1.26541988914
2.44 1.26914333944
2.46 1.27288987949
2.48 1.27665687387
2.5 1.280441696
2.52 1.28424173207
2.54 1.28805438514
2.56 1.29187707921
2.58 1.29570726317
2.6 1.29954241484
2.62 1.30338004488
2.64 1.30721770059
2.66 1.31105296968
2.68 1.31488348388
2.7 1.31870692244
2.72 1.32252101548
2.74 1.32632354714
2.76 1.33011235858
2.78 1.33388535082
2.8 1.33764048724
2.82 1.34137579605
2.84 1.34508937232
2.86 1.34877937998
2.88 1.35244405333
2.9 1.35608169856
2.92 1.35969069473
2.94 1.36326949474
2.96 1.36681662582
2.98 1.37033068991
3.0 1.37381036366
3.02 1.37725439824
3.04 1.38066161887
3.06 1.38403092403
3.08 1.38736128456
3.1 1.39065174243
3.12 1.39390140925
3.14 1.3971094647
3.16 1.40027515461
3.18 1.40339778899
3.2 1.40647673975
3.22 1.40951143841
3.24 1.41250137356
3.26 1.41544608821
3.28 1.41834517714
3.3 1.42119828401
3.32 1.42400509854
3.34 1.42676535349
3.36 1.4294788218
3.38 1.4321453135
3.4 1.43476467279
3.42 1.43733677506
3.44 1.43986152388
3.46 1.44233884823
3.48 1.44476869956
3.5 1.44715104909
3.52 1.44948588508
3.54 1.45177321037
3.56 1.45401303975
3.58 1.45620539779
3.6 1.45835031646
3.62 1.46044783317
3.64 1.46249798871
3.66 1.46450082556
3.68 1.46645638616
3.7 1.46836471141
3.72 1.47022583941
3.74 1.47203980413
3.76 1.47380663451
3.78 1.47552635351
3.8 1.47719897737
3.82 1.47882451509
3.84 1.48040296796
3.86 1.48193432925
3.88 1.48341858411
3.9 1.48485570952
3.92 1.48624567437
3.94 1.48758843972
3.96 1.48888395908
3.98 1.49013217891
4.0 1.49133303903
4.02 1.49248647332
4.04 1.49359241037
4.06 1.49465077416
4.08 1.49566148495
4.1 1.49662446004
4.12 1.49753961465
4.14 1.49840686283
4.16 1.49922611837
4.18 1.49999729564
4.2 1.50072031057
4.22 1.50139508148
4.24 1.50202152991
4.26 1.5025995815
4.28 1.50312916666
4.3 1.50361022139
4.32 1.50404268781
4.34 1.50442651483
4.36 1.50476165859
4.38 1.50504808293
4.4 1.50528575963
4.42 1.50547466874
4.44 1.50561479864
4.46 1.50570614609
4.48 1.50574871616
4.5 1.50574252206
4.52 1.50568758482
4.54 1.50558393291
4.56 1.50543160173
4.58 1.50523063301
4.6 1.50498107409
4.62 1.5046829771
4.64 1.50433639807
4.66 1.50394139587
4.68 1.50349803121
4.7 1.50300636542
4.72 1.50246645918
4.74 1.50187837129
4.76 1.50124215725
4.78 1.50055786785
4.8 1.49982554773
4.82 1.49904523391
4.84 1.49821695425
4.86 1.49734072598
4.88 1.49641655416
4.9 1.49544443021
4.92 1.49442433042
4.94 1.49335621453
4.96 1.49224002433
4.98 1.49107568234
5.0 1.48986309058
5.02 1.48860212937
5.04 1.48729265631
5.06 1.48593450527
5.08 1.48452748562
5.1 1.48307138143
5.12 1.48156595105
5.14 1.4800109266
5.16 1.47840601383
5.18 1.47675089201
5.2 1.47504521412
5.22 1.47328860716
5.24 1.47148067276
5.26 1.46962098789
5.28 1.46770910594
5.3 1.46574455788
5.32 1.4637268538
5.34 1.46165548458
5.36 1.45952992393
5.38 1.45734963054
5.4 1.45511405058
5.42 1.45282262051
5.44 1.45047476993
5.46 1.44806992493
5.48 1.44560751151
5.5 1.4430869593
5.52 1.44050770553
5.54 1.4378691992
5.56 1.43517090543
5.58 1.43241231003
5.6 1.42959292429
5.62 1.42671228983
5.64 1.4237699837
5.66 1.4207656235
5.68 1.41769887269
5.7 1.41456944587
5.72 1.41137711421
5.74 1.40812171079
5.76 1.40480313601
5.78 1.40142136289
5.8 1.39797644238
5.82 1.39446850841
5.84 1.39089778303
5.86 1.38726458108
5.88 1.38356931495
5.9 1.37981249892
5.92 1.37599475323
5.94 1.37211680799
5.96 1.36817950658
5.98 1.36418380886
6.0 1.36013079388
6.02 1.35602166224
6.04 1.35185773803
6.06 1.34764047027
6.08 1.343371434
6.1 1.33905233078
6.12 1.3346849888
6.14 1.33027136241
6.16 1.32581353131
6.18 1.32131369907
6.2 1.31677419135
6.22 1.31219745344
6.24 1.30758604757
6.26 1.30294264953
6.28 1.29827004506
6.3 1.29357112566
6.32 1.28884888412
6.34 1.28410640963
6.36 1.27934688255
6.38 1.27457356886
6.4 1.26978981438
6.42 1.26499903863
6.44 1.26020472857
6.46 1.25541043211
6.48 1.25061975151
6.5 1.24583633651
6.52 1.24106387764
6.54 1.23630609919
6.56 1.23156675237
6.58 1.22684960837
6.6 1.22215845153
6.62 1.2174970725
6.64 1.2128692616
6.66 1.2082788022
6.68 1.20372946434
6.7 1.19922499848
6.72 1.19476912941
6.74 1.19036555045
6.76 1.1860179178
6.78 1.18172984518
6.8 1.17750489868
6.82 1.17334659191
6.84 1.16925838139
6.86 1.16524366224
6.88 1.16130576411
6.9 1.15744794742
6.92 1.15367339983
6.94 1.14998523308
6.96 1.14638647998
6.98 1.14288009173
7.0 1.13946893548
7.02 1.13615579216
7.04 1.13294335453
7.06 1.12983422538
7.08 1.12683091611
7.1 1.12393584537
7.12 1.1211513379
7.14 1.11847962362
7.16 1.1159228368
7.18 1.11348301543
7.2 1.11116210065
7.22 1.10896193634
7.24 1.10688426883
7.26 1.10493074661
7.28 1.10310292022
7.3 1.10140224205
7.32 1.09983006635
7.34 1.09838764911
7.36 1.09707614806
7.38 1.09589662264
7.4 1.09485003396
7.42 1.09393724475
7.44 1.09315901928
7.46 1.09251602327
7.48 1.09200882374
7.5 1.09163788884
7.52 1.09140358762
7.54 1.09130618975
7.56 1.0913458652
7.58 1.09152268387
7.6 1.0918366152
7.62 1.09228752766
7.64 1.09287518829
7.66 1.09359926211
7.68 1.09445931164
7.7 1.0954547962
7.72 1.09658507138
7.74 1.0978493884
7.76 1.09924689349
7.78 1.10077662733
7.8 1.10243752447
7.82 1.10422841277
7.84 1.10614801297
7.86 1.10819493829
7.88 1.11036769407
7.9 1.11266467753
7.92 1.11508417771
7.94 1.11762437541
7.96 1.12028334337
7.98 1.12305904658
8.0 1.12594934269
8.02 1.12895198274
8.04 1.13206461196
8.06 1.13528477087
8.08 1.13860989652
8.1 1.14203732411
8.12 1.14556428866
8.14 1.14918792716
8.16 1.15290528079
8.18 1.15671329757
8.2 1.16060883521
8.22 1.16458866429
8.24 1.16864947171
8.26 1.17278786449
8.28 1.17700037377
8.3 1.18128345925
8.32 1.18563351377
8.34 1.19004686833
8.36 1.19451979728
8.38 1.19904852385
8.4 1.20362922592
8.42 1.20825804205
8.44 1.21293107776
8.46 1.21764441198
8.48 1.22239410376
8.5 1.22717619912
8.52 1.23198673809
8.54 1.23682176184
8.56 1.24167731991
8.58 1.24654947755
8.6 1.2514343231
8.62 1.25632797532
8.64 1.26122659078
8.66 1.26612637112
8.68 1.2710235703
8.7 1.27591450162
8.72 1.28079554465
8.74 1.285663152
8.76 1.29051385573
8.78 1.29534427363
8.8 1.30015111515
8.82 1.30493118695
8.84 1.3096813982
8.86 1.31439876541
8.88 1.31908041688
8.9 1.32372359676
8.92 1.32832566855
8.94 1.33288411826
8.96 1.33739655699
8.98 1.34186072307
9.0 1.34627448369
9.02 1.35063583603
9.04 1.35494290785
9.06 1.35919395766
9.08 1.3633873743
9.1 1.36752167613
9.12 1.3715955097
9.14 1.37560764795
9.16 1.37955698806
9.18 1.38344254882
9.2 1.38726346758
9.22 1.39101899699
9.24 1.39470850122
9.26 1.39833145204
9.28 1.40188742452
9.3 1.40537609256
9.32 1.4087972242
9.34 1.41215067671
9.36 1.41543639163
9.38 1.41865438961
9.4 1.42180476526
9.42 1.42488768188
9.44 1.42790336625
9.46 1.43085210338
9.48 1.43373423128
9.5 1.43655013597
9.52 1.43930024627
9.54 1.44198502908
9.56 1.44460498444
9.58 1.44716064102
9.6 1.44965255159
9.62 1.45208128883
9.64 1.45444744119
9.66 1.45675160904
9.68 1.45899440105
9.7 1.46117643074
9.72 1.46329831325
9.74 1.46536066242
9.76 1.46736408805
9.78 1.46930919329
9.8 1.47119657251
9.82 1.47302680911
9.84 1.47480047379
9.86 1.47651812285
9.88 1.47818029686
9.9 1.47978751939
9.92 1.48134029609
9.94 1.48283911378
9.96 1.48428443987
9.98 1.48567672192
10.0 1.48701638721
10.02 1.48830384271
10.04 1.48953947499
10.06 1.49072365032
10.08 1.49185671487
10.1 1.49293899507
10.12 1.49397079802
10.14 1.49495241186
10.16 1.49588410657
10.18 1.49676613428
10.2 1.49759873022
10.22 1.49838211322
10.24 1.49911648655
10.26 1.49980203862
10.28 1.50043894371
10.3 1.50102736277
10.32 1.50156744413
10.34 1.50205932419
10.36 1.50250312815
10.38 1.50289897066
10.4 1.50324695639
10.42 1.50354718064
10.44 1.50379972985
10.46 1.50400468201
10.48 1.50416210711
10.5 1.50427206741
10.52 1.5043346178
10.54 1.50434980583
10.56 1.50431767198
10.58 1.50423824967
10.6 1.50411156516
10.62 1.5039376376
10.64 1.50371647873
10.66 1.50344809276
10.68 1.50313247605
10.7 1.50276961677
10.72 1.50235949451
10.74 1.50190207987
10.76 1.5013973339
10.78 1.50084520772
10.8 1.50024564185
10.82 1.49959856575
10.84 1.49890389721
10.86 1.49816154179
10.88 1.4973713923
10.9 1.4965333282
10.92 1.49564721516
10.94 1.49471290458
10.96 1.49373023313
10.98 1.49269902246
11.0 1.4916190789
11.02 1.49049019324
11.04 1.48931214067
11.06 1.4880846808
11.08 1.48680755769
11.1 1.48548050025
11.12 1.48410322252
11.14 1.48267542425
11.16 1.48119679162
11.18 1.47966699805
11.2 1.47808570531
11.22 1.47645256466
11.24 1.47476721835
11.26 1.47302930113
11.28 1.47123844211
11.3 1.46939426673
11.32 1.46749639896
11.34 1.46554446372
11.36 1.46353808944
11.38 1.46147691091
11.4 1.45936057225
11.42 1.45718873005
11.44 1.45496105681
11.46 1.45267724438
11.48 1.45033700772
11.5 1.4479400887
11.52 1.44548626005
11.54 1.44297532946
11.56 1.44040714378
11.58 1.43778159319
11.6 1.43509861562
11.62 1.43235820095
11.64 1.42956039551
11.66 1.42670530627
11.68 1.42379310523
11.7 1.42082403358
11.72 1.41779840583
11.74 1.41471661383
11.76 1.41157913058
11.78 1.4083865139
11.8 1.40513940991
11.82 1.40183855623
11.84 1.3984847849
11.86 1.39507902514
11.88 1.39162230564
11.9 1.38811575663
11.92 1.38456061155
11.94 1.38095820841
11.96 1.37730999063
11.98 1.3736175077
12.0 1.3698824152
12.02 1.3661064746
12.04 1.36229155251
12.06 1.35843961955
12.08 1.35455274885
12.1 1.350633114
12.12 1.34668298677
12.14 1.34270473425
12.16 1.33870081572
12.18 1.33467377906
12.2 1.33062625691
12.22 1.32656096231
12.24 1.32248068425
12.26 1.31838828268
12.28 1.31428668346
12.3 1.31017887293
12.32 1.30606789229
12.34 1.30195683182
12.36 1.29784882494
12.38 1.29374704204
12.4 1.28965468438
12.42 1.28557497774
12.44 1.28151116618
12.46 1.27746650563
12.48 1.27344425769
12.5 1.26944768324
12.52 1.26548003636
12.54 1.26154455812
12.56 1.25764447071
12.58 1.25378297149
12.6 1.24996322739
12.62 1.24618836941
12.64 1.24246148731
12.66 1.23878562454
12.68 1.23516377343
12.7 1.23159887057
12.72 1.2280937925
12.74 1.22465135163
12.76 1.22127429244
12.78 1.21796528796
12.8 1.21472693658
12.82 1.21156175902
12.84 1.20847219572
12.86 1.20546060445
12.88 1.2025292582
12.9 1.1996803433
12.92 1.19691595797
12.94 1.1942381109
12.96 1.19164872029
12.98 1.18914961301
13.0 1.18674252405
13.02 1.18442909616
13.04 1.18221087974
13.06 1.18008933288
13.08 1.17806582163
13.1 1.17614162041
13.12 1.17431791258
13.14 1.17259579117
13.16 1.17097625971
13.18 1.16946023318
13.2 1.1680485391
13.22 1.1667419186
13.24 1.16554102767
13.26 1.16444643841
13.28 1.16345864029
13.3 1.16257804151
13.32 1.16180497031
13.34 1.16113967631
13.36 1.16058233183
13.38 1.16013303322
13.4 1.1597918021
13.42 1.15955858663
13.44 1.15943326267
13.46 1.15941563496
13.48 1.15950543814
13.5 1.15970233782
13.52 1.16000593153
13.54 1.16041574955
13.56 1.16093125579
13.58 1.16155184848
13.6 1.16227686087
13.62 1.16310556183
13.64 1.16403715642
13.66 1.16507078633
13.68 1.16620553033
13.7 1.16744040466
13.72 1.16877436339
13.74 1.17020629867
13.76 1.17173504107
13.78 1.17335935984
13.8 1.17507796313
13.82 1.17688949832
13.84 1.17879255224
13.86 1.18078565153
13.88 1.18286726292
13.9 1.18503579368
13.92 1.18728959204
13.94 1.18962694772
13.96 1.19204609249
13.98 1.19454520094
14.0 1.19712239116
14.02 1.19977572575
14.04 1.20250321277
14.06 1.20530280691
14.08 1.20817241077
14.1 1.21110987631
14.12 1.2141130064
14.14 1.21717955655
14.16 1.2203072368
14.18 1.22349371379
14.2 1.22673661292
14.22 1.23003352077
14.24 1.23338198761
14.26 1.23677953008
14.28 1.24022363406
14.3 1.24371175768
14.32 1.24724133442
14.34 1.25080977646
14.36 1.25441447805
14.38 1.25805281908
14.4 1.26172216871
14.42 1.26541988914
14.44 1.26914333944
14.46 1.27288987949
14.48 1.27665687387
14.5 1.280441696
14.52 1.28424173207
14.54 1.28805438515
14.56 1.29187707921
14.58 1.29570726316
14.6 1.29954241484
14.62 1.30338004488
14.64 1.30721770059
14.66 1.31105296968
14.68 1.31488348388
14.7 1.31870692245
14.72 1.32252101548
14.74 1.32632354714
14.76 1.33011235859
14.78 1.33388535082
14.8 1.33764048724
14.82 1.34137579605
14.84 1.34508937232
14.86 1.34877937998
14.88 1.35244405333
14.9 1.35608169856
14.92 1.35969069473
14.94 1.36326949474
14.96 1.36681662582
14.98 1.37033068991
15.0 1.37381036366
15.02 1.37725439824
15.04 1.38066161886
15.06 1.38403092403
15.08 1.38736128456
15.1 1.39065174243
15.12 1.39390140925
15.14 1.3971094647
15.16 1.40027515461
15.18 1.40339778899
15.2 1.40647673976
15.22 1.40951143841
15.24 1.41250137356
15.26 1.41544608821
15.28 1.41834517714
15.3 1.42119828401
15.32 1.42400509853
15.34 1.42676535349
15.36 1.4294788218
15.38 1.4321453135
15.4 1.43476467279
15.42 1.43733677506
15.44 1.43986152388
15.46 1.44233884823
15.48 1.44476869956
15.5 1.44715104908
15.52 1.44948588508
15.54 1.45177321037
15.56 1.45401303975
15.58 1.45620539779
15.6 1.45835031646
15.62 1.46044783316
15.64 1.46249798871
15.66 1.46450082556
15.68 1.46645638616
15.7 1.46836471142
15.72 1.47022583941
15.74 1.47203980413
15.76 1.47380663451
15.78 1.47552635351
15.8 1.47719897737
15.82 1.47882451509
15.84 1.48040296796
15.86 1.48193432925
15.88 1.48341858411
15.9 1.48485570952
15.92 1.48624567437
15.94 1.48758843972
15.96 1.48888395908
15.98 1.49013217891
16.0 1.49133303903
16.02 1.49248647332
16.04 1.49359241036
16.06 1.49465077416
16.08 1.49566148496
16.1 1.49662446004
16.12 1.49753961465
16.14 1.49840686284
16.16 1.49922611837
16.18 1.49999729564
16.2 1.50072031057
16.22 1.50139508147
16.24 1.50202152991
16.26 1.5025995815
16.28 1.50312916667
16.3 1.50361022139
16.32 1.50404268781
16.34 1.50442651483
16.36 1.50476165859
16.38 1.50504808293
16.4 1.50528575963
16.42 1.50547466874
16.44 1.50561479864
16.46 1.50570614609
16.48 1.50574871616
16.5 1.50574252206
16.52 1.50568758482
16.54 1.50558393291
16.56 1.50543160173
16.58 1.50523063301
16.6 1.50498107409
16.62 1.5046829771
16.64 1.50433639807
16.66 1.50394139587
16.68 1.50349803121
16.7 1.50300636542
16.72 1.50246645918
16.74 1.50187837129
16.76 1.50124215725
16.78 1.50055786785
16.8 1.49982554773
16.82 1.49904523391
16.84 1.49821695425
16.86 1.49734072597
16.88 1.49641655416
16.9 1.49544443021
16.92 1.49442433042
16.94 1.49335621453
16.96 1.49224002433
16.98 1.49107568234
17.0 1.48986309058
17.02 1.48860212937
17.04 1.48729265631
17.06 1.48593450528
17.08 1.48452748561
17.1 1.48307138143
17.12 1.48156595105
17.14 1.48001092661
17.16 1.47840601383
17.18 1.47675089202
17.2 1.47504521412
17.22 1.47328860716
17.24 1.47148067276
17.26 1.46962098789
17.28 1.46770910594
17.3 1.46574455788
17.32 1.4637268538
17.34 1.46165548458
17.36 1.45952992393
17.38 1.45734963053
17.4 1.45511405059
17.42 1.45282262051
17.44 1.45047476994
17.46 1.44806992493
17.48 1.44560751151
17.5 1.44308695929
17.52 1.44050770553
17.54 1.4378691992
17.56 1.43517090543
17.58 1.43241231003
17.6 1.42959292429
17.62 1.42671228983
17.64 1.4237699837
17.66 1.42076562351
17.68 1.41769887269
17.7 1.41456944587
17.72 1.41137711421
17.74 1.40812171079
17.76 1.40480313601
17.78 1.40142136289
17.8 1.39797644238
17.82 1.39446850842
17.84 1.39089778303
17.86 1.38726458108
17.88 1.38356931496
17.9 1.37981249892
17.92 1.37599475323
17.94 1.37211680798
17.96 1.36817950658
17.98 1.36418380886
18.0 1.36013079388
18.02 1.35602166225
18.04 1.35185773803
18.06 1.34764047027
18.08 1.343371434
18.1 1.33905233079
18.12 1.3346849888
18.14 1.33027136241
18.16 1.32581353131
18.18 1.32131369907
18.2 1.31677419134
18.22 1.31219745344
18.24 1.30758604757
18.26 1.30294264953
18.28 1.29827004506
18.3 1.29357112565
18.32 1.28884888412
18.34 1.28410640963
18.36 1.27934688255
18.38 1.27457356886
18.4 1.26978981438
18.42 1.26499903863
18.44 1.26020472857
18.46 1.25541043212
18.48 1.25061975151
18.5 1.24583633651
18.52 1.24106387764
18.54 1.23630609919
18.56 1.23156675237
18.58 1.22684960837
18.6 1.22215845153
18.62 1.2174970725
18.64 1.2128692616
18.66 1.2082788022
18.68 1.20372946434
18.7 1.19922499848
18.72 1.19476912941
18.74 1.19036555045
18.76 1.1860179178
18.78 1.18172984518
18.8 1.17750489868
18.82 1.17334659191
18.84 1.16925838139
18.86 1.16524366224
18.88 1.16130576411
18.9 1.15744794742
18.92 1.15367339983
18.94 1.14998523308
18.96 1.14638647998
18.98 1.14288009173
19.0 1.13946893548
19.02 1.13615579216
19.04 1.13294335453
19.06 1.12983422538
19.08 1.12683091611
19.1 1.12393584537
19.12 1.1211513379
19.14 1.11847962362
19.16 1.1159228368
19.18 1.11348301543
19.2 1.11116210065
19.22 1.10896193634
19.24 1.10688426883
19.26 1.10493074661
19.28 1.10310292022
19.3 1.10140224205
19.32 1.09983006635
19.34 1.09838764911
19.36 1.09707614806
19.38 1.09589662264
19.4 1.09485003396
19.42 1.09393724475
19.44 1.09315901928
19.46 1.09251602327
19.48 1.09200882374
19.5 1.09163788884
19.52 1.09140358762
19.54 1.09130618975
19.56 1.0913458652
19.58 1.09152268387
19.6 1.0918366152
19.62 1.09228752766
19.64 1.09287518829
19.66 1.09359926211
19.68 1.09445931164
19.7 1.0954547962
19.72 1.09658507138
19.74 1.0978493884
19.76 1.09924689349
19.78 1.10077662733
19.8 1.10243752447
19.82 1.10422841277
19.84 1.10614801297
19.86 1.10819493829
19.88 1.11036769407
19.9 1.11266467753
19.92 1.11508417771
19.94 1.11762437541
19.96 1.12028334338
19.98 1.12305904658
20.0 1.12594934269
20.02 1.12895198274
20.04 1.13206461197
20.06 1.13528477086
20.08 1.13860989652
20.1 1.14203732411
20.12 1.14556428866
20.14 1.14918792716
20.16 1.15290528079
20.18 1.15671329757
20.2 1.16060883521
20.22 1.16458866429
20.24 1.16864947171
20.26 1.17278786449
20.28 1.17700037377
20.3 1.18128345925
20.32 1.18563351377
20.34 1.19004686833
20.36 1.19451979728
20.38 1.19904852385
20.4 1.20362922592
20.42 1.20825804206
20.44 1.21293107776
20.46 1.21764441198
20.48 1.22239410376
20.5 1.22717619912
20.52 1.23198673809
20.54 1.23682176184
20.56 1.24167731991
20.58 1.24654947755
20.6 1.25143432309
20.62 1.25632797532
20.64 1.26122659078
20.66 1.26612637112
20.68 1.2710235703
20.7 1.27591450161
20.72 1.28079554465
20.74 1.28566315199
20.76 1.29051385573
20.78 1.29534427363
20.8 1.30015111515
20.82 1.30493118695
20.84 1.3096813982
20.86 1.31439876541
20.88 1.31908041688
20.9 1.32372359676
20.92 1.32832566856
20.94 1.33288411826
20.96 1.33739655699
20.98 1.34186072307
21.0 1.34627448369
21.02 1.35063583603
21.04 1.35494290786
21.06 1.35919395766
21.08 1.3633873743
21.1 1.36752167613
21.12 1.3715955097
21.14 1.37560764795
21.16 1.37955698806
21.18 1.38344254882
21.2 1.38726346758
21.22 1.39101899699
21.24 1.39470850122
21.26 1.39833145204
21.28 1.40188742452
21.3 1.40537609256
21.32 1.4087972242
21.34 1.41215067671
21.36 1.41543639163
21.38 1.41865438961
21.4 1.42180476526
21.42 1.42488768188
21.44 1.42790336625
21.46 1.43085210337
21.48 1.43373423128
21.5 1.43655013596
21.52 1.43930024628
21.54 1.44198502908
21.56 1.44460498444
21.58 1.44716064101
21.6 1.44965255159
21.62 1.45208128883
21.64 1.45444744119
21.66 1.45675160904
21.68 1.45899440105
21.7 1.46117643074
21.72 1.46329831325
21.74 1.46536066242
21.76 1.46736408805
21.78 1.46930919329
21.8 1.47119657251
21.82 1.47302680912
21.84 1.47480047379
21.86 1.47651812286
21.88 1.47818029686
21.9 1.4797875194
21.92 1.48134029609
21.94 1.48283911378
21.96 1.48428443988
21.98 1.48567672192
22.0 1.48701638721
22.02 1.48830384271
22.04 1.48953947499
22.06 1.49072365032
22.08 1.49185671487
22.1 1.49293899507
22.12 1.49397079802
22.14 1.49495241186
22.16 1.49588410657
22.18 1.49676613428
22.2 1.49759873022
22.22 1.49838211322
22.24 1.49911648655
22.26 1.49980203861
22.28 1.50043894371
22.3 1.50102736277
22.32 1.50156744413
22.34 1.50205932419
22.36 1.50250312815
22.38 1.50289897066
22.4 1.50324695639
22.42 1.50354718064
22.44 1.50379972985
22.46 1.50400468201
22.48 1.50416210711
22.5 1.50427206741
22.52 1.5043346178
22.54 1.50434980583
22.56 1.50431767198
22.58 1.50423824967
22.6 1.50411156516
22.62 1.5039376376
22.64 1.50371647873
22.66 1.50344809276
22.68 1.50313247606
22.7 1.50276961677
22.72 1.50235949451
22.74 1.50190207987
22.76 1.5013973339
22.78 1.50084520772
22.8 1.50024564185
22.82 1.49959856575
22.84 1.49890389721
22.86 1.49816154179
22.88 1.4973713923
22.9 1.49653332819
22.92 1.49564721516
22.94 1.49471290458
22.96 1.49373023312
22.98 1.49269902247
23.0 1.4916190789
23.02 1.49049019325
23.04 1.48931214067
23.06 1.4880846808
23.08 1.48680755769
23.1 1.48548050025
23.12 1.48410322251
23.14 1.48267542425
23.16 1.48119679161
23.18 1.47966699805
23.2 1.4780857053
23.22 1.47645256467
23.24 1.47476721835
23.26 1.47302930113
23.28 1.47123844211
23.3 1.46939426673
23.32 1.46749639896
23.34 1.46554446372
23.36 1.46353808944
23.38 1.46147691091
23.4 1.45936057225
23.42 1.45718873005
23.44 1.45496105681
23.46 1.45267724438
23.48 1.45033700772
23.5 1.4479400887
23.52 1.44548626005
23.54 1.44297532946
23.56 1.44040714378
23.58 1.4377815932
23.6 1.43509861562
23.62 1.43235820095
23.64 1.42956039551
23.66 1.42670530628
23.68 1.42379310523
23.7 1.42082403358
23.72 1.41779840583
23.74 1.41471661383
23.76 1.41157913058
23.78 1.4083865139
23.8 1.40513940992
23.82 1.40183855623
23.84 1.3984847849
23.86 1.39507902514
23.88 1.39162230564
23.9 1.38811575663
23.92 1.38456061155
23.94 1.38095820841
23.96 1.37730999063
23.98 1.3736175077
24.0 1.3698824152
24.02 1.3661064746
24.04 1.36229155251
24.06 1.35843961955
24.08 1.35455274885
24.1 1.350633114
24.12 1.34668298676
24.14 1.34270473425
24.16 1.33870081571
24.18 1.33467377907
24.2 1.3306262569
24.22 1.32656096231
24.24 1.32248068425
24.26 1.31838828268
24.28 1.31428668346
24.3 1.31017887293
24.32 1.30606789229
24.34 1.30195683182
24.36 1.29784882494
24.38 1.29374704204
24.4 1.28965468437
24.42 1.28557497774
24.44 1.28151116618
24.46 1.27746650563
24.48 1.27344425769
24.5 1.26944768324
24.52 1.26548003636
24.54 1.26154455813
24.56 1.2576444707
24.58 1.25378297148
24.6 1.24996322739
24.62 1.24618836941
24.64 1.24246148731
24.66 1.23878562454
24.68 1.23516377343
24.7 1.23159887057
24.72 1.2280937925
24.74 1.22465135163
24.76 1.22127429244
24.78 1.21796528797
24.8 1.21472693658
24.82 1.21156175902
24.84 1.20847219572
24.86 1.20546060445
24.88 1.2025292582
24.9 1.1996803433
24.92 1.19691595797
24.94 1.1942381109
24.96 1.19164872029
24.98 1.18914961301
25.0 1.18674252405
25.02 1.18442909616
25.04 1.18221087974
25.06 1.18008933288
25.08 1.17806582163
25.1 1.17614162041
25.12 1.17431791258
25.14 1.17259579117
25.16 1.17097625971
25.18 1.16946023318
25.2 1.1680485391
25.22 1.1667419186
25.24 1.16554102767
25.26 1.16444643841
25.28 1.16345864029
25.3 1.16257804151
25.32 1.16180497031
25.34 1.16113967631
25.36 1.16058233183
25.38 1.16013303322
25.4 1.1597918021
25.42 1.15955858663
25.44 1.15943326267
25.46 1.15941563496
25.48 1.15950543814
25.5 1.15970233782
25.52 1.16000593153
25.54 1.16041574955
25.56 1.16093125579
25.58 1.16155184848
25.6 1.16227686087
25.62 1.16310556183
25.64 1.16403715642
25.66 1.16507078633
25.68 1.16620553033
25.7 1.16744040466
25.72 1.16877436339
25.74 1.17020629867
25.76 1.17173504107
25.78 1.17335935984
25.8 1.17507796313
25.82 1.17688949832
25.84 1.17879255225
25.86 1.18078565153
25.88 1.18286726291
25.9 1.18503579368
25.92 1.18728959204
25.94 1.18962694772
25.96 1.19204609249
25.98 1.19454520094
26.0 1.19712239116
26.02 1.19977572575
26.04 1.20250321277
26.06 1.20530280691
26.08 1.20817241077
26.1 1.21110987631
26.12 1.2141130064
26.14 1.21717955655
26.16 1.2203072368
26.18 1.22349371379
26.2 1.22673661292
26.22 1.23003352077
26.24 1.23338198761
26.26 1.23677953008
26.28 1.24022363407
26.3 1.24371175768
26.32 1.24724133442
26.34 1.25080977646
26.36 1.25441447805
26.38 1.25805281908
26.4 1.26172216871
26.42 1.26541988914
26.44 1.26914333945
26.46 1.27288987949
26.48 1.27665687387
26.5 1.28044169601
26.52 1.28424173207
26.54 1.28805438514
26.56 1.29187707921
26.58 1.29570726316
26.6 1.29954241484
26.62 1.30338004488
26.64 1.30721770059
26.66 1.31105296968
26.68 1.31488348388
26.7 1.31870692244
26.72 1.32252101548
26.74 1.32632354714
26.76 1.33011235859
26.78 1.33388535082
26.8 1.33764048724
26.82 1.34137579605
26.84 1.34508937232
26.86 1.34877937997
26.88 1.35244405334
26.9 1.35608169856
26.92 1.35969069473
26.94 1.36326949474
26.96 1.36681662582
26.98 1.37033068991
27.0 1.37381036366
27.02 1.37725439824
27.04 1.38066161887
27.06 1.38403092402
27.08 1.38736128456
27.1 1.39065174243
27.12 1.39390140925
27.14 1.39710946469
27.16 1.40027515462
27.18 1.40339778899
27.2 1.40647673975
27.22 1.40951143842
27.24 1.41250137355
27.26 1.41544608821
27.28 1.41834517714
27.3 1.42119828401
27.32 1.42400509853
27.34 1.42676535349
27.36 1.42947882179
27.38 1.43214531351
27.4 1.43476467279
27.42 1.43733677505
27.44 1.43986152389
27.46 1.44233884823
27.48 1.44476869956
27.5 1.44715104908
27.52 1.44948588508
27.54 1.45177321037
27.56 1.45401303975
27.58 1.45620539779
27.6 1.45835031647
27.62 1.46044783316
27.64 1.46249798871
27.66 1.46450082557
27.68 1.46645638615
27.7 1.46836471142
27.72 1.47022583941
27.74 1.47203980413
27.76 1.47380663451
27.78 1.47552635351
27.8 1.47719897737
27.82 1.4788245151
27.84 1.48040296796
27.86 1.48193432925
27.88 1.48341858411
27.9 1.48485570952
27.92 1.48624567437
27.94 1.48758843972
27.96 1.48888395908
27.98 1.49013217891
28.0 1.49133303902
28.02 1.49248647332
28.04 1.49359241037
28.06 1.49465077416
28.08 1.49566148496
28.1 1.49662446004
28.12 1.49753961465
28.14 1.49840686284
28.16 1.49922611837
28.18 1.49999729564
28.2 1.50072031057
28.22 1.50139508147
28.24 1.50202152991
28.26 1.5025995815
28.28 1.50312916667
28.3 1.50361022139
28.32 1.50404268781
28.34 1.50442651483
28.36 1.50476165859
28.38 1.50504808293
28.4 1.50528575963
28.42 1.50547466874
28.44 1.50561479864
28.46 1.50570614609
28.48 1.50574871616
28.5 1.50574252206
28.52 1.50568758482
28.54 1.50558393291
28.56 1.50543160173
28.58 1.50523063301
28.6 1.5049810741
28.62 1.5046829771
28.64 1.50433639807
28.66 1.50394139586
28.68 1.50349803121
28.7 1.50300636541
28.72 1.50246645918
28.74 1.5018783713
28.76 1.50124215725
28.78 1.50055786785
28.8 1.49982554773
28.82 1.4990452339
28.84 1.49821695425
28.86 1.49734072597
28.88 1.49641655416
28.9 1.49544443021
28.92 1.49442433042
28.94 1.49335621453
28.96 1.49224002433
28.98 1.49107568234
29.0 1.48986309058
29.02 1.48860212937
29.04 1.48729265631
29.06 1.48593450528
29.08 1.48452748561
29.1 1.48307138143
29.12 1.48156595105
29.14 1.4800109266
29.16 1.47840601383
29.18 1.47675089202
29.2 1.47504521412
29.22 1.47328860716
29.24 1.47148067276
29.26 1.46962098789
29.28 1.46770910594
29.3 1.46574455788
29.32 1.4637268538
29.34 1.46165548459
29.36 1.45952992393
29.38 1.45734963054
29.4 1.45511405059
29.42 1.45282262051
29.44 1.45047476994
29.46 1.44806992493
29.48 1.44560751151
29.5 1.4430869593
29.52 1.44050770553
29.54 1.4378691992
29.56 1.43517090543
29.58 1.43241231003
29.6 1.42959292429
29.62 1.42671228983
29.64 1.4237699837
29.66 1.4207656235
29.68 1.41769887269
29.7 1.41456944587
29.72 1.41137711421
29.74 1.40812171079
29.76 1.40480313601
29.78 1.4014213629
29.8 1.39797644237
29.82 1.39446850842
29.84 1.39089778303
29.86 1.38726458108
29.88 1.38356931495
29.9 1.37981249892
29.92 1.37599475323
29.94 1.37211680799
29.96 1.36817950658
29.98 1.36418380886
30.0 1.36013079388
30.02 1.35602166224
30.04 1.35185773803
30.06 1.34764047027
30.08 1.343371434
30.1 1.33905233078
30.12 1.3346849888
30.14 1.3302713624
30.16 1.32581353131
30.18 1.32131369907
30.2 1.31677419135
30.22 1.31219745345
30.24 1.30758604757
30.26 1.30294264953
30.28 1.29827004506
30.3 1.29357112565
30.32 1.28884888412
30.34 1.28410640963
30.36 1.27934688255
30.38 1.27457356886
30.4 1.26978981438
30.42 1.26499903862
30.44 1.26020472857
30.46 1.25541043211
30.48 1.2506197515
30.5 1.24583633651
30.52 1.24106387764
30.54 1.23630609919
30.56 1.23156675237
30.58 1.22684960837
30.6 1.22215845153
30.62 1.2174970725
30.64 1.2128692616
30.66 1.2082788022
30.68 1.20372946434
30.7 1.19922499848
30.72 1.19476912941
30.74 1.19036555045
30.76 1.1860179178
30.78 1.18172984518
30.8 1.17750489868
30.82 1.17334659191
30.84 1.16925838139
30.86 1.16524366224
30.88 1.16130576412
30.9 1.15744794741
30.92 1.15367339984
30.94 1.14998523309
30.96 1.14638647998
30.98 1.14288009173
31.0 1.13946893548
31.02 1.13615579216
31.04 1.13294335452
31.06 1.12983422538
31.08 1.12683091611
31.1 1.12393584537
31.12 1.1211513379
31.14 1.11847962362
31.16 1.1159228368
31.18 1.11348301543
31.2 1.11116210065
31.22 1.10896193634
31.24 1.10688426883
31.26 1.10493074661
31.28 1.10310292022
31.3 1.10140224206
31.32 1.09983006635
31.34 1.09838764911
31.36 1.09707614806
31.38 1.09589662264
31.4 1.09485003397
31.42 1.09393724475
31.44 1.09315901928
31.46 1.09251602327
31.48 1.09200882374
31.5 1.09163788884
31.52 1.09140358762
31.54 1.09130618975
31.56 1.0913458652
31.58 1.09152268387
31.6 1.0918366152
31.62 1.09228752766
31.64 1.09287518829
31.66 1.09359926211
31.68 1.09445931164
31.7 1.0954547962
31.72 1.09658507138
31.74 1.0978493884
31.76 1.09924689349
31.78 1.10077662733
31.8 1.10243752447
31.82 1.10422841277
31.84 1.10614801297
31.86 1.10819493829
31.88 1.11036769407
31.9 1.11266467753
31.92 1.11508417771
31.94 1.11762437541
31.96 1.12028334338
31.98 1.12305904658
32.0 1.12594934269
32.02 1.12895198274
32.04 1.13206461197
32.06 1.13528477086
32.08 1.13860989653
32.1 1.1420373241
32.12 1.14556428867
32.14 1.14918792716
32.16 1.15290528079
32.18 1.15671329757
32.2 1.16060883521
32.22 1.16458866429
32.24 1.16864947171
32.26 1.17278786449
32.28 1.17700037377
32.3 1.18128345925
32.32 1.18563351377
32.34 1.19004686833
32.36 1.19451979728
32.38 1.19904852385
32.4 1.20362922592
32.42 1.20825804206
32.44 1.21293107776
32.46 1.21764441197
32.48 1.22239410376
32.5 1.22717619912
32.52 1.2319867381
32.54 1.23682176184
32.56 1.24167731991
32.58 1.24654947755
32.6 1.2514343231
32.62 1.25632797532
32.64 1.26122659077
32.66 1.26612637112
32.68 1.2710235703
32.7 1.27591450161
32.72 1.28079554465
32.74 1.28566315199
32.76 1.29051385573
32.78 1.29534427363
32.8 1.30015111515
32.82 1.30493118695
32.84 1.3096813982
32.86 1.31439876541
32.88 1.31908041689
32.9 1.32372359676
32.92 1.32832566855
32.94 1.33288411826
32.96 1.33739655699
32.98 1.34186072306
33.0 1.3462744837
33.02 1.35063583603
33.04 1.35494290786
33.06 1.35919395766
33.08 1.3633873743
33.1 1.36752167613
33.12 1.37159550969
33.14 1.37560764794
33.16 1.37955698807
33.18 1.38344254882
33.2 1.38726346758
33.22 1.39101899699
33.24 1.39470850122
33.26 1.39833145204
33.28 1.40188742451
33.3 1.40537609256
33.32 1.4087972242
33.34 1.41215067671
33.36 1.41543639163
33.38 1.41865438962
33.4 1.42180476526
33.42 1.42488768188
33.44 1.42790336625
33.46 1.43085210337
33.48 1.43373423128
33.5 1.43655013597
33.52 1.43930024627
33.54 1.44198502908
33.56 1.44460498444
33.58 1.44716064101
33.6 1.44965255159
33.62 1.45208128883
33.64 1.45444744119
33.66 1.45675160904
33.68 1.45899440105
33.7 1.46117643074
33.72 1.46329831325
33.74 1.46536066242
33.76 1.46736408805
33.78 1.46930919329
33.8 1.47119657251
33.82 1.47302680912
33.84 1.47480047379
33.86 1.47651812285
33.88 1.47818029686
33.9 1.47978751939
33.92 1.48134029609
33.94 1.48283911378
33.96 1.48428443988
33.98 1.48567672192
34.0 1.4870163872
34.02 1.48830384271
34.04 1.48953947499
34.06 1.49072365032
34.08 1.49185671487
34.1 1.49293899507
34.12 1.49397079802
34.14 1.49495241186
34.16 1.49588410657
34.18 1.49676613428
34.2 1.49759873021
34.22 1.49838211322
34.24 1.49911648655
34.26 1.49980203862
34.28 1.50043894371
34.3 1.50102736277
34.32 1.50156744412
34.34 1.50205932419
34.36 1.50250312815
34.38 1.50289897066
34.4 1.50324695639
34.42 1.50354718065
34.44 1.50379972985
34.46 1.50400468201
34.48 1.5041621071
34.5 1.50427206742
34.52 1.50433461779
34.54 1.50434980583
34.56 1.50431767198
34.58 1.50423824967
34.6 1.50411156516
34.62 1.5039376376
34.64 1.50371647873
34.66 1.50344809276
34.68 1.50313247605
34.7 1.50276961677
34.72 1.50235949451
34.74 1.50190207987
34.76 1.5013973339
34.78 1.50084520771
34.8 1.50024564185
34.82 1.49959856575
34.84 1.49890389721
34.86 1.49816154178
34.88 1.4973713923
34.9 1.49653332819
34.92 1.49564721516
34.94 1.49471290458
34.96 1.49373023313
34.98 1.49269902246
35.0 1.4916190789
35.02 1.49049019325
35.04 1.48931214067
35.06 1.4880846808
35.08 1.48680755769
35.1 1.48548050025
35.12 1.48410322252
35.14 1.48267542425
35.16 1.48119679162
35.18 1.47966699805
35.2 1.4780857053
35.22 1.47645256467
35.24 1.47476721836
35.26 1.47302930113
35.28 1.47123844212
35.3 1.46939426673
35.32 1.46749639896
35.34 1.46554446372
35.36 1.46353808943
35.38 1.46147691092
35.4 1.45936057225
35.42 1.45718873005
35.44 1.45496105681
35.46 1.45267724438
35.48 1.45033700772
35.5 1.4479400887
35.52 1.44548626005
35.54 1.44297532946
35.56 1.44040714378
35.58 1.4377815932
35.6 1.43509861562
35.62 1.43235820096
35.64 1.42956039551
35.66 1.42670530627
35.68 1.42379310524
35.7 1.42082403358
35.72 1.41779840584
35.74 1.41471661383
35.76 1.41157913058
35.78 1.40838651391
35.8 1.40513940991
35.82 1.40183855623
35.84 1.3984847849
35.86 1.39507902514
35.88 1.39162230564
35.9 1.38811575663
35.92 1.38456061155
35.94 1.38095820841
35.96 1.37730999063
35.98 1.3736175077
36.0 1.3698824152
36.02 1.3661064746
36.04 1.36229155251
36.06 1.35843961956
36.08 1.35455274884
36.1 1.350633114
36.12 1.34668298677
36.14 1.34270473425
36.16 1.33870081572
36.18 1.33467377906
36.2 1.33062625691
36.22 1.32656096232
36.24 1.32248068424
36.26 1.31838828268
36.28 1.31428668346
36.3 1.31017887293
36.32 1.30606789229
36.34 1.30195683183
36.36 1.29784882493
36.38 1.29374704204
36.4 1.28965468438
36.42 1.28557497774
36.44 1.28151116618
36.46 1.27746650563
36.48 1.27344425769
36.5 1.26944768325
36.52 1.26548003636
36.54 1.26154455812
36.56 1.25764447071
36.58 1.25378297148
36.6 1.24996322739
36.62 1.24618836941
36.64 1.24246148731
36.66 1.23878562454
36.68 1.23516377342
36.7 1.23159887057
36.72 1.2280937925
36.74 1.22465135163
36.76 1.22127429244
36.78 1.21796528797
36.8 1.21472693658
36.82 1.21156175902
36.84 1.20847219572
36.86 1.20546060445
36.88 1.20252925819
36.9 1.1996803433
36.92 1.19691595797
36.94 1.1942381109
36.96 1.19164872029
36.98 1.18914961301
37.0 1.18674252405
37.02 1.18442909616
37.04 1.18221087974
37.06 1.18008933287
37.08 1.17806582163
37.1 1.17614162041
37.12 1.17431791258
37.14 1.17259579117
37.16 1.17097625971
37.18 1.16946023318
37.2 1.1680485391
37.22 1.1667419186
37.24 1.16554102767
37.26 1.16444643841
37.28 1.16345864029
37.3 1.16257804151
37.32 1.16180497031
37.34 1.16113967631
37.36 1.16058233183
37.38 1.16013303322
37.4 1.1597918021
37.42 1.15955858663
37.44 1.15943326268
37.46 1.15941563496
37.48 1.15950543814
37.5 1.15970233782
37.52 1.16000593153
37.54 1.16041574955
37.56 1.16093125579
37.58 1.16155184848
37.6 1.16227686087
37.62 1.16310556183
37.64 1.16403715642
37.66 1.16507078633
37.68 1.16620553033
37.7 1.16744040466
37.72 1.16877436339
37.74 1.17020629867
37.76 1.17173504107
37.78 1.17335935984
37.8 1.17507796313
37.82 1.17688949832
37.84 1.17879255224
37.86 1.18078565153
37.88 1.18286726291
37.9 1.18503579368
37.92 1.18728959204
37.94 1.18962694772
37.96 1.1920460925
37.98 1.19454520093
38.0 1.19712239117
38.02 1.19977572575
38.04 1.20250321277
38.06 1.20530280691
38.08 1.20817241077
38.1 1.21110987631
38.12 1.2141130064
38.14 1.21717955655
38.16 1.2203072368
38.18 1.22349371379
38.2 1.22673661292
38.22 1.23003352077
38.24 1.23338198761
38.26 1.23677953008
38.28 1.24022363407
38.3 1.24371175768
38.32 1.24724133442
38.34 1.25080977647
38.36 1.25441447805
38.38 1.25805281908
38.4 1.26172216871
38.42 1.26541988914
38.44 1.26914333945
38.46 1.27288987948
38.48 1.27665687387
38.5 1.280441696
38.52 1.28424173207
38.54 1.28805438514
38.56 1.29187707921
38.58 1.29570726317
38.6 1.29954241484
38.62 1.30338004488
38.64 1.30721770059
38.66 1.31105296968
38.68 1.31488348388
38.7 1.31870692244
38.72 1.32252101548
38.74 1.32632354714
38.76 1.33011235858
38.78 1.33388535082
38.8 1.33764048724
38.82 1.34137579604
38.84 1.34508937233
38.86 1.34877937997
38.88 1.35244405334
38.9 1.35608169855
38.92 1.35969069473
38.94 1.36326949474
38.96 1.36681662582
38.98 1.37033068991
39.0 1.37381036366
39.02 1.37725439824
39.04 1.38066161887
39.06 1.38403092402
39.08 1.38736128456
39.1 1.39065174243
39.12 1.39390140925
39.14 1.3971094647
39.16 1.40027515462
39.18 1.40339778899
39.2 1.40647673975
39.22 1.40951143842
39.24 1.41250137356
39.26 1.41544608821
39.28 1.41834517714
39.3 1.42119828401
39.32 1.42400509854
39.34 1.42676535349
39.36 1.4294788218
39.38 1.4321453135
39.4 1.43476467279
39.42 1.43733677506
39.44 1.43986152388
39.46 1.44233884823
39.48 1.44476869956
39.5 1.44715104908
39.52 1.44948588509
39.54 1.45177321037
39.56 1.45401303975
39.58 1.45620539779
39.6 1.45835031646
39.62 1.46044783317
39.64 1.46249798871
39.66 1.46450082556
39.68 1.46645638616
39.7 1.46836471141
39.72 1.47022583941
39.74 1.47203980413
39.76 1.47380663451
39.78 1.47552635351
39.8 1.47719897737
39.82 1.4788245151
39.84 1.48040296795
39.86 1.48193432925
39.88 1.48341858411
39.9 1.48485570952
39.92 1.48624567437
39.94 1.48758843971
39.96 1.48888395909
39.98 1.49013217891
