0.0 -0.11825985952
0.02 -0.111657136617
0.04 -0.105074293443
0.06 -0.098516056212
0.08 -0.0919870773692
0.1 -0.0854919257745
0.12 -0.0790350771149
0.14 -0.0726209049944
0.16 -0.0662536725139
0.18 -0.0599375243593
0.2 -0.0536764795905
0.22 -0.0474744250008
0.24 -0.0413351091341
0.26 -0.0352621370061
0.28 -0.0292589654532
0.3 -0.0233288991971
0.32 -0.017475087637
0.34 -0.0117005222663
0.36 -0.00600803481892
0.38 -0.000400296099378
0.4 0.00512018452894
0.42 0.0105510590246
0.44 0.0158901398759
0.46 0.0211353987344
0.48 0.0262849644363
0.5 0.0313371204971
0.52 0.036290302054
0.54 0.0411430923126
0.56 0.0458942185706
0.58 0.0505425477611
0.6 0.0550870816455
0.62 0.0595269516587
0.64 0.0638614133959
0.66 0.0680898408816
0.68 0.0722117205684
0.7 0.0762266451144
0.72 0.0801343070805
0.74 0.0839344923814
0.76 0.0876270737757
0.78 0.0912120042008
0.8 0.0946893101337
0.82 0.0980590849698
0.84 0.101321482422
0.86 0.104476709979
0.88 0.107525022531
0.9 0.110466716013
0.92 0.113302121301
0.94 0.116031598199
0.96 0.118655529648
0.98 0.121174316165
1.0 0.123588370433
1.02 0.125898112203
1.04 0.128103963381
1.06 0.130206343435
1.08 0.132205664982
1.1 0.134102329729
1.12 0.135896724632
1.14 0.13758921837
1.16 0.139180158045
1.18 0.140669866234
1.2 0.142058638247
1.22 0.143346739712
1.24 0.144534404395
1.26 0.145621832318
1.28 0.146609188105
1.3 0.147496599626
1.32 0.148284156849
1.34 0.148971910985
1.36 0.149559873811
1.38 0.150048017284
1.4 0.150436273362
1.42 0.150724534004
1.44 0.150912651458
1.46 0.1510004387
1.48 0.150987670087
1.5 0.150874082226
1.52 0.150659375023
1.54 0.150343212924
1.56 0.149925226334
1.58 0.149405013256
1.6 0.148782141042
1.62 0.148056148407
1.64 0.147226547564
1.66 0.146292826554
1.68 0.145254451747
1.7 0.144110870548
1.72 0.142861514238
1.74 0.141505801025
1.76 0.14004313924
1.78 0.138472930753
1.8 0.136794574517
1.82 0.135007470323
1.84 0.133111022701
1.86 0.131104645009
1.88 0.128987763692
1.9 0.126759822682
1.92 0.12442028797
1.94 0.121968652363
1.96 0.119404440303
1.98 0.116727212923
2.0 0.113936573152
2.02 0.111032170975
2.04 0.108013708774
2.06 0.104880946789
2.08 0.101633708589
2.1 0.0982718866827
2.12 0.0947954480696
2.14 0.0912044398784
2.16 0.0874989949631
2.18 0.0836793374618
2.2 0.079745788325
2.22 0.0756987707084
2.24 0.0715388153275
2.26 0.0672665656063
2.28 0.0628827826848
2.3 0.0583883502278
2.32 0.0537842789915
2.34 0.0490717111664
2.36 0.0442519243555
2.38 0.0393263353243
2.4 0.0342965033193
2.42 0.0291641330709
2.44 0.0239310773136
2.46 0.0185993389799
2.48 0.0131710727864
2.5 0.0076485864892
2.52 0.00203434150533
2.54 -0.00366904691185
2.56 -0.00945881009429
2.58 -0.0153320269001
2.6 -0.0212856252743
2.62 -0.0273163843463
2.64 -0.0334209371395
2.66 -0.0395957738928
2.68 -0.0458372459386
2.7 -0.0521415701724
2.72 -0.0585048341694
2.74 -0.0649230017483
2.76 -0.0713919192712
2.78 -0.0779073222413
2.8 -0.0844648427312
2.82 -0.0910600169739
2.84 -0.097688293707
2.86 -0.104345042755
2.88 -0.11102556414
2.9 -0.117725097488
2.92 -0.124438831798
2.94 -0.131161915495
2.96 -0.1378894667
2.98 -0.144616583762
3.0 -0.151338355855
3.02 -0.158049873781
3.04 -0.164746240716
3.06 -0.171422583094
3.08 -0.17807406133
3.1 -0.184695880524
3.12 -0.191283301021
3.14 -0.197831648763
3.16 -0.204336325401
3.18 -0.210792818189
3.2 -0.217196709492
3.22 -0.223543685951
3.24 -0.229829547264
3.26 -0.236050214519
3.28 -0.242201738076
3.3 -0.248280304854
3.32 -0.254282245227
3.34 -0.260204039287
3.36 -0.266042322452
3.38 -0.271793890649
3.4 -0.277455704753
3.42 -0.283024894374
3.44 -0.288498761169
3.46 -0.293874781297
3.48 -0.299150607419
3.5 -0.304324069892
3.52 -0.309393177474
3.54 -0.31435611719
3.56 -0.319211253837
3.58 -0.323957128548
3.6 -0.328592457085
3.62 -0.333116127222
3.64 -0.337527195824
3.66 -0.341824885196
3.68 -0.346008578976
3.7 -0.350077817538
3.72 -0.354032292804
3.74 -0.357871842794
3.76 -0.361596445534
3.78 -0.36520621271
3.8 -0.36870138292
3.82 -0.372082314534
3.84 -0.375349478333
3.86 -0.378503449834
3.88 -0.381544901311
3.9 -0.384474593758
3.92 -0.38729336851
3.94 -0.390002138861
3.96 -0.392601881464
3.98 -0.395093627739
4.0 -0.39747845523
4.02 -0.399757478873
4.04 -0.401931842412
4.06 -0.404002709803
4.08 -0.405971256712
4.1 -0.407838662148
4.12 -0.409606100282
4.14 -0.411274732411
4.16 -0.41284569911
4.18 -0.41432011276
4.2 -0.415699050174
4.22 -0.416983545661
4.24 -0.418174584362
4.26 -0.41927309591
4.28 -0.420279948578
4.3 -0.421195943605
4.32 -0.422021810258
4.34 -0.422758200992
4.36 -0.423405687332
4.38 -0.423964756054
4.4 -0.424435805993
4.42 -0.424819145161
4.44 -0.425114988613
4.46 -0.425323456608
4.48 -0.425444573424
4.5 -0.425478266682
4.52 -0.425424367173
4.54 -0.425282609207
4.56 -0.425052631615
4.58 -0.424733979055
4.6 -0.424326104108
4.62 -0.423828369713
4.64 -0.423240052119
4.66 -0.422560344516
4.68 -0.421788360891
4.7 -0.4209231406
4.72 -0.419963653282
4.74 -0.418908804209
4.76 -0.417757440156
4.78 -0.416508355578
4.8 -0.415160299284
4.82 -0.41371198135
4.84 -0.412162080501
4.86 -0.410509251753
4.88 -0.40875213435
4.9 -0.406889359955
4.92 -0.40491956118
4.94 -0.402841380162
4.96 -0.400653477486
4.98 -0.398354541175
5.0 -0.395943295778
5.02 -0.393418511675
5.04 -0.390779014244
5.06 -0.388023693274
5.08 -0.385151512153
5.1 -0.382161517222
5.12 -0.379052846827
5.14 -0.375824740461
5.16 -0.372476547616
5.18 -0.369007736508
5.2 -0.365417902546
5.22 -0.361706776576
5.24 -0.357874232758
5.26 -0.353920296192
5.28 -0.349845150066
5.3 -0.345649142512
5.32 -0.341332792859
5.34 -0.33689679758
5.36 -0.332342035524
5.38 -0.327669572758
5.4 -0.322880666752
5.42 -0.317976769866
5.44 -0.312959532367
5.46 -0.307830804565
5.48 -0.302592638429
5.5 -0.297247288314
5.52 -0.291797211063
5.54 -0.286245065291
5.56 -0.280593709861
5.58 -0.274846201669
5.6 -0.269005792527
5.62 -0.263075925306
5.64 -0.257060229288
5.66 -0.250962514702
5.68 -0.244786766522
5.7 -0.238537137456
5.72 -0.232217940233
5.74 -0.225833639169
5.76 -0.219388841038
5.78 -0.212888285298
5.8 -0.206336833726
5.82 -0.19973945945
5.84 -0.193101235469
5.86 -0.186427322772
5.88 -0.179722957965
5.9 -0.172993440533
5.92 -0.166244119936
5.94 -0.159480382321
5.96 -0.15270763719
5.98 -0.145931303881
6.0 -0.139156798121
6.02 -0.13238951852
6.04 -0.125634833226
6.06 -0.118898066769
6.08 -0.112184487087
6.1 -0.105499292938
6.12 -0.0988476015718
6.14 -0.0922344369766
6.16 -0.0856647184138
6.18 -0.0791432496994
6.2 -0.0726747088813
6.22 -0.0662636386689
6.24 -0.0599144374467
6.26 -0.0536313510747
6.28 -0.0474184652958
6.3 -0.0412796990352
6.32 -0.0352187983594
6.34 -0.029239331292
6.36 -0.023344683397
6.38 -0.0175380541716
6.4 -0.0118224542127
6.42 -0.00620070324611
6.44 -0.000675428834623
6.46 0.00475093403409
6.48 0.0100761427209
6.5 0.0152981458631
6.52 0.0204150817449
6.54 0.0254252758158
6.56 0.0303272377855
6.58 0.0351196579054
6.6 0.0398014028319
6.62 0.0443715109106
6.64 0.0488291869058
6.66 0.0531737964537
6.68 0.0574048598791
6.7 0.0615220458826
6.72 0.0655251646912
6.74 0.069414161115
6.76 0.0731891072252
6.78 0.0768501949152
6.8 0.0803977282695
6.82 0.0838321158141
6.84 0.0871538627194
6.86 0.0903635628915
6.88 0.0934618911056
6.9 0.0964495951397
6.92 0.0993274879657
6.94 0.102096439977
6.96 0.104757371403
6.98 0.107311244752
7.0 0.109759057492
7.02 0.112101834835
7.04 0.114340622771
7.06 0.116476481228
7.08 0.118510477542
7.1 0.120443680093
7.12 0.122277152187
7.14 0.12401194624
7.16 0.12564909815
7.18 0.127189621997
7.2 0.128634504949
7.22 0.12998470251
7.24 0.131241133995
7.26 0.132404678274
7.28 0.133476169865
7.3 0.134456395192
7.32 0.13534608925
7.34 0.136145932426
7.36 0.136856547705
7.38 0.137478498047
7.4 0.138012284156
7.42 0.138458342397
7.44 0.138817043097
7.46 0.139088689048
7.48 0.139273514314
7.5 0.139371683308
7.52 0.139383290126
7.54 0.139308358177
7.56 0.139146840075
7.58 0.138898617811
7.6 0.138563503198
7.62 0.138141238623
7.64 0.137631498033
7.66 0.137033888246
7.68 0.136347950572
7.7 0.135573162638
7.72 0.134708940615
7.74 0.133754641663
7.76 0.132709566721
7.78 0.131572963561
7.8 0.130344030199
7.82 0.129021918553
7.84 0.12760573841
7.86 0.126094561795
7.88 0.124487427457
7.9 0.12278334584
7.92 0.120981304236
7.94 0.119080272256
7.96 0.117079207596
7.98 0.114977062063
8.0 0.112772787851
8.02 0.110465344117
8.04 0.108053703709
8.06 0.105536860204
8.08 0.102913835088
8.1 0.100183685145
8.12 0.0973455099892
8.14 0.0943984597592
8.16 0.0913417428821
8.18 0.0881746339714
8.2 0.0848964817455
8.22 0.0815067169545
8.24 0.0780048603365
8.26 0.0743905305104
8.28 0.0706634517596
8.3 0.0668234617484
8.32 0.0628705190265
8.34 0.0588047103916
8.36 0.0546262579647
8.38 0.0503355260211
8.4 0.0459330274924
8.42 0.0414194301166
8.44 0.0367955621847
8.46 0.0320624178352
8.48 0.0272211619339
8.5 0.0222731343286
8.52 0.0172198536855
8.54 0.0120630206395
8.56 0.00680452036884
8.58 0.00144642453603
8.6 -0.00400900747183
8.62 -0.00955932798224
8.64 -0.0152019011913
8.66 -0.0209339040964
8.68 -0.0267523280775
8.7 -0.0326539813655
8.72 -0.0386354921961
8.74 -0.0446933127027
8.76 -0.0508237236813
8.78 -0.0570228400092
8.8 -0.0632866168026
8.82 -0.0696108564397
8.84 -0.0759912160492
8.86 -0.0824232159348
8.88 -0.0889022484301
8.9 -0.0954235874939
8.92 -0.101982398827
8.94 -0.108573750498
8.96 -0.115192624098
8.98 -0.121833926272
9.0 -0.128492500646
9.02 -0.135163140029
9.04 -0.141840598983
9.06 -0.148519606394
9.08 -0.155194878355
9.1 -0.161861131015
9.12 -0.168513093431
9.14 -0.17514552042
9.16 -0.181753205175
9.18 -0.188330991761
9.2 -0.194873787399
9.22 -0.201376574266
9.24 -0.207834421144
9.26 -0.214242494446
9.28 -0.220596068877
9.3 -0.226890537554
9.32 -0.23312142149
9.34 -0.239284378581
9.36 -0.245375211789
9.38 -0.25138987683
9.4 -0.257324488988
9.42 -0.263175329346
9.44 -0.268938850149
9.46 -0.274611679475
9.48 -0.280190625232
9.5 -0.285672678116
9.52 -0.291055014185
9.54 -0.296334996275
9.56 -0.301510175041
9.58 -0.30657828894
9.6 -0.311537263734
9.62 -0.316385211111
9.64 -0.321120426795
9.66 -0.32574138787
9.68 -0.330246749535
9.7 -0.334635341291
9.72 -0.338906162529
9.74 -0.343058377604
9.76 -0.347091310361
9.78 -0.351004438431
9.8 -0.354797386667
9.82 -0.358469920736
9.84 -0.362021939924
9.86 -0.36545346987
9.88 -0.368764654976
9.9 -0.371955750577
9.92 -0.375027114854
9.94 -0.377979200811
9.96 -0.3808125478
9.98 -0.383527773231
10.0 -0.386125564207
10.02 -0.388606668908
10.04 -0.390971888348
10.06 -0.393222067819
10.08 -0.395358088815
10.1 -0.397380860652
10.12 -0.399291312512
10.14 -0.401090385702
10.16 -0.402779025695
10.18 -0.404358175083
10.2 -0.405828766045
10.22 -0.407191713677
10.24 -0.408447909271
10.26 -0.409598214051
10.28 -0.410643453302
10.3 -0.411584410703
10.32 -0.412421823165
10.34 -0.413156376078
10.36 -0.413788698888
10.38 -0.414319361147
10.4 -0.414748868997
10.42 -0.415077662209
10.44 -0.415306111437
10.46 -0.415434516244
10.48 -0.415463103416
10.5 -0.415392025829
10.52 -0.415221361734
10.54 -0.414951114762
10.56 -0.414581214109
10.58 -0.414111515375
10.6 -0.413541802097
10.62 -0.41287178726
10.64 -0.412101115907
10.66 -0.411229367702
10.68 -0.410256060319
10.7 -0.409180653099
10.72 -0.408002551237
10.74 -0.406721110343
10.76 -0.40533564155
10.78 -0.403845416786
10.8 -0.402249674724
10.82 -0.400547626856
10.84 -0.398738464003
10.86 -0.396821363213
10.88 -0.394795494735
10.9 -0.392660029598
10.92 -0.390414147043
10.94 -0.388057042452
10.96 -0.385587935404
10.98 -0.383006077691
11.0 -0.380310761758
11.02 -0.377501328943
11.04 -0.374577177935
11.06 -0.37153777314
11.08 -0.368382653154
11.1 -0.365111438964
11.12 -0.361723842267
11.14 -0.358219673482
11.16 -0.354598849659
11.18 -0.350861402158
11.2 -0.347007484057
11.22 -0.343037377254
11.24 -0.33895149922
11.26 -0.33475040944
11.28 -0.330434815324
11.3 -0.32600557778
11.32 -0.321463716224
11.34 -0.316810413068
11.36 -0.312047017722
11.38 -0.307175049888
11.4 -0.302196202387
11.42 -0.2971123432
11.44 -0.291925516952
11.46 -0.286637945625
11.48 -0.28125202867
11.5 -0.275770342274
11.52 -0.270195638024
11.54 -0.264530840791
11.56 -0.258779045769
11.58 -0.252943515071
11.6 -0.247027673194
11.62 -0.241035102191
11.64 -0.23496953578
11.66 -0.228834853039
11.68 -0.222635071257
11.7 -0.216374338307
11.72 -0.210056924282
11.74 -0.203687212697
11.76 -0.197269691088
11.78 -0.190808941146
11.8 -0.184309628492
11.82 -0.177776491956
11.84 -0.171214332659
11.86 -0.16462800272
11.88 -0.158022393813
11.9 -0.151402425546
11.92 -0.14477303376
11.94 -0.138139158754
11.96 -0.131505733638
11.98 -0.124877672605
12.0 -0.118259859519
12.02 -0.111657136619
12.04 -0.105074293442
12.06 -0.098516056212
12.08 -0.0919870773683
12.1 -0.0854919257763
12.12 -0.0790350771122
12.14 -0.072620904998
12.16 -0.0662536725121
12.18 -0.0599375243593
12.2 -0.0536764795905
12.22 -0.047474424999
12.24 -0.0413351091377
12.26 -0.0352621370043
12.28 -0.0292589654532
12.3 -0.0233288991957
12.32 -0.0174750876393
12.34 -0.0117005222668
12.36 -0.00600803481657
12.38 -0.000400296100304
12.4 0.00512018452987
12.42 0.0105510590227
12.44 0.0158901398783
12.46 0.0211353987329
12.48 0.0262849644354
12.5 0.0313371204978
12.52 0.0362903020543
12.54 0.0411430923126
12.56 0.0458942185701
12.58 0.0505425477622
12.6 0.0550870816449
12.62 0.0595269516583
12.64 0.0638614133963
12.66 0.068089840882
12.68 0.0722117205674
12.7 0.0762266451154
12.72 0.0801343070799
12.74 0.083934492381
12.76 0.0876270737775
12.78 0.0912120041975
12.8 0.0946893101366
12.82 0.0980590849688
12.84 0.101321482422
12.86 0.104476709979
12.88 0.107525022531
12.9 0.110466716014
12.92 0.113302121301
12.94 0.116031598197
12.96 0.118655529648
12.98 0.121174316166
13.0 0.123588370434
13.02 0.125898112199
13.04 0.128103963384
13.06 0.130206343435
13.08 0.132205664981
13.1 0.134102329728
13.12 0.135896724635
13.14 0.137589218369
13.16 0.139180158045
13.18 0.140669866232
13.2 0.142058638248
13.22 0.143346739712
13.24 0.144534404395
13.26 0.145621832318
13.28 0.146609188106
13.3 0.147496599625
13.32 0.148284156848
13.34 0.148971910986
13.36 0.149559873812
13.38 0.150048017283
13.4 0.150436273362
13.42 0.150724534004
13.44 0.150912651458
13.46 0.1510004387
13.48 0.150987670087
13.5 0.150874082226
13.52 0.150659375023
13.54 0.150343212923
13.56 0.149925226334
13.58 0.149405013256
13.6 0.148782141041
13.62 0.148056148409
13.64 0.147226547563
13.66 0.146292826554
13.68 0.145254451747
13.7 0.144110870548
13.72 0.142861514238
13.74 0.141505801025
13.76 0.140043139239
13.78 0.138472930753
13.8 0.136794574517
13.82 0.135007470323
13.84 0.1331110227
13.86 0.131104645009
13.88 0.128987763693
13.9 0.126759822681
13.92 0.12442028797
13.94 0.121968652363
13.96 0.119404440302
13.98 0.116727212925
14.0 0.113936573151
14.02 0.111032170974
14.04 0.108013708775
14.06 0.104880946788
14.08 0.10163370859
14.1 0.0982718866823
14.12 0.0947954480697
14.14 0.0912044398787
14.16 0.0874989949606
14.18 0.0836793374662
14.2 0.0797457883227
14.22 0.0756987707077
14.24 0.0715388153271
14.26 0.0672665656083
14.28 0.0628827826832
14.3 0.0583883502274
14.32 0.0537842789927
14.34 0.0490717111672
14.36 0.0442519243549
14.38 0.0393263353233
14.4 0.0342965033194
14.42 0.0291641330724
14.44 0.0239310773126
14.46 0.0185993389803
14.48 0.0131710727851
14.5 0.00764858649047
14.52 0.00203434150332
14.54 -0.0036690469107
14.56 -0.00945881009029
14.58 -0.0153320269062
14.6 -0.0212856252723
14.62 -0.0273163843437
14.64 -0.0334209371409
14.66 -0.0395957738954
14.68 -0.0458372459366
14.7 -0.0521415701714
14.72 -0.0585048341699
14.74 -0.0649230017511
14.76 -0.0713919192668
14.78 -0.0779073222433
14.8 -0.0844648427322
14.82 -0.0910600169745
14.84 -0.0976882937049
14.86 -0.104345042754
14.88 -0.111025564144
14.9 -0.117725097485
14.92 -0.1244388318
14.94 -0.131161915495
14.96 -0.137889466701
14.98 -0.144616583761
15.0 -0.151338355854
15.02 -0.158049873783
15.04 -0.164746240717
15.06 -0.171422583093
15.08 -0.17807406133
15.1 -0.184695880524
15.12 -0.191283301023
15.14 -0.197831648759
15.16 -0.204336325403
15.18 -0.210792818191
15.2 -0.217196709488
15.22 -0.223543685953
15.24 -0.229829547263
15.26 -0.236050214521
15.28 -0.242201738073
15.3 -0.248280304854
15.32 -0.254282245231
15.34 -0.260204039282
15.36 -0.266042322451
15.38 -0.271793890654
15.4 -0.277455704751
15.42 -0.283024894374
15.44 -0.288498761167
15.46 -0.293874781301
15.48 -0.299150607415
15.5 -0.304324069896
15.52 -0.309393177473
15.54 -0.314356117189
15.56 -0.319211253835
15.58 -0.32395712855
15.6 -0.328592457084
15.62 -0.333116127224
15.64 -0.337527195825
15.66 -0.341824885192
15.68 -0.34600857898
15.7 -0.350077817533
15.72 -0.354032292808
15.74 -0.357871842793
15.76 -0.361596445535
15.78 -0.365206212708
15.8 -0.368701382919
15.82 -0.372082314536
15.84 -0.375349478334
15.86 -0.37850344983
15.88 -0.381544901313
15.9 -0.384474593759
15.92 -0.38729336851
15.94 -0.390002138859
15.96 -0.392601881465
15.98 -0.395093627739
16.0 -0.39747845523
16.02 -0.39975747887
16.04 -0.401931842418
16.06 -0.404002709801
16.08 -0.40597125671
16.1 -0.407838662149
16.12 -0.409606100283
16.14 -0.411274732409
16.16 -0.412845699111
16.18 -0.41432011276
16.2 -0.415699050174
16.22 -0.416983545662
16.24 -0.418174584359
16.26 -0.419273095914
16.28 -0.420279948575
16.3 -0.42119594361
16.32 -0.422021810254
16.34 -0.422758200994
16.36 -0.42340568733
16.38 -0.423964756055
16.4 -0.424435805993
16.42 -0.42481914516
16.44 -0.425114988614
16.46 -0.425323456608
16.48 -0.425444573424
16.5 -0.425478266682
16.52 -0.425424367173
16.54 -0.425282609207
16.56 -0.425052631615
16.58 -0.424733979055
16.6 -0.424326104108
16.62 -0.423828369713
16.64 -0.423240052119
16.66 -0.422560344516
16.68 -0.421788360891
16.7 -0.4209231406
16.72 -0.419963653282
16.74 -0.418908804209
16.76 -0.417757440156
16.78 -0.416508355575
16.8 -0.41516029929
16.82 -0.413711981345
16.84 -0.412162080503
16.86 -0.410509251758
16.88 -0.408752134345
16.9 -0.406889359955
16.92 -0.40491956118
16.94 -0.40284138016
16.96 -0.400653477488
16.98 -0.398354541177
17.0 -0.395943295776
17.02 -0.393418511675
17.04 -0.390779014245
17.06 -0.388023693271
17.08 -0.385151512154
17.1 -0.382161517222
17.12 -0.379052846828
17.14 -0.375824740458
17.16 -0.372476547618
17.18 -0.369007736504
17.2 -0.365417902553
17.22 -0.361706776573
17.24 -0.357874232758
17.26 -0.353920296192
17.28 -0.349845150066
17.3 -0.345649142512
17.32 -0.341332792857
17.34 -0.336896797586
17.36 -0.332342035518
17.38 -0.32766957276
17.4 -0.322880666751
17.42 -0.317976769871
17.44 -0.31295953236
17.46 -0.307830804568
17.48 -0.302592638429
17.5 -0.297247288316
17.52 -0.291797211059
17.54 -0.286245065291
17.56 -0.280593709864
17.58 -0.274846201667
17.6 -0.269005792529
17.62 -0.263075925303
17.64 -0.257060229291
17.66 -0.250962514701
17.68 -0.244786766522
17.7 -0.238537137456
17.72 -0.232217940233
17.74 -0.225833639167
17.76 -0.219388841035
17.78 -0.212888285305
17.8 -0.206336833722
17.82 -0.199739459448
17.84 -0.19310123547
17.86 -0.186427322776
17.88 -0.179722957962
17.9 -0.172993440533
17.92 -0.166244119935
17.94 -0.159480382325
17.96 -0.152707637188
17.98 -0.14593130388
18.0 -0.139156798124
18.02 -0.132389518517
18.04 -0.125634833227
18.06 -0.118898066766
18.08 -0.112184487095
18.1 -0.105499292929
18.12 -0.0988476015745
18.14 -0.0922344369775
18.16 -0.0856647184121
18.18 -0.0791432496994
18.2 -0.072674708884
18.22 -0.0662636386664
18.24 -0.0599144374475
18.26 -0.0536313510738
18.28 -0.0474184652968
18.3 -0.0412796990387
18.32 -0.0352187983532
18.34 -0.0292393312947
18.36 -0.0233446833988
18.38 -0.017538054168
18.4 -0.0118224542144
18.42 -0.00620070324517
18.44 -0.00067542883739
18.46 0.00475093403681
18.48 0.01007614272
18.5 0.0152981458658
18.52 0.0204150817368
18.54 0.0254252758239
18.56 0.0303272377828
18.58 0.0351196579028
18.6 0.0398014028381
18.62 0.0443715109061
18.64 0.0488291869095
18.66 0.0531737964482
18.68 0.0574048598828
18.7 0.0615220458807
18.72 0.0655251646939
18.74 0.0694141611105
18.76 0.0731891072288
18.78 0.0768501949153
18.8 0.0803977282667
18.82 0.0838321158169
18.84 0.0871538627193
18.86 0.0903635628916
18.88 0.0934618911028
18.9 0.0964495951433
18.92 0.0993274879639
18.94 0.102096439977
18.96 0.1047573714
18.98 0.107311244756
19.0 0.109759057491
19.02 0.112101834835
19.04 0.114340622771
19.06 0.116476481228
19.08 0.118510477544
19.1 0.12044368009
19.12 0.122277152186
19.14 0.124011946242
19.16 0.125649098153
19.18 0.127189621993
19.2 0.12863450495
19.22 0.12998470251
19.24 0.131241133994
19.26 0.132404678275
19.28 0.133476169864
19.3 0.134456395192
19.32 0.13534608925
19.34 0.136145932426
19.36 0.136856547705
19.38 0.137478498047
19.4 0.138012284156
19.42 0.138458342397
19.44 0.138817043097
19.46 0.139088689048
19.48 0.139273514314
19.5 0.139371683308
19.52 0.139383290126
19.54 0.139308358177
19.56 0.139146840075
19.58 0.138898617811
19.6 0.138563503198
19.62 0.138141238624
19.64 0.137631498031
19.66 0.137033888246
19.68 0.136347950574
19.7 0.135573162637
19.72 0.134708940615
19.74 0.133754641664
19.76 0.132709566722
19.78 0.131572963559
19.8 0.130344030202
19.82 0.12902191855
19.84 0.127605738411
19.86 0.126094561796
19.88 0.124487427456
19.9 0.12278334584
19.92 0.120981304235
19.94 0.119080272256
19.96 0.117079207598
19.98 0.11497706206
20.0 0.112772787852
20.02 0.110465344117
20.04 0.10805370371
20.06 0.1055368602
20.08 0.102913835088
20.1 0.100183685147
20.12 0.0973455099909
20.14 0.0943984597549
20.16 0.0913417428821
20.18 0.0881746339739
20.2 0.0848964817456
20.22 0.0815067169528
20.24 0.0780048603365
20.26 0.0743905305147
20.28 0.0706634517562
20.3 0.0668234617467
20.32 0.0628705190282
20.34 0.0588047103916
20.36 0.0546262579664
20.38 0.0503355260186
20.4 0.0459330274924
20.42 0.0414194301175
20.44 0.0367955621855
20.46 0.0320624178327
20.48 0.0272211619364
20.5 0.0222731343278
20.52 0.0172198536855
20.54 0.0120630206387
20.56 0.00680452036802
20.58 0.00144642454016
20.6 -0.00400900747515
20.62 -0.00955932798052
20.64 -0.015201901193
20.66 -0.0209339040964
20.68 -0.0267523280751
20.7 -0.032653981368
20.72 -0.0386354921945
20.74 -0.0446933127044
20.76 -0.0508237236805
20.78 -0.0570228400083
20.8 -0.0632866168035
20.82 -0.0696108564414
20.84 -0.0759912160467
20.86 -0.082423215934
20.88 -0.0889022484301
20.9 -0.0954235875004
20.92 -0.101982398819
20.94 -0.1085737505
20.96 -0.115192624098
20.98 -0.121833926275
21.0 -0.128492500637
21.02 -0.13516314004
21.04 -0.14184059898
21.06 -0.148519606397
21.08 -0.155194878346
21.1 -0.161861131019
21.12 -0.168513093431
21.14 -0.175145520422
21.16 -0.181753205173
21.18 -0.188330991762
21.2 -0.194873787398
21.22 -0.201376574264
21.24 -0.207834421147
21.26 -0.214242494444
21.28 -0.220596068879
21.3 -0.226890537551
21.32 -0.233121421492
21.34 -0.239284378581
21.36 -0.245375211789
21.38 -0.25138987683
21.4 -0.257324488988
21.42 -0.263175329348
21.44 -0.26893885014
21.46 -0.274611679489
21.48 -0.280190625226
21.5 -0.285672678121
21.52 -0.291055014175
21.54 -0.296334996283
21.56 -0.301510175036
21.58 -0.306578288942
21.6 -0.311537263734
21.62 -0.316385211111
21.64 -0.321120426795
21.66 -0.32574138787
21.68 -0.330246749535
21.7 -0.334635341291
21.72 -0.338906162529
21.74 -0.343058377604
21.76 -0.347091310361
21.78 -0.351004438433
21.8 -0.354797386666
21.82 -0.358469920732
21.84 -0.362021939926
21.86 -0.365453469866
21.88 -0.368764654985
21.9 -0.371955750572
21.92 -0.375027114854
21.94 -0.377979200816
21.96 -0.380812547793
21.98 -0.383527773235
22.0 -0.3861255642
22.02 -0.388606668914
22.04 -0.390971888348
22.06 -0.39322206782
22.08 -0.395358088814
22.1 -0.397380860653
22.12 -0.399291312512
22.14 -0.401090385704
22.16 -0.402779025689
22.18 -0.404358175092
22.2 -0.405828766035
22.22 -0.407191713684
22.24 -0.408447909266
22.26 -0.409598214056
22.28 -0.410643453298
22.3 -0.411584410705
22.32 -0.412421823162
22.34 -0.413156376082
22.36 -0.413788698895
22.38 -0.414319361136
22.4 -0.414748869001
22.42 -0.415077662211
22.44 -0.415306111433
22.46 -0.415434516245
22.48 -0.415463103418
22.5 -0.415392025828
22.52 -0.415221361733
22.54 -0.414951114762
22.56 -0.414581214109
22.58 -0.414111515375
22.6 -0.413541802097
22.62 -0.41287178726
22.64 -0.412101115907
22.66 -0.411229367707
22.68 -0.41025606031
22.7 -0.409180653103
22.72 -0.408002551237
22.74 -0.406721110343
22.76 -0.405335641551
22.78 -0.403845416785
22.8 -0.402249674724
22.82 -0.400547626856
22.84 -0.398738464003
22.86 -0.396821363209
22.88 -0.394795494738
22.9 -0.392660029602
22.92 -0.390414147039
22.94 -0.388057042449
22.96 -0.385587935413
22.98 -0.383006077683
23.0 -0.380310761763
23.02 -0.377501328935
23.04 -0.37457717794
23.06 -0.371537773136
23.08 -0.36838265316
23.1 -0.365111438959
23.12 -0.361723842273
23.14 -0.358219673474
23.16 -0.354598849662
23.18 -0.350861402156
23.2 -0.347007484065
23.22 -0.343037377246
23.24 -0.338951499222
23.26 -0.33475040944
23.28 -0.330434815324
23.3 -0.326005577777
23.32 -0.321463716228
23.34 -0.31681041307
23.36 -0.312047017716
23.38 -0.307175049892
23.4 -0.302196202382
23.42 -0.297112343205
23.44 -0.291925516949
23.46 -0.286637945625
23.48 -0.28125202867
23.5 -0.275770342272
23.52 -0.270195638028
23.54 -0.264530840785
23.56 -0.258779045779
23.58 -0.252943515062
23.6 -0.247027673196
23.62 -0.241035102194
23.64 -0.234969535781
23.66 -0.228834853033
23.68 -0.22263507126
23.7 -0.216374338305
23.72 -0.210056924283
23.74 -0.203687212695
23.76 -0.19726969109
23.78 -0.190808941148
23.8 -0.184309628488
23.82 -0.177776491957
23.84 -0.171214332659
23.86 -0.164628002724
23.88 -0.158022393811
23.9 -0.151402425543
23.92 -0.144773033762
23.94 -0.138139158751
23.96 -0.131505733644
23.98 -0.124877672603
24.0 -0.11825985952
24.02 -0.111657136617
24.04 -0.105074293444
24.06 -0.0985160562102
24.08 -0.0919870773718
24.1 -0.0854919257691
24.12 -0.0790350771185
24.14 -0.0726209049944
24.16 -0.0662536725157
24.18 -0.0599375243556
24.2 -0.0536764795935
24.22 -0.0474744250006
24.24 -0.0413351091331
24.26 -0.0352621370062
24.28 -0.0292589654532
24.3 -0.0233288991958
24.32 -0.0174750876397
24.34 -0.0117005222653
24.36 -0.00600803481757
24.38 -0.000400296098532
24.4 0.00512018452582
24.42 0.0105510590245
24.44 0.0158901398793
24.46 0.021135398731
24.48 0.0262849644391
24.5 0.0313371204944
24.52 0.0362903020539
24.54 0.041143092317
24.56 0.0458942185681
24.58 0.0505425477599
24.6 0.0550870816462
24.62 0.0595269516585
24.64 0.0638614133961
24.66 0.0680898408812
24.68 0.0722117205685
24.7 0.0762266451152
24.72 0.0801343070786
24.74 0.083934492384
24.76 0.087627073775
24.78 0.0912120042009
24.8 0.0946893101321
24.82 0.098059084973
24.84 0.101321482418
24.86 0.10447670998
24.88 0.107525022532
24.9 0.110466716014
24.92 0.1133021213
24.94 0.116031598195
24.96 0.118655529649
24.98 0.121174316168
25.0 0.123588370432
25.02 0.1258981122
25.04 0.128103963383
25.06 0.130206343435
25.08 0.132205664982
25.1 0.134102329728
25.12 0.135896724634
25.14 0.137589218368
25.16 0.139180158045
25.18 0.140669866236
25.2 0.142058638245
25.22 0.143346739713
25.24 0.144534404395
25.26 0.145621832319
25.28 0.146609188104
25.3 0.147496599625
25.32 0.14828415685
25.34 0.148971910987
25.36 0.149559873809
25.38 0.150048017285
25.4 0.150436273362
25.42 0.150724534004
25.44 0.150912651458
25.46 0.1510004387
25.48 0.150987670087
25.5 0.150874082226
25.52 0.150659375023
25.54 0.150343212923
25.56 0.149925226334
25.58 0.149405013256
25.6 0.148782141042
25.62 0.148056148408
25.64 0.147226547564
25.66 0.146292826554
25.68 0.145254451747
25.7 0.144110870547
25.72 0.14286151424
25.74 0.141505801024
25.76 0.14004313924
25.78 0.138472930753
25.8 0.136794574516
25.82 0.135007470322
25.84 0.133111022702
25.86 0.131104645009
25.88 0.128987763692
25.9 0.12675982268
25.92 0.124420287973
25.94 0.121968652361
25.96 0.119404440302
25.98 0.116727212925
26.0 0.113936573151
26.02 0.111032170975
26.04 0.108013708771
26.06 0.104880946791
26.08 0.101633708591
26.1 0.0982718866794
26.12 0.0947954480704
26.14 0.0912044398755
26.16 0.0874989949668
26.18 0.0836793374629
26.2 0.0797457883218
26.22 0.0756987707106
26.24 0.0715388153279
26.26 0.0672665656022
26.28 0.0628827826897
26.3 0.0583883502234
26.32 0.0537842789935
26.34 0.0490717111677
26.36 0.0442519243532
26.38 0.0393263353288
26.4 0.0342965033151
26.42 0.0291641330699
26.44 0.0239310773166
26.46 0.0185993389799
26.48 0.0131710727829
26.5 0.00764858649405
26.52 0.00203434150375
26.54 -0.00366904691512
26.56 -0.00945881009029
26.58 -0.0153320269038
26.6 -0.0212856252716
26.62 -0.0273163843453
26.64 -0.0334209371422
26.66 -0.0395957738905
26.68 -0.0458372459372
26.7 -0.0521415701785
26.72 -0.0585048341648
26.74 -0.0649230017512
26.76 -0.0713919192668
26.78 -0.0779073222467
26.8 -0.0844648427271
26.82 -0.0910600169736
26.84 -0.0976882937085
26.86 -0.104345042757
26.88 -0.111025564138
26.9 -0.117725097487
26.92 -0.124438831804
26.94 -0.131161915485
26.96 -0.137889466703
26.98 -0.144616583764
27.0 -0.151338355856
27.02 -0.158049873783
27.04 -0.164746240711
27.06 -0.171422583096
27.08 -0.178074061334
27.1 -0.184695880517
27.12 -0.191283301026
27.14 -0.197831648765
27.16 -0.204336325395
27.18 -0.210792818193
27.2 -0.217196709495
27.22 -0.223543685944
27.24 -0.229829547269
27.26 -0.236050214518
27.28 -0.242201738076
27.3 -0.248280304848
27.32 -0.254282245237
27.34 -0.26020403928
27.36 -0.266042322456
27.38 -0.271793890644
27.4 -0.277455704754
27.42 -0.283024894381
27.44 -0.288498761164
27.46 -0.2938747813
27.48 -0.299150607414
27.5 -0.304324069895
27.52 -0.309393177477
27.54 -0.314356117184
27.56 -0.319211253838
27.58 -0.323957128554
27.6 -0.328592457081
27.62 -0.333116127223
27.64 -0.337527195826
27.66 -0.34182488519
27.68 -0.346008578988
27.7 -0.350077817525
27.72 -0.354032292807
27.74 -0.357871842797
27.76 -0.361596445533
27.78 -0.365206212708
27.8 -0.368701382925
27.82 -0.372082314524
27.84 -0.375349478337
27.86 -0.378503449834
27.88 -0.381544901311
27.9 -0.384474593762
27.92 -0.387293368504
27.94 -0.390002138863
27.96 -0.392601881467
27.98 -0.395093627735
28.0 -0.397478455232
28.02 -0.399757478874
28.04 -0.401931842411
28.06 -0.404002709804
28.08 -0.405971256709
28.1 -0.407838662149
28.12 -0.409606100283
28.14 -0.411274732409
28.16 -0.412845699111
28.18 -0.41432011276
28.2 -0.415699050174
28.22 -0.416983545662
28.24 -0.418174584358
28.26 -0.419273095917
28.28 -0.420279948571
28.3 -0.421195943609
28.32 -0.422021810256
28.34 -0.422758200994
28.36 -0.423405687332
28.38 -0.423964756051
28.4 -0.424435805995
28.42 -0.42481914516
28.44 -0.425114988614
28.46 -0.425323456608
28.48 -0.425444573424
28.5 -0.425478266682
28.52 -0.425424367173
28.54 -0.425282609207
28.56 -0.425052631615
28.58 -0.424733979055
28.6 -0.424326104104
28.62 -0.423828369719
28.64 -0.423240052118
28.66 -0.422560344517
28.68 -0.421788360884
28.7 -0.420923140606
28.72 -0.419963653283
28.74 -0.418908804203
28.76 -0.417757440158
28.78 -0.41650835558
28.8 -0.41516029928
28.82 -0.413711981356
28.84 -0.412162080496
28.86 -0.410509251758
28.88 -0.408752134348
28.9 -0.406889359953
28.92 -0.404919561184
28.94 -0.402841380158
28.96 -0.400653477488
28.98 -0.398354541177
29.0 -0.395943295776
29.02 -0.393418511675
29.04 -0.390779014245
29.06 -0.388023693268
29.08 -0.385151512159
29.1 -0.382161517224
29.12 -0.37905284682
29.14 -0.375824740464
29.16 -0.372476547618
29.18 -0.369007736502
29.2 -0.365417902553
29.22 -0.361706776576
29.24 -0.357874232756
29.26 -0.353920296192
29.28 -0.349845150068
29.3 -0.345649142513
29.32 -0.341332792859
29.34 -0.336896797578
29.36 -0.332342035526
29.38 -0.327669572758
29.4 -0.322880666749
29.42 -0.317976769872
29.44 -0.31295953236
29.46 -0.307830804568
29.48 -0.302592638427
29.5 -0.297247288315
29.52 -0.291797211065
29.54 -0.286245065292
29.56 -0.280593709859
29.58 -0.274846201667
29.6 -0.26900579253
29.62 -0.263075925303
29.64 -0.257060229288
29.66 -0.250962514706
29.68 -0.244786766517
29.7 -0.238537137462
29.72 -0.232217940228
29.74 -0.22583363917
29.76 -0.219388841037
29.78 -0.212888285294
29.8 -0.206336833736
29.82 -0.199739459447
29.84 -0.193101235463
29.86 -0.186427322775
29.88 -0.179722957965
29.9 -0.172993440533
29.92 -0.166244119935
29.94 -0.159480382323
29.96 -0.152707637188
29.98 -0.145931303886
30.0 -0.139156798119
30.02 -0.132389518519
30.04 -0.125634833228
30.06 -0.118898066763
30.08 -0.112184487093
30.1 -0.105499292935
30.12 -0.0988476015699
30.14 -0.0922344369803
30.16 -0.0856647184068
30.18 -0.0791432497073
30.2 -0.0726747088822
30.22 -0.0662636386602
30.24 -0.0599144374555
30.26 -0.0536313510738
30.28 -0.0474184652906
30.3 -0.0412796990386
30.32 -0.0352187983577
30.34 -0.0292393312929
30.36 -0.0233446833961
30.38 -0.0175380541717
30.4 -0.0118224542135
30.42 -0.00620070324968
30.44 -0.000675428829274
30.46 0.0047509340332
30.48 0.0100761427182
30.5 0.0152981458685
30.52 0.0204150817386
30.54 0.0254252758167
30.56 0.0303272377874
30.58 0.0351196579044
30.6 0.0398014028365
30.62 0.044371510906
30.64 0.0488291869095
30.66 0.0531737964491
30.68 0.0574048598827
30.7 0.0615220458772
30.72 0.0655251646966
30.74 0.0694141611123
30.76 0.0731891072242
30.78 0.0768501949216
30.8 0.0803977282613
30.82 0.0838321158196
30.84 0.0871538627174
30.86 0.0903635628899
30.88 0.09346189111
30.9 0.0964495951353
30.92 0.0993274879666
30.94 0.102096439979
30.96 0.104757371402
30.98 0.107311244751
31.0 0.109759057493
31.02 0.112101834836
31.04 0.11434062277
31.06 0.116476481228
31.08 0.118510477544
31.1 0.120443680091
31.12 0.122277152187
31.14 0.124011946241
31.16 0.125649098152
31.18 0.127189621995
31.2 0.128634504947
31.22 0.129984702514
31.24 0.131241133992
31.26 0.132404678277
31.28 0.133476169862
31.3 0.134456395193
31.32 0.13534608925
31.34 0.136145932426
31.36 0.136856547705
31.38 0.137478498047
31.4 0.138012284158
31.42 0.138458342393
31.44 0.138817043098
31.46 0.139088689048
31.48 0.139273514314
31.5 0.139371683308
31.52 0.139383290126
31.54 0.139308358177
31.56 0.139146840075
31.58 0.138898617811
31.6 0.138563503198
31.62 0.138141238624
31.64 0.137631498031
31.66 0.137033888246
31.68 0.136347950574
31.7 0.135573162637
31.72 0.134708940615
31.74 0.133754641665
31.76 0.132709566719
31.78 0.131572963563
31.8 0.130344030198
31.82 0.129021918553
31.84 0.12760573841
31.86 0.126094561796
31.88 0.124487427456
31.9 0.12278334584
31.92 0.120981304235
31.94 0.119080272256
31.96 0.117079207597
31.98 0.11497706206
32.0 0.112772787855
32.02 0.110465344115
32.04 0.108053703709
32.06 0.1055368602
32.08 0.102913835092
32.1 0.100183685141
32.12 0.0973455099944
32.14 0.0943984597514
32.16 0.0913417428881
32.18 0.0881746339722
32.2 0.0848964817404
32.22 0.0815067169579
32.24 0.0780048603357
32.26 0.0743905305104
32.28 0.0706634517596
32.3 0.0668234617501
32.32 0.0628705190248
32.34 0.0588047103899
32.36 0.0546262579664
32.38 0.0503355260203
32.4 0.0459330274916
32.42 0.0414194301191
32.44 0.0367955621872
32.46 0.032062417831
32.48 0.0272211619339
32.5 0.0222731343294
32.52 0.017219853688
32.54 0.0120630206312
32.56 0.00680452037796
32.58 0.00144642452777
32.6 -0.0040090074644
32.62 -0.00955932798059
32.64 -0.0152019011987
32.66 -0.0209339040923
32.68 -0.0267523280775
32.7 -0.032653981368
32.72 -0.0386354921904
32.74 -0.0446933127077
32.76 -0.0508237236813
32.78 -0.0570228400092
32.8 -0.0632866168068
32.82 -0.0696108564315
32.84 -0.0759912160533
32.86 -0.082423215934
32.88 -0.0889022484269
32.9 -0.0954235874972
32.92 -0.101982398829
32.94 -0.108573750494
32.96 -0.115192624097
32.98 -0.121833926284
33.0 -0.12849250063
33.02 -0.13516314004
33.04 -0.141840598981
33.06 -0.148519606391
33.08 -0.155194878359
33.1 -0.161861131008
33.12 -0.168513093433
33.14 -0.175145520426
33.16 -0.181753205166
33.18 -0.188330991766
33.2 -0.194873787397
33.22 -0.201376574267
33.24 -0.207834421151
33.26 -0.214242494434
33.28 -0.220596068884
33.3 -0.226890537548
33.32 -0.233121421493
33.34 -0.239284378579
33.36 -0.245375211796
33.38 -0.25138987682
33.4 -0.257324488995
33.42 -0.263175329351
33.44 -0.268938850139
33.46 -0.274611679478
33.48 -0.280190625236
33.5 -0.285672678111
33.52 -0.29105501419
33.54 -0.296334996272
33.56 -0.301510175042
33.58 -0.306578288943
33.6 -0.311537263727
33.62 -0.316385211114
33.64 -0.321120426795
33.66 -0.32574138787
33.68 -0.330246749534
33.7 -0.334635341293
33.72 -0.338906162527
33.74 -0.343058377607
33.76 -0.34709131036
33.78 -0.351004438433
33.8 -0.354797386668
33.82 -0.358469920729
33.84 -0.362021939924
33.86 -0.365453469879
33.88 -0.36876465497
33.9 -0.37195575058
33.92 -0.375027114856
33.94 -0.377979200809
33.96 -0.380812547797
33.98 -0.383527773229
34.0 -0.386125564211
34.02 -0.388606668913
34.04 -0.390971888339
34.06 -0.393222067823
34.08 -0.395358088815
34.1 -0.397380860652
34.12 -0.399291312512
34.14 -0.401090385704
34.16 -0.402779025689
34.18 -0.404358175082
34.2 -0.405828766055
34.22 -0.407191713674
34.24 -0.408447909266
34.26 -0.409598214054
34.28 -0.410643453302
34.3 -0.411584410697
34.32 -0.412421823176
34.34 -0.413156376072
34.36 -0.41378869889
34.38 -0.414319361147
34.4 -0.414748869003
34.42 -0.415077662199
34.44 -0.415306111439
34.46 -0.415434516246
34.48 -0.41546310342
34.5 -0.41539202582
34.52 -0.415221361738
34.54 -0.414951114762
34.56 -0.414581214109
34.58 -0.414111515375
34.6 -0.413541802097
34.62 -0.41287178726
34.64 -0.412101115907
34.66 -0.411229367702
34.68 -0.410256060314
34.7 -0.409180653107
34.72 -0.408002551237
34.74 -0.406721110339
34.76 -0.405335641548
34.78 -0.403845416793
34.8 -0.40224967472
34.82 -0.400547626856
34.84 -0.398738464002
34.86 -0.396821363214
34.88 -0.39479549473
34.9 -0.392660029605
34.92 -0.390414147039
34.94 -0.388057042452
34.96 -0.385587935404
34.98 -0.383006077691
35.0 -0.380310761762
35.02 -0.377501328935
35.04 -0.37457717794
35.06 -0.371537773139
35.08 -0.368382653149
35.1 -0.365111438973
35.12 -0.361723842265
35.14 -0.35821967348
35.16 -0.354598849659
35.18 -0.350861402152
35.2 -0.347007484069
35.22 -0.34303737725
35.24 -0.338951499212
35.26 -0.334750409447
35.28 -0.330434815319
35.3 -0.326005577787
35.32 -0.321463716222
35.34 -0.316810413064
35.36 -0.312047017725
35.38 -0.307175049885
35.4 -0.302196202387
35.42 -0.297112343201
35.44 -0.29192551695
35.46 -0.286637945627
35.48 -0.281252028671
35.5 -0.275770342272
35.52 -0.270195638024
35.54 -0.264530840788
35.56 -0.258779045774
35.58 -0.252943515065
35.6 -0.247027673199
35.62 -0.241035102185
35.64 -0.234969535787
35.66 -0.228834853038
35.68 -0.222635071249
35.7 -0.216374338313
35.72 -0.210056924275
35.74 -0.203687212707
35.76 -0.197269691085
35.78 -0.190808941142
35.8 -0.184309628493
35.82 -0.177776491957
35.84 -0.171214332658
35.86 -0.164628002722
35.88 -0.158022393811
35.9 -0.151402425548
35.92 -0.144773033759
35.94 -0.138139158753
35.96 -0.13150573364
35.98 -0.124877672601
36.0 -0.118259859525
36.02 -0.111657136614
36.04 -0.10507429345
36.06 -0.0985160562038
36.08 -0.0919870773746
36.1 -0.0854919257764
36.12 -0.0790350771057
36.14 -0.0726209050036
36.16 -0.0662536725047
36.18 -0.0599375243703
36.2 -0.0536764795861
36.22 -0.047474424996
36.24 -0.0413351091407
36.26 -0.0352621370042
36.28 -0.0292589654486
36.3 -0.0233288992012
36.32 -0.0174750876403
36.34 -0.0117005222588
36.36 -0.00600803482389
36.38 -0.00040029609819
36.4 0.00512018452995
36.42 0.0105510590232
36.44 0.0158901398796
36.46 0.0211353987306
36.48 0.0262849644325
36.5 0.0313371205033
36.52 0.0362903020526
36.54 0.0411430923096
36.56 0.0458942185757
36.58 0.0505425477562
36.6 0.0550870816514
36.62 0.0595269516523
36.64 0.063861413397
36.66 0.0680898408883
36.68 0.0722117205606
36.7 0.0762266451179
36.72 0.0801343070805
36.74 0.0839344923809
36.76 0.087627073775
36.78 0.0912120042006
36.8 0.094689310135
36.82 0.0980590849699
36.84 0.101321482421
36.86 0.10447670998
36.88 0.107525022529
36.9 0.110466716014
36.92 0.113302121298
36.94 0.116031598201
36.96 0.118655529647
36.98 0.121174316165
37.0 0.123588370438
37.02 0.125898112195
37.04 0.128103963388
37.06 0.130206343431
37.08 0.132205664981
37.1 0.134102329733
37.12 0.135896724631
37.14 0.13758921837
37.16 0.139180158045
37.18 0.140669866233
37.2 0.142058638246
37.22 0.143346739714
37.24 0.144534404395
37.26 0.145621832317
37.28 0.146609188106
37.3 0.147496599625
37.32 0.148284156849
37.34 0.148971910985
37.36 0.149559873811
37.38 0.150048017285
37.4 0.150436273363
37.42 0.150724534002
37.44 0.150912651459
37.46 0.151000438699
37.48 0.150987670088
37.5 0.150874082227
37.52 0.150659375023
37.54 0.150343212919
37.56 0.149925226339
37.58 0.149405013254
37.6 0.148782141041
37.62 0.148056148409
37.64 0.147226547565
37.66 0.146292826551
37.68 0.145254451749
37.7 0.144110870547
37.72 0.14286151424
37.74 0.141505801024
37.76 0.14004313924
37.78 0.138472930752
37.8 0.136794574518
37.82 0.135007470322
37.84 0.133111022698
37.86 0.131104645013
37.88 0.12898776369
37.9 0.126759822684
37.92 0.124420287967
37.94 0.121968652366
37.96 0.119404440303
37.98 0.116727212918
38.0 0.113936573157
38.02 0.111032170972
38.04 0.108013708775
38.06 0.104880946787
38.08 0.101633708592
38.1 0.09827188668
38.12 0.0947954480692
38.14 0.091204439877
38.16 0.0874989949655
38.18 0.0836793374618
38.2 0.0797457883243
38.22 0.0756987707107
38.24 0.0715388153249
38.26 0.0672665656053
38.28 0.0628827826864
38.3 0.05838835023
38.32 0.0537842789857
38.34 0.049071711173
38.36 0.0442519243489
38.38 0.0393263353289
38.4 0.0342965033224
38.42 0.0291641330617
38.44 0.0239310773227
38.46 0.0185993389753
38.48 0.0131710727854
38.5 0.00764858648878
38.52 0.00203434151175
38.54 -0.00366904691712
38.56 -0.00945881009271
38.58 -0.0153320269011
38.6 -0.0212856252766
38.62 -0.027316384343
38.64 -0.0334209371399
38.66 -0.0395957738919
38.68 -0.0458372459398
38.7 -0.0521415701744
38.72 -0.0585048341658
38.74 -0.0649230017498
38.76 -0.0713919192735
38.78 -0.0779073222364
38.8 -0.0844648427305
38.82 -0.0910600169842
38.84 -0.097688293695
38.86 -0.104345042765
38.88 -0.111025564132
38.9 -0.117725097493
38.92 -0.124438831799
38.94 -0.13116191549
38.96 -0.137889466704
38.98 -0.144616583762
39.0 -0.151338355855
39.02 -0.158049873782
39.04 -0.164746240715
39.06 -0.171422583096
39.08 -0.178074061329
39.1 -0.184695880519
39.12 -0.191283301028
39.14 -0.197831648762
39.16 -0.204336325397
39.18 -0.210792818192
39.2 -0.217196709498
39.22 -0.223543685941
39.24 -0.229829547263
39.26 -0.236050214532
39.28 -0.242201738063
39.3 -0.248280304861
39.32 -0.254282245226
39.34 -0.260204039286
39.36 -0.266042322452
39.38 -0.271793890647
39.4 -0.277455704755
39.42 -0.283024894376
39.44 -0.288498761169
39.46 -0.293874781296
39.48 -0.299150607418
39.5 -0.304324069898
39.52 -0.309393177466
39.54 -0.314356117189
39.56 -0.31921125384
39.58 -0.323957128549
39.6 -0.328592457085
39.62 -0.333116127218
39.64 -0.337527195831
39.66 -0.34182488519
39.68 -0.346008578976
39.7 -0.350077817544
39.72 -0.354032292795
39.74 -0.357871842801
39.76 -0.36159644553
39.78 -0.365206212711
39.8 -0.368701382922
39.82 -0.372082314526
39.84 -0.375349478341
39.86 -0.378503449831
39.88 -0.381544901311
39.9 -0.384474593761
39.92 -0.387293368504
39.94 -0.390002138868
39.96 -0.392601881457
39.98 -0.395093627741
