0.0 26.1725642654
0.02 26.3328133161
0.04 26.4936475653
0.06 26.6549726313
0.08 26.8166928316
0.1 26.97871136
0.12 27.1409304666
0.14 27.3032516402
0.16 27.4655757924
0.18 27.6278034423
0.2 27.7898349019
0.22 27.9515704591
0.24 28.1129105605
0.26 28.2737559907
0.28 28.4340080486
0.3 28.5935687195
0.32 28.7523408426
0.34 28.9102282728
0.36 29.0671360368
0.38 29.2229704818
0.4 29.3776394178
0.42 29.5310522518
0.44 29.683120114
0.46 29.8337559753
0.48 29.9828747566
0.5 30.1303934286
0.52 30.2762311027
0.54 30.4203091121
0.56 30.5625510843
0.58 30.7028830039
0.6 30.8412332653
0.62 30.9775327175
0.64 31.1117146988
0.66 31.2437150626
0.68 31.3734721951
0.7 31.5009270241
0.72 31.6260230198
0.74 31.7487061875
0.76 31.8689250536
0.78 31.9866306441
0.8 32.101776456
0.82 32.214318424
0.84 32.3242148794
0.86 32.4314265057
0.88 32.5359162884
0.9 32.6376494603
0.92 32.7365934434
0.94 32.8327177877
0.96 32.9259941059
0.98 33.0163960074
1.0 33.1038990285
1.02 33.1884805628
1.04 33.2701197892
1.06 33.3487975999
1.08 33.4244965281
1.1 33.4972006758
1.12 33.5668956422
1.14 33.6335684532
1.16 33.6972074916
1.18 33.7578024297
1.2 33.8153441634
1.22 33.8698247485
1.24 33.9212373396
1.26 33.9695761318
1.28 34.0148363056
1.3 34.0570139742
1.32 34.0961061354
1.34 34.1321106261
1.36 34.1650260812
1.38 34.1948518961
1.4 34.2215881931
1.42 34.2452357926
1.44 34.2657961875
1.46 34.2832715225
1.48 34.297664578
1.5 34.3089787578
1.52 34.3172180813
1.54 34.3223871803
1.56 34.3244912998
1.58 34.3235363039
1.6 34.3195286847
1.62 34.3124755764
1.64 34.3023847735
1.66 34.2892647521
1.68 34.273124696
1.7 34.253974526
1.72 34.2318249331
1.74 34.2066874149
1.76 34.1785743149
1.78 34.1474988657
1.8 34.1134752337
1.82 34.0765185675
1.84 34.036645048
1.86 33.9938719403
1.88 33.9482176477
1.9 33.899701767
1.92 33.8483451446
1.94 33.794169934
1.96 33.7371996527
1.98 33.6774592402
2.0 33.6149751148
2.02 33.5497752304
2.04 33.4818891315
2.06 33.4113480075
2.08 33.3381847442
2.1 33.262433974
2.12 33.1841321226
2.14 33.103317453
2.16 33.0200301057
2.18 32.9343121355
2.2 32.8462075434
2.22 32.7557623042
2.24 32.6630243889
2.26 32.5680437817
2.28 32.4708724912
2.3 32.3715645561
2.32 32.270176043
2.34 32.1667650396
2.36 32.0613916395
2.38 31.9541179204
2.4 31.8450079151
2.42 31.7341275751
2.44 31.6215447264
2.46 31.507329018
2.48 31.3915518628
2.5 31.2742863704
2.52 31.1556072732
2.54 31.0355908445
2.56 30.9143148092
2.58 30.791858248
2.6 30.6683014946
2.62 30.5437260259
2.64 30.4182143467
2.66 30.2918498681
2.68 30.1647167809
2.7 30.0368999234
2.72 29.908484646
2.74 29.7795566705
2.76 29.650201947
2.78 29.5205065076
2.8 29.3905563184
2.82 29.2604371295
2.84 29.1302343242
2.86 29.0000327686
2.88 28.8699166606
2.9 28.739969381
2.92 28.6102733456
2.94 28.4809098603
2.96 28.3519589786
2.98 28.2234993632
3.0 28.0956081521
3.02 27.9683608282
3.04 27.8418310961
3.06 27.7160907629
3.08 27.5912096269
3.1 27.4672553717
3.12 27.3442934683
3.14 27.222387084
3.16 27.1015970001
3.18 26.9819815359
3.2 26.863596483
3.22 26.7464950459
3.24 26.6307277928
3.26 26.5163426139
3.28 26.4033846888
3.3 26.2918964624
3.32 26.181917629
3.34 26.0734851253
3.36 25.9666331314
3.38 25.86139308
3.4 25.7577936735
3.42 25.655860909
3.44 25.5556181102
3.46 25.4570859673
3.48 25.3602825827
3.5 25.2652235244
3.52 25.1719218844
3.54 25.0803883443
3.56 24.9906312448
3.58 24.9026566618
3.6 24.8164684863
3.62 24.732068509
3.64 24.649456509
3.66 24.5686303458
3.68 24.4895860548
3.7 24.4123179454
3.72 24.3368187021
3.74 24.263079487
3.76 24.1910900445
3.78 24.1208388079
3.8 24.0523130058
3.82 23.9854987707
3.84 23.9203812472
3.86 23.8569447006
3.88 23.7951726252
3.9 23.7350478526
3.92 23.6765526588
3.94 23.6196688707
3.96 23.5643779711
3.98 23.5106612026
4.0 23.4584996698
4.02 23.4078744388
4.04 23.3587666362
4.06 23.3111575442
4.08 23.2650286942
4.1 23.2203619577
4.12 23.1771396334
4.14 23.1353445329
4.16 23.0949600622
4.18 23.0559702998
4.2 23.0183600723
4.22 22.9821150257
4.24 22.9472216933
4.26 22.9136675602
4.28 22.8814411228
4.3 22.8505319463
4.32 22.8209307161
4.34 22.7926292865
4.36 22.7656207245
4.38 22.7398993499
4.4 22.7154607704
4.42 22.6923019129
4.44 22.6704210502
4.46 22.6498178235
4.48 22.6304932595
4.5 22.6124497846
4.52 22.5956912327
4.54 22.5802228502
4.56 22.5660512952
4.58 22.5531846328
4.6 22.5416323255
4.62 22.5314052193
4.64 22.5225155256
4.66 22.5149767971
4.68 22.5088039018
4.7 22.5040129896
4.72 22.5006214569
4.74 22.4986479058
4.76 22.4981120983
4.78 22.4990349078
4.8 22.5014382651
4.82 22.5053451006
4.84 22.5107792828
4.86 22.517765552
4.88 22.5263294506
4.9 22.5364972494
4.92 22.5482958703
4.94 22.5617528046
4.96 22.5768960285
4.98 22.5937539148
5.0 22.6123551411
5.02 22.6327285947
5.04 22.654903275
5.06 22.6789081919
5.08 22.7047722623
5.1 22.732524203
5.12 22.7621924224
5.14 22.7938049083
5.16 22.8273891149
5.18 22.8629718471
5.2 22.9005791436
5.22 22.940236158
5.24 22.9819670395
5.26 23.0257948119
5.28 23.0717412523
5.3 23.1198267697
5.32 23.1700702834
5.34 23.2224891015
5.36 23.2770988008
5.38 23.3339131067
5.4 23.3929437761
5.42 23.4542004806
5.44 23.517690693
5.46 23.5834195765
5.48 23.6513898767
5.5 23.7216018174
5.52 23.794053001
5.54 23.8687383128
5.56 23.9456498308
5.58 24.0247767413
5.6 24.1061052602
5.62 24.1896185607
5.64 24.2752967088
5.66 24.3631166057
5.68 24.4530519375
5.7 24.5450731351
5.72 24.6391473409
5.74 24.7352383854
5.76 24.8333067737
5.78 24.9333096811
5.8 25.0352009586
5.82 25.1389311496
5.84 25.2444475156
5.86 25.3516940736
5.88 25.4606116434
5.9 25.5711379059
5.92 25.6832074713
5.94 25.7967519585
5.96 25.911700084
5.98 26.0279777615
6.0 26.1455082102
6.02 26.2642120737
6.04 26.3840075466
6.06 26.5048105103
6.08 26.6265346765
6.1 26.7490917375
6.12 26.8723915242
6.14 26.9963421687
6.16 27.1208502736
6.18 27.2458210844
6.2 27.3711586667
6.22 27.4967660859
6.24 27.6225455885
6.26 27.7483987852
6.28 27.8742268344
6.3 27.999930625
6.32 28.1254109575
6.34 28.2505687242
6.36 28.3753050852
6.38 28.4995216414
6.4 28.6231206032
6.42 28.7460049536
6.44 28.8680786063
6.46 28.9892465564
6.48 29.1094150253
6.5 29.2284915976
6.52 29.34638535
6.54 29.4630069723
6.56 29.5782688799
6.58 29.6920853171
6.6 29.8043724515
6.62 29.9150484591
6.64 30.0240336006
6.66 30.1312502876
6.68 30.2366231403
6.7 30.3400790352
6.72 30.4415471442
6.74 30.5409589651
6.76 30.6382483424
6.78 30.7333514806
6.8 30.8262069491
6.82 30.9167556793
6.84 31.0049409544
6.86 31.0907083917
6.88 31.1740059195
6.9 31.2547837467
6.92 31.3329943271
6.94 31.4085923192
6.96 31.4815345403
6.98 31.5517799171
7.0 31.6192894322
7.02 31.6840260682
7.04 31.7459547481
7.06 31.8050422742
7.08 31.861257265
7.1 31.9145700914
7.12 31.9649528116
7.14 32.0123791061
7.16 32.0568242127
7.18 32.0982648624
7.2 32.1366792158
7.22 32.1720468021
7.24 32.2043484585
7.26 32.2335662725
7.28 32.2596835276
7.3 32.2826846498
7.32 32.3025551598
7.34 32.3192816262
7.36 32.3328516248
7.38 32.3432536999
7.4 32.3504773312
7.42 32.3545129042
7.44 32.355351686
7.46 32.352985805
7.48 32.3474082366
7.5 32.3386127923
7.52 32.326594116
7.54 32.3113476834
7.56 32.2928698082
7.58 32.2711576526
7.6 32.2462092438
7.62 32.2180234949
7.64 32.1866002317
7.66 32.1519402245
7.68 32.1140452246
7.7 32.0729180063
7.72 32.0285624129
7.74 31.9809834084
7.76 31.9301871326
7.78 31.8761809611
7.8 31.8189735688
7.82 31.7585749978
7.84 31.694996728
7.86 31.6282517513
7.88 31.5583546482
7.9 31.4853216669
7.92 31.4091708047
7.94 31.3299218907
7.96 31.2475966693
7.98 31.162218885
8.0 31.0738143667
8.02 30.9824111122
8.04 30.8880393711
8.06 30.790731727
8.08 30.690523177
8.1 30.5874512087
8.12 30.4815558745
8.14 30.3728798608
8.16 30.2614685541
8.18 30.1473701008
8.2 30.0306354625
8.22 29.9113184634
8.24 29.7894758321
8.26 29.6651672351
8.28 29.5384553025
8.3 29.4094056447
8.32 29.27808686
8.34 29.1445705327
8.36 29.0089312207
8.38 28.8712464326
8.4 28.7315965941
8.42 28.5900650029
8.44 28.4467377722
8.46 28.3017037621
8.48 28.1550545002
8.5 28.0068840893
8.52 27.8572891038
8.54 27.7063684744
8.56 27.5542233608
8.58 27.4009570138
8.6 27.2466746259
8.62 27.0914831719
8.64 26.9354912388
8.66 26.7788088472
8.68 26.621547263
8.7 26.463818802
8.72 26.3057366266
8.74 26.1474145363
8.76 25.988966753
8.78 25.8305077019
8.8 25.6721517885
8.82 25.5140131736
8.84 25.3562055468
8.86 25.1988419001
8.88 25.0420343022
8.9 24.8858936747
8.92 24.7305295713
8.94 24.5760499619
8.96 24.4225610211
8.98 24.2701669234
9.0 24.1189696453
9.02 23.9690687764
9.04 23.8205613379
9.06 23.6735416129
9.08 23.5281009854
9.1 23.3843277918
9.12 23.2423071833
9.14 23.1021210008
9.16 22.9638476628
9.18 22.8275620657
9.2 22.6933354972
9.22 22.5612355638
9.24 22.4313261308
9.26 22.3036672758
9.28 22.1783152563
9.3 22.0553224891
9.32 21.9347375433
9.34 21.8166051457
9.36 21.7009661986
9.38 21.5878578084
9.4 21.4773133268
9.42 21.3693624014
9.44 21.2640310377
9.46 21.1613416699
9.48 21.0613132409
9.5 20.963961291
9.52 20.8692980538
9.54 20.7773325598
9.56 20.6880707461
9.58 20.6015155719
9.6 20.5176671394
9.62 20.4365228192
9.64 20.3580773794
9.66 20.2823231181
9.68 20.2092499993
9.7 20.1388457898
9.72 20.071096199
9.74 20.0059850186
9.76 19.9434942642
9.78 19.8836043162
9.8 19.8262940611
9.82 19.771541031
9.84 19.7193215437
9.86 19.6696108405
9.88 19.6223832215
9.9 19.5776121808
9.92 19.5352705375
9.94 19.495330565
9.96 19.4577641179
9.98 19.4225427543
10.0 19.3896378567
10.02 19.3590207483
10.04 19.3306628057
10.06 19.3045355687
10.08 19.2806108451
10.1 19.2588608122
10.12 19.2392581142
10.14 19.2217759547
10.16 19.2063881859
10.18 19.1930693919
10.2 19.1817949695
10.22 19.1725412025
10.24 19.1652853327
10.26 19.1600056259
10.28 19.1566814324
10.3 19.1552932445
10.32 19.1558227472
10.34 19.1582528656
10.36 19.1625678065
10.38 19.168753096
10.4 19.1767956113
10.42 19.1866836079
10.44 19.1984067426
10.46 19.21195609
10.48 19.227324156
10.5 19.2445048844
10.52 19.2634936602
10.54 19.2842873067
10.56 19.3068840784
10.58 19.331283649
10.6 19.3574870936
10.62 19.3854968673
10.64 19.4153167775
10.66 19.4469519531
10.68 19.4804088068
10.7 19.5156949942
10.72 19.5528193677
10.74 19.5917919255
10.76 19.6326237559
10.78 19.6753269778
10.8 19.7199146751
10.82 19.7664008288
10.84 19.8148002426
10.86 19.865128466
10.88 19.9174017119
10.9 19.9716367708
10.92 20.0278509214
10.94 20.0860618363
10.96 20.1462874853
10.98 20.208546034
11.0 20.2728557401
11.02 20.339234846
11.04 20.4077014682
11.06 20.4782734849
11.08 20.5509684196
11.1 20.625803324
11.12 20.7027946579
11.14 20.7819581673
11.16 20.8633087619
11.18 20.9468603904
11.2 21.0326259158
11.22 21.12061699
11.24 21.2108439279
11.26 21.3033155829
11.28 21.3980392215
11.3 21.4950204009
11.32 21.5942628464
11.34 21.695768332
11.36 21.7995365635
11.38 21.9055650636
11.4 22.0138490614
11.42 22.1243813858
11.44 22.237152363
11.46 22.3521497192
11.48 22.4693584886
11.5 22.5887609282
11.52 22.7103364381
11.54 22.8340614892
11.56 22.959909559
11.58 23.0878510743
11.6 23.2178533635
11.62 23.3498806165
11.64 23.4838938549
11.66 23.6198509111
11.68 23.7577064179
11.7 23.8974118075
11.72 24.0389153218
11.74 24.1821620326
11.76 24.3270938728
11.78 24.4736496786
11.8 24.6217652423
11.82 24.771373376
11.84 24.9224039858
11.86 25.0747841566
11.88 25.2284382478
11.9 25.3832879979
11.92 25.5392526396
11.94 25.696249024
11.96 25.8541917533
11.98 26.0129933219
12.0 26.1725642654
12.02 26.3328133161
12.04 26.4936475653
12.06 26.6549726313
12.08 26.8166928316
12.1 26.97871136
12.12 27.1409304666
12.14 27.3032516402
12.16 27.4655757924
12.18 27.6278034423
12.2 27.7898349019
12.22 27.9515704591
12.24 28.1129105605
12.26 28.2737559907
12.28 28.4340080486
12.3 28.5935687195
12.32 28.7523408426
12.34 28.9102282728
12.36 29.0671360368
12.38 29.2229704818
12.4 29.3776394178
12.42 29.5310522518
12.44 29.683120114
12.46 29.8337559753
12.48 29.9828747566
12.5 30.1303934286
12.52 30.2762311027
12.54 30.4203091121
12.56 30.5625510843
12.58 30.7028830039
12.6 30.8412332653
12.62 30.9775327175
12.64 31.1117146988
12.66 31.2437150626
12.68 31.3734721951
12.7 31.5009270241
12.72 31.6260230198
12.74 31.7487061875
12.76 31.8689250536
12.78 31.9866306441
12.8 32.1017764561
12.82 32.214318424
12.84 32.3242148794
12.86 32.4314265057
12.88 32.5359162884
12.9 32.6376494603
12.92 32.7365934434
12.94 32.8327177877
12.96 32.9259941059
12.98 33.0163960074
13.0 33.1038990285
13.02 33.1884805628
13.04 33.2701197892
13.06 33.3487975999
13.08 33.4244965281
13.1 33.4972006758
13.12 33.5668956423
13.14 33.6335684532
13.16 33.6972074916
13.18 33.7578024297
13.2 33.8153441634
13.22 33.8698247485
13.24 33.9212373396
13.26 33.9695761318
13.28 34.0148363056
13.3 34.0570139742
13.32 34.0961061354
13.34 34.1321106261
13.36 34.1650260812
13.38 34.1948518961
13.4 34.2215881931
13.42 34.2452357926
13.44 34.2657961875
13.46 34.2832715225
13.48 34.297664578
13.5 34.3089787578
13.52 34.3172180813
13.54 34.3223871803
13.56 34.3244912998
13.58 34.3235363039
13.6 34.3195286847
13.62 34.3124755764
13.64 34.3023847735
13.66 34.2892647521
13.68 34.273124696
13.7 34.253974526
13.72 34.2318249331
13.74 34.2066874149
13.76 34.1785743149
13.78 34.1474988657
13.8 34.1134752337
13.82 34.0765185675
13.84 34.036645048
13.86 33.9938719403
13.88 33.9482176477
13.9 33.899701767
13.92 33.8483451446
13.94 33.794169934
13.96 33.7371996527
13.98 33.6774592402
14.0 33.6149751148
14.02 33.5497752304
14.04 33.4818891315
14.06 33.4113480075
14.08 33.3381847442
14.1 33.262433974
14.12 33.1841321226
14.14 33.103317453
14.16 33.0200301057
14.18 32.9343121355
14.2 32.8462075434
14.22 32.7557623042
14.24 32.6630243889
14.26 32.5680437817
14.28 32.4708724912
14.3 32.3715645561
14.32 32.270176043
14.34 32.1667650396
14.36 32.0613916395
14.38 31.9541179204
14.4 31.8450079151
14.42 31.7341275751
14.44 31.6215447264
14.46 31.507329018
14.48 31.3915518628
14.5 31.2742863704
14.52 31.1556072732
14.54 31.0355908445
14.56 30.9143148092
14.58 30.791858248
14.6 30.6683014946
14.62 30.5437260259
14.64 30.4182143467
14.66 30.2918498681
14.68 30.1647167809
14.7 30.0368999234
14.72 29.908484646
14.74 29.7795566705
14.76 29.650201947
14.78 29.5205065076
14.8 29.3905563184
14.82 29.2604371295
14.84 29.1302343242
14.86 29.0000327686
14.88 28.8699166606
14.9 28.739969381
14.92 28.6102733456
14.94 28.4809098603
14.96 28.3519589786
14.98 28.2234993632
15.0 28.0956081521
15.02 27.9683608282
15.04 27.8418310961
15.06 27.7160907629
15.08 27.5912096269
15.1 27.4672553717
15.12 27.3442934683
15.14 27.222387084
15.16 27.1015970001
15.18 26.9819815359
15.2 26.863596483
15.22 26.7464950459
15.24 26.6307277928
15.26 26.5163426139
15.28 26.4033846888
15.3 26.2918964624
15.32 26.181917629
15.34 26.0734851253
15.36 25.9666331314
15.38 25.8613930799
15.4 25.7577936735
15.42 25.655860909
15.44 25.5556181102
15.46 25.4570859673
15.48 25.3602825827
15.5 25.2652235244
15.52 25.1719218844
15.54 25.0803883443
15.56 24.9906312448
15.58 24.9026566618
15.6 24.8164684863
15.62 24.732068509
15.64 24.649456509
15.66 24.5686303458
15.68 24.4895860548
15.7 24.4123179455
15.72 24.3368187021
15.74 24.263079487
15.76 24.1910900445
15.78 24.1208388079
15.8 24.0523130058
15.82 23.9854987707
15.84 23.9203812472
15.86 23.8569447006
15.88 23.7951726252
15.9 23.7350478526
15.92 23.6765526588
15.94 23.6196688707
15.96 23.5643779711
15.98 23.5106612026
16.0 23.4584996698
16.02 23.4078744388
16.04 23.3587666362
16.06 23.3111575442
16.08 23.2650286942
16.1 23.2203619577
16.12 23.1771396334
16.14 23.1353445329
16.16 23.0949600622
16.18 23.0559702998
16.2 23.0183600723
16.22 22.9821150257
16.24 22.9472216933
16.26 22.9136675601
16.28 22.8814411228
16.3 22.8505319463
16.32 22.8209307161
16.34 22.7926292865
16.36 22.7656207245
16.38 22.7398993499
16.4 22.7154607704
16.42 22.6923019129
16.44 22.6704210502
16.46 22.6498178235
16.48 22.6304932595
16.5 22.6124497846
16.52 22.5956912327
16.54 22.5802228502
16.56 22.5660512952
16.58 22.5531846328
16.6 22.5416323255
16.62 22.5314052193
16.64 22.5225155256
16.66 22.5149767971
16.68 22.5088039018
16.7 22.5040129896
16.72 22.5006214569
16.74 22.4986479058
16.76 22.4981120983
16.78 22.4990349078
16.8 22.5014382651
16.82 22.5053451007
16.84 22.5107792828
16.86 22.517765552
16.88 22.5263294506
16.9 22.5364972494
16.92 22.5482958703
16.94 22.5617528046
16.96 22.5768960285
16.98 22.5937539148
17.0 22.6123551411
17.02 22.6327285947
17.04 22.654903275
17.06 22.678908192
17.08 22.7047722623
17.1 22.732524203
17.12 22.7621924224
17.14 22.7938049083
17.16 22.8273891149
17.18 22.8629718471
17.2 22.9005791436
17.22 22.940236158
17.24 22.9819670395
17.26 23.0257948119
17.28 23.0717412523
17.3 23.1198267697
17.32 23.1700702834
17.34 23.2224891015
17.36 23.2770988008
17.38 23.3339131067
17.4 23.3929437761
17.42 23.4542004806
17.44 23.517690693
17.46 23.5834195765
17.48 23.6513898767
17.5 23.7216018174
17.52 23.7940530011
17.54 23.8687383128
17.56 23.9456498308
17.58 24.0247767413
17.6 24.1061052602
17.62 24.1896185607
17.64 24.2752967088
17.66 24.3631166057
17.68 24.4530519375
17.7 24.5450731351
17.72 24.6391473409
17.74 24.7352383854
17.76 24.8333067737
17.78 24.9333096811
17.8 25.0352009587
17.82 25.1389311496
17.84 25.2444475156
17.86 25.3516940736
17.88 25.4606116434
17.9 25.5711379059
17.92 25.6832074713
17.94 25.7967519585
17.96 25.911700084
17.98 26.0279777615
18.0 26.1455082102
18.02 26.2642120737
18.04 26.3840075466
18.06 26.5048105103
18.08 26.6265346765
18.1 26.7490917376
18.12 26.8723915242
18.14 26.9963421687
18.16 27.1208502736
18.18 27.2458210844
18.2 27.3711586667
18.22 27.4967660859
18.24 27.6225455885
18.26 27.7483987852
18.28 27.8742268344
18.3 27.999930625
18.32 28.1254109576
18.34 28.2505687242
18.36 28.3753050852
18.38 28.4995216414
18.4 28.6231206032
18.42 28.7460049536
18.44 28.8680786063
18.46 28.9892465564
18.48 29.1094150253
18.5 29.2284915976
18.52 29.3463853499
18.54 29.4630069723
18.56 29.5782688799
18.58 29.6920853171
18.6 29.8043724515
18.62 29.9150484591
18.64 30.0240336006
18.66 30.1312502876
18.68 30.2366231403
18.7 30.3400790351
18.72 30.4415471442
18.74 30.5409589651
18.76 30.6382483424
18.78 30.7333514806
18.8 30.8262069491
18.82 30.9167556793
18.84 31.0049409543
18.86 31.0907083917
18.88 31.1740059195
18.9 31.2547837467
18.92 31.3329943271
18.94 31.4085923192
18.96 31.4815345403
18.98 31.5517799171
19.0 31.6192894322
19.02 31.6840260682
19.04 31.7459547481
19.06 31.8050422742
19.08 31.861257265
19.1 31.9145700914
19.12 31.9649528116
19.14 32.0123791061
19.16 32.0568242127
19.18 32.0982648624
19.2 32.1366792158
19.22 32.1720468021
19.24 32.2043484585
19.26 32.2335662725
19.28 32.2596835276
19.3 32.2826846498
19.32 32.3025551598
19.34 32.3192816262
19.36 32.3328516248
19.38 32.3432536999
19.4 32.3504773312
19.42 32.3545129042
19.44 32.355351686
19.46 32.352985805
19.48 32.3474082366
19.5 32.3386127923
19.52 32.326594116
19.54 32.3113476834
19.56 32.2928698082
19.58 32.2711576526
19.6 32.2462092438
19.62 32.2180234949
19.64 32.1866002317
19.66 32.1519402245
19.68 32.1140452246
19.7 32.0729180063
19.72 32.0285624129
19.74 31.9809834084
19.76 31.9301871326
19.78 31.8761809611
19.8 31.8189735688
19.82 31.7585749978
19.84 31.694996728
19.86 31.6282517513
19.88 31.5583546482
19.9 31.4853216669
19.92 31.4091708047
19.94 31.3299218907
19.96 31.2475966693
19.98 31.162218885
20.0 31.0738143667
20.02 30.9824111122
20.04 30.8880393711
20.06 30.790731727
20.08 30.690523177
20.1 30.5874512087
20.12 30.4815558745
20.14 30.3728798608
20.16 30.2614685541
20.18 30.1473701008
20.2 30.0306354625
20.22 29.9113184634
20.24 29.7894758321
20.26 29.6651672351
20.28 29.5384553025
20.3 29.4094056447
20.32 29.27808686
20.34 29.1445705327
20.36 29.0089312207
20.38 28.8712464326
20.4 28.7315965941
20.42 28.5900650029
20.44 28.4467377722
20.46 28.301703762
20.48 28.1550545002
20.5 28.0068840893
20.52 27.8572891038
20.54 27.7063684744
20.56 27.5542233608
20.58 27.4009570138
20.6 27.2466746259
20.62 27.0914831719
20.64 26.9354912388
20.66 26.7788088472
20.68 26.621547263
20.7 26.463818802
20.72 26.3057366266
20.74 26.1474145363
20.76 25.988966753
20.78 25.8305077019
20.8 25.6721517885
20.82 25.5140131736
20.84 25.3562055468
20.86 25.1988419001
20.88 25.0420343022
20.9 24.8858936747
20.92 24.7305295713
20.94 24.5760499619
20.96 24.4225610211
20.98 24.2701669234
21.0 24.1189696454
21.02 23.9690687764
21.04 23.8205613379
21.06 23.6735416129
21.08 23.5281009855
21.1 23.3843277918
21.12 23.2423071833
21.14 23.1021210008
21.16 22.9638476628
21.18 22.8275620657
21.2 22.6933354972
21.22 22.5612355638
21.24 22.4313261308
21.26 22.3036672758
21.28 22.1783152563
21.3 22.0553224891
21.32 21.9347375433
21.34 21.8166051457
21.36 21.7009661986
21.38 21.5878578084
21.4 21.4773133268
21.42 21.3693624014
21.44 21.2640310377
21.46 21.1613416699
21.48 21.0613132409
21.5 20.963961291
21.52 20.8692980538
21.54 20.7773325598
21.56 20.6880707461
21.58 20.6015155719
21.6 20.5176671394
21.62 20.4365228192
21.64 20.3580773794
21.66 20.2823231181
21.68 20.2092499993
21.7 20.1388457898
21.72 20.071096199
21.74 20.0059850186
21.76 19.9434942642
21.78 19.8836043162
21.8 19.8262940611
21.82 19.771541031
21.84 19.7193215437
21.86 19.6696108405
21.88 19.6223832215
21.9 19.5776121808
21.92 19.5352705375
21.94 19.495330565
21.96 19.4577641179
21.98 19.4225427543
22.0 19.3896378567
22.02 19.3590207483
22.04 19.3306628057
22.06 19.3045355687
22.08 19.2806108451
22.1 19.2588608122
22.12 19.2392581142
22.14 19.2217759547
22.16 19.2063881859
22.18 19.1930693919
22.2 19.1817949695
22.22 19.1725412025
22.24 19.1652853327
22.26 19.1600056259
22.28 19.1566814325
22.3 19.1552932445
22.32 19.1558227472
22.34 19.1582528656
22.36 19.1625678065
22.38 19.1687530961
22.4 19.1767956113
22.42 19.1866836079
22.44 19.1984067426
22.46 19.21195609
22.48 19.227324156
22.5 19.2445048844
22.52 19.2634936602
22.54 19.2842873067
22.56 19.3068840784
22.58 19.331283649
22.6 19.3574870936
22.62 19.3854968673
22.64 19.4153167775
22.66 19.4469519531
22.68 19.4804088068
22.7 19.5156949942
22.72 19.5528193677
22.74 19.5917919255
22.76 19.6326237559
22.78 19.6753269778
22.8 19.7199146751
22.82 19.7664008288
22.84 19.8148002426
22.86 19.865128466
22.88 19.9174017119
22.9 19.9716367708
22.92 20.0278509214
22.94 20.0860618364
22.96 20.1462874852
22.98 20.208546034
23.0 20.2728557401
23.02 20.339234846
23.04 20.4077014682
23.06 20.4782734849
23.08 20.5509684196
23.1 20.625803324
23.12 20.7027946579
23.14 20.7819581673
23.16 20.8633087619
23.18 20.9468603904
23.2 21.0326259158
23.22 21.12061699
23.24 21.2108439279
23.26 21.3033155829
23.28 21.3980392215
23.3 21.4950204009
23.32 21.5942628463
23.34 21.695768332
23.36 21.7995365635
23.38 21.9055650636
23.4 22.0138490614
23.42 22.1243813858
23.44 22.237152363
23.46 22.3521497192
23.48 22.4693584886
23.5 22.5887609282
23.52 22.7103364381
23.54 22.8340614892
23.56 22.959909559
23.58 23.0878510744
23.6 23.2178533635
23.62 23.3498806165
23.64 23.4838938549
23.66 23.6198509111
23.68 23.7577064179
23.7 23.8974118075
23.72 24.0389153218
23.74 24.1821620326
23.76 24.3270938728
23.78 24.4736496786
23.8 24.6217652424
23.82 24.771373376
23.84 24.9224039858
23.86 25.0747841566
23.88 25.2284382478
23.9 25.3832879979
23.92 25.5392526396
23.94 25.696249024
23.96 25.8541917533
23.98 26.0129933219
24.0 26.1725642654
24.02 26.3328133161
24.04 26.4936475653
24.06 26.6549726313
24.08 26.8166928316
24.1 26.97871136
24.12 27.1409304666
24.14 27.3032516402
24.16 27.4655757924
24.18 27.6278034424
24.2 27.7898349019
24.22 27.9515704591
24.24 28.1129105605
24.26 28.2737559907
24.28 28.4340080486
24.3 28.5935687195
24.32 28.7523408426
24.34 28.9102282728
24.36 29.0671360368
24.38 29.2229704818
24.4 29.3776394178
24.42 29.5310522518
24.44 29.683120114
24.46 29.8337559753
24.48 29.9828747566
24.5 30.1303934286
24.52 30.2762311027
24.54 30.4203091121
24.56 30.5625510843
24.58 30.7028830039
24.6 30.8412332653
24.62 30.9775327175
24.64 31.1117146988
24.66 31.2437150626
24.68 31.3734721951
24.7 31.5009270241
24.72 31.6260230198
24.74 31.7487061875
24.76 31.8689250536
24.78 31.9866306441
24.8 32.101776456
24.82 32.214318424
24.84 32.3242148794
24.86 32.4314265057
24.88 32.5359162884
24.9 32.6376494603
24.92 32.7365934434
24.94 32.8327177877
24.96 32.9259941059
24.98 33.0163960074
25.0 33.1038990285
25.02 33.1884805628
25.04 33.2701197892
25.06 33.3487975999
25.08 33.4244965281
25.1 33.4972006758
25.12 33.5668956423
25.14 33.6335684532
25.16 33.6972074916
25.18 33.7578024297
25.2 33.8153441634
25.22 33.8698247485
25.24 33.9212373396
25.26 33.9695761318
25.28 34.0148363056
25.3 34.0570139742
25.32 34.0961061354
25.34 34.1321106261
25.36 34.1650260812
25.38 34.1948518961
25.4 34.2215881931
25.42 34.2452357926
25.44 34.2657961875
25.46 34.2832715225
25.48 34.297664578
25.5 34.3089787578
25.52 34.3172180813
25.54 34.3223871803
25.56 34.3244912998
25.58 34.3235363039
25.6 34.3195286847
25.62 34.3124755764
25.64 34.3023847735
25.66 34.2892647521
25.68 34.273124696
25.7 34.253974526
25.72 34.2318249331
25.74 34.2066874149
25.76 34.1785743149
25.78 34.1474988657
25.8 34.1134752336
25.82 34.0765185675
25.84 34.036645048
25.86 33.9938719403
25.88 33.9482176477
25.9 33.899701767
25.92 33.8483451446
25.94 33.794169934
25.96 33.7371996527
25.98 33.6774592402
26.0 33.6149751148
26.02 33.5497752304
26.04 33.4818891315
26.06 33.4113480075
26.08 33.3381847442
26.1 33.262433974
26.12 33.1841321226
26.14 33.103317453
26.16 33.0200301057
26.18 32.9343121355
26.2 32.8462075434
26.22 32.7557623042
26.24 32.6630243889
26.26 32.5680437816
26.28 32.4708724913
26.3 32.3715645561
26.32 32.270176043
26.34 32.1667650396
26.36 32.0613916395
26.38 31.9541179204
26.4 31.8450079151
26.42 31.7341275751
26.44 31.6215447264
26.46 31.507329018
26.48 31.3915518628
26.5 31.2742863704
26.52 31.1556072732
26.54 31.0355908445
26.56 30.9143148092
26.58 30.791858248
26.6 30.6683014946
26.62 30.5437260259
26.64 30.4182143467
26.66 30.2918498682
26.68 30.1647167809
26.7 30.0368999234
26.72 29.908484646
26.74 29.7795566705
26.76 29.650201947
26.78 29.5205065076
26.8 29.3905563184
26.82 29.2604371295
26.84 29.1302343242
26.86 29.0000327686
26.88 28.8699166606
26.9 28.739969381
26.92 28.6102733456
26.94 28.4809098603
26.96 28.3519589785
26.98 28.2234993632
27.0 28.0956081521
27.02 27.9683608282
27.04 27.8418310961
27.06 27.7160907629
27.08 27.5912096269
27.1 27.4672553717
27.12 27.3442934682
27.14 27.222387084
27.16 27.1015970001
27.18 26.9819815359
27.2 26.863596483
27.22 26.7464950459
27.24 26.6307277928
27.26 26.5163426139
27.28 26.4033846888
27.3 26.2918964624
27.32 26.181917629
27.34 26.0734851253
27.36 25.9666331314
27.38 25.86139308
27.4 25.7577936735
27.42 25.6558609089
27.44 25.5556181102
27.46 25.4570859673
27.48 25.3602825827
27.5 25.2652235244
27.52 25.1719218844
27.54 25.0803883443
27.56 24.9906312448
27.58 24.9026566618
27.6 24.8164684863
27.62 24.732068509
27.64 24.649456509
27.66 24.5686303458
27.68 24.4895860548
27.7 24.4123179455
27.72 24.3368187021
27.74 24.263079487
27.76 24.1910900445
27.78 24.1208388079
27.8 24.0523130058
27.82 23.9854987707
27.84 23.9203812472
27.86 23.8569447006
27.88 23.7951726252
27.9 23.7350478526
27.92 23.6765526588
27.94 23.6196688707
27.96 23.5643779711
27.98 23.5106612027
28.0 23.4584996697
28.02 23.4078744388
28.04 23.3587666362
28.06 23.3111575442
28.08 23.2650286942
28.1 23.2203619577
28.12 23.1771396334
28.14 23.1353445329
28.16 23.0949600622
28.18 23.0559702998
28.2 23.0183600723
28.22 22.9821150257
28.24 22.9472216933
28.26 22.9136675601
28.28 22.8814411228
28.3 22.8505319463
28.32 22.8209307161
28.34 22.7926292865
28.36 22.7656207245
28.38 22.7398993499
28.4 22.7154607703
28.42 22.6923019129
28.44 22.6704210502
28.46 22.6498178235
28.48 22.6304932595
28.5 22.6124497846
28.52 22.5956912327
28.54 22.5802228502
28.56 22.5660512952
28.58 22.5531846328
28.6 22.5416323255
28.62 22.5314052193
28.64 22.5225155256
28.66 22.5149767971
28.68 22.5088039018
28.7 22.5040129896
28.72 22.5006214569
28.74 22.4986479058
28.76 22.4981120983
28.78 22.4990349078
28.8 22.5014382651
28.82 22.5053451006
28.84 22.5107792829
28.86 22.517765552
28.88 22.5263294506
28.9 22.5364972494
28.92 22.5482958703
28.94 22.5617528046
28.96 22.5768960285
28.98 22.5937539148
29.0 22.6123551411
29.02 22.6327285947
29.04 22.654903275
29.06 22.678908192
29.08 22.7047722623
29.1 22.732524203
29.12 22.7621924224
29.14 22.7938049083
29.16 22.8273891149
29.18 22.8629718471
29.2 22.9005791436
29.22 22.940236158
29.24 22.9819670395
29.26 23.0257948119
29.28 23.0717412523
29.3 23.1198267697
29.32 23.1700702834
29.34 23.2224891015
29.36 23.2770988008
29.38 23.3339131067
29.4 23.3929437761
29.42 23.4542004806
29.44 23.517690693
29.46 23.5834195765
29.48 23.6513898767
29.5 23.7216018174
29.52 23.794053001
29.54 23.8687383128
29.56 23.9456498308
29.58 24.0247767413
29.6 24.1061052601
29.62 24.1896185607
29.64 24.2752967088
29.66 24.3631166056
29.68 24.4530519375
29.7 24.5450731351
29.72 24.6391473409
29.74 24.7352383854
29.76 24.8333067737
29.78 24.9333096811
29.8 25.0352009586
29.82 25.1389311496
29.84 25.2444475156
29.86 25.3516940736
29.88 25.4606116434
29.9 25.5711379059
29.92 25.6832074713
29.94 25.7967519585
29.96 25.911700084
29.98 26.0279777615
30.0 26.1455082102
30.02 26.2642120737
30.04 26.3840075466
30.06 26.5048105103
30.08 26.6265346765
30.1 26.7490917375
30.12 26.8723915242
30.14 26.9963421687
30.16 27.1208502736
30.18 27.2458210843
30.2 27.3711586667
30.22 27.4967660859
30.24 27.6225455885
30.26 27.7483987852
30.28 27.8742268345
30.3 27.999930625
30.32 28.1254109575
30.34 28.2505687242
30.36 28.3753050852
30.38 28.4995216414
30.4 28.6231206032
30.42 28.7460049536
30.44 28.8680786063
30.46 28.9892465564
30.48 29.1094150253
30.5 29.2284915976
30.52 29.3463853499
30.54 29.4630069723
30.56 29.57826888
30.58 29.6920853171
30.6 29.8043724515
30.62 29.9150484591
30.64 30.0240336006
30.66 30.1312502876
30.68 30.2366231403
30.7 30.3400790351
30.72 30.4415471442
30.74 30.5409589651
30.76 30.6382483424
30.78 30.7333514806
30.8 30.8262069491
30.82 30.9167556793
30.84 31.0049409543
30.86 31.0907083917
30.88 31.1740059195
30.9 31.2547837466
30.92 31.3329943271
30.94 31.4085923192
30.96 31.4815345403
30.98 31.5517799171
31.0 31.6192894322
31.02 31.6840260682
31.04 31.7459547481
31.06 31.8050422742
31.08 31.861257265
31.1 31.9145700914
31.12 31.9649528116
31.14 32.0123791061
31.16 32.0568242127
31.18 32.0982648624
31.2 32.1366792158
31.22 32.1720468021
31.24 32.2043484584
31.26 32.2335662725
31.28 32.2596835276
31.3 32.2826846498
31.32 32.3025551598
31.34 32.3192816262
31.36 32.3328516248
31.38 32.3432536999
31.4 32.3504773312
31.42 32.3545129042
31.44 32.355351686
31.46 32.352985805
31.48 32.3474082366
31.5 32.3386127923
31.52 32.326594116
31.54 32.3113476834
31.56 32.2928698082
31.58 32.2711576526
31.6 32.2462092438
31.62 32.2180234949
31.64 32.1866002317
31.66 32.1519402245
31.68 32.1140452246
31.7 32.0729180063
31.72 32.0285624129
31.74 31.9809834084
31.76 31.9301871326
31.78 31.8761809611
31.8 31.8189735688
31.82 31.7585749978
31.84 31.694996728
31.86 31.6282517514
31.88 31.5583546482
31.9 31.4853216669
31.92 31.4091708047
31.94 31.3299218907
31.96 31.2475966693
31.98 31.162218885
32.0 31.0738143667
32.02 30.9824111122
32.04 30.8880393711
32.06 30.790731727
32.08 30.690523177
32.1 30.5874512087
32.12 30.4815558745
32.14 30.3728798608
32.16 30.2614685541
32.18 30.1473701008
32.2 30.0306354625
32.22 29.9113184634
32.24 29.7894758321
32.26 29.6651672351
32.28 29.5384553025
32.3 29.4094056447
32.32 29.27808686
32.34 29.1445705327
32.36 29.0089312207
32.38 28.8712464326
32.4 28.7315965941
32.42 28.590065003
32.44 28.4467377722
32.46 28.301703762
32.48 28.1550545002
32.5 28.0068840893
32.52 27.8572891039
32.54 27.7063684744
32.56 27.5542233608
32.58 27.4009570138
32.6 27.246674626
32.62 27.0914831719
32.64 26.9354912388
32.66 26.7788088472
32.68 26.621547263
32.7 26.463818802
32.72 26.3057366266
32.74 26.1474145363
32.76 25.988966753
32.78 25.8305077019
32.8 25.6721517885
32.82 25.5140131736
32.84 25.3562055468
32.86 25.1988419001
32.88 25.0420343022
32.9 24.8858936747
32.92 24.7305295713
32.94 24.5760499619
32.96 24.4225610211
32.98 24.2701669234
33.0 24.1189696454
33.02 23.9690687764
33.04 23.8205613379
33.06 23.6735416129
33.08 23.5281009854
33.1 23.3843277918
33.12 23.2423071833
33.14 23.1021210008
33.16 22.9638476628
33.18 22.8275620657
33.2 22.6933354972
33.22 22.5612355638
33.24 22.4313261307
33.26 22.3036672758
33.28 22.1783152563
33.3 22.0553224891
33.32 21.9347375433
33.34 21.8166051457
33.36 21.7009661986
33.38 21.5878578084
33.4 21.4773133267
33.42 21.3693624013
33.44 21.2640310377
33.46 21.1613416699
33.48 21.0613132409
33.5 20.963961291
33.52 20.8692980538
33.54 20.7773325598
33.56 20.6880707461
33.58 20.6015155719
33.6 20.5176671394
33.62 20.4365228192
33.64 20.3580773794
33.66 20.2823231181
33.68 20.2092499993
33.7 20.1388457898
33.72 20.071096199
33.74 20.0059850185
33.76 19.9434942642
33.78 19.8836043162
33.8 19.8262940611
33.82 19.771541031
33.84 19.7193215437
33.86 19.6696108404
33.88 19.6223832215
33.9 19.5776121808
33.92 19.5352705375
33.94 19.495330565
33.96 19.4577641179
33.98 19.4225427543
34.0 19.3896378567
34.02 19.3590207483
34.04 19.3306628057
34.06 19.3045355687
34.08 19.2806108451
34.1 19.2588608122
34.12 19.2392581142
34.14 19.2217759547
34.16 19.2063881859
34.18 19.1930693919
34.2 19.1817949695
34.22 19.1725412025
34.24 19.1652853327
34.26 19.1600056259
34.28 19.1566814324
34.3 19.1552932445
34.32 19.1558227472
34.34 19.1582528656
34.36 19.1625678065
34.38 19.168753096
34.4 19.1767956113
34.42 19.186683608
34.44 19.1984067426
34.46 19.21195609
34.48 19.227324156
34.5 19.2445048844
34.52 19.2634936602
34.54 19.2842873067
34.56 19.3068840784
34.58 19.331283649
34.6 19.3574870936
34.62 19.3854968673
34.64 19.4153167775
34.66 19.4469519531
34.68 19.4804088068
34.7 19.5156949942
34.72 19.5528193677
34.74 19.5917919255
34.76 19.6326237559
34.78 19.6753269777
34.8 19.7199146751
34.82 19.7664008288
34.84 19.8148002426
34.86 19.865128466
34.88 19.9174017119
34.9 19.9716367708
34.92 20.0278509214
34.94 20.0860618363
34.96 20.1462874853
34.98 20.208546034
35.0 20.2728557401
35.02 20.339234846
35.04 20.4077014682
35.06 20.4782734849
35.08 20.5509684196
35.1 20.625803324
35.12 20.7027946579
35.14 20.7819581673
35.16 20.8633087619
35.18 20.9468603904
35.2 21.0326259158
35.22 21.12061699
35.24 21.2108439279
35.26 21.3033155829
35.28 21.3980392215
35.3 21.4950204009
35.32 21.5942628464
35.34 21.695768332
35.36 21.7995365635
35.38 21.9055650636
35.4 22.0138490614
35.42 22.1243813858
35.44 22.237152363
35.46 22.3521497192
35.48 22.4693584886
35.5 22.5887609282
35.52 22.7103364381
35.54 22.8340614892
35.56 22.959909559
35.58 23.0878510744
35.6 23.2178533635
35.62 23.3498806165
35.64 23.4838938549
35.66 23.6198509111
35.68 23.7577064179
35.7 23.8974118075
35.72 24.0389153218
35.74 24.1821620326
35.76 24.3270938728
35.78 24.4736496786
35.8 24.6217652423
35.82 24.771373376
35.84 24.9224039858
35.86 25.0747841566
35.88 25.2284382478
35.9 25.3832879978
35.92 25.5392526396
35.94 25.696249024
35.96 25.8541917533
35.98 26.0129933219
36.0 26.1725642654
36.02 26.3328133161
36.04 26.4936475653
36.06 26.6549726313
36.08 26.8166928316
36.1 26.97871136
36.12 27.1409304667
36.14 27.3032516402
36.16 27.4655757924
36.18 27.6278034423
36.2 27.7898349019
36.22 27.9515704591
36.24 28.1129105605
36.26 28.2737559907
36.28 28.4340080486
36.3 28.5935687195
36.32 28.7523408426
36.34 28.9102282728
36.36 29.0671360368
36.38 29.2229704818
36.4 29.3776394178
36.42 29.5310522518
36.44 29.683120114
36.46 29.8337559753
36.48 29.9828747566
36.5 30.1303934287
36.52 30.2762311027
36.54 30.4203091121
36.56 30.5625510843
36.58 30.7028830039
36.6 30.8412332653
36.62 30.9775327175
36.64 31.1117146988
36.66 31.2437150626
36.68 31.3734721951
36.7 31.5009270241
36.72 31.6260230198
36.74 31.7487061875
36.76 31.8689250536
36.78 31.9866306441
36.8 32.101776456
36.82 32.214318424
36.84 32.3242148794
36.86 32.4314265057
36.88 32.5359162884
36.9 32.6376494603
36.92 32.7365934434
36.94 32.8327177877
36.96 32.9259941059
36.98 33.0163960073
37.0 33.1038990285
37.02 33.1884805628
37.04 33.2701197892
37.06 33.3487975999
37.08 33.4244965281
37.1 33.4972006758
37.12 33.5668956422
37.14 33.6335684532
37.16 33.6972074916
37.18 33.7578024297
37.2 33.8153441634
37.22 33.8698247485
37.24 33.9212373396
37.26 33.9695761318
37.28 34.0148363056
37.3 34.0570139742
37.32 34.0961061354
37.34 34.1321106261
37.36 34.1650260812
37.38 34.1948518961
37.4 34.2215881931
37.42 34.2452357926
37.44 34.2657961875
37.46 34.2832715225
37.48 34.297664578
37.5 34.3089787578
37.52 34.3172180813
37.54 34.3223871803
37.56 34.3244912998
37.58 34.3235363039
37.6 34.3195286847
37.62 34.3124755764
37.64 34.3023847735
37.66 34.2892647521
37.68 34.273124696
37.7 34.253974526
37.72 34.2318249331
37.74 34.2066874149
37.76 34.1785743149
37.78 34.1474988657
37.8 34.1134752337
37.82 34.0765185675
37.84 34.036645048
37.86 33.9938719403
37.88 33.9482176477
37.9 33.899701767
37.92 33.8483451446
37.94 33.794169934
37.96 33.7371996527
37.98 33.6774592402
38.0 33.6149751148
38.02 33.5497752304
38.04 33.4818891315
38.06 33.4113480075
38.08 33.3381847442
38.1 33.262433974
38.12 33.1841321226
38.14 33.103317453
38.16 33.0200301057
38.18 32.9343121355
38.2 32.8462075434
38.22 32.7557623042
38.24 32.6630243889
38.26 32.5680437816
38.28 32.4708724913
38.3 32.3715645561
38.32 32.270176043
38.34 32.1667650397
38.36 32.0613916395
38.38 31.9541179204
38.4 31.8450079151
38.42 31.7341275751
38.44 31.6215447264
38.46 31.507329018
38.48 31.3915518628
38.5 31.2742863704
38.52 31.1556072733
38.54 31.0355908445
38.56 30.9143148092
38.58 30.791858248
38.6 30.6683014946
38.62 30.5437260259
38.64 30.4182143467
38.66 30.2918498682
38.68 30.1647167809
38.7 30.0368999234
38.72 29.908484646
38.74 29.7795566705
38.76 29.650201947
38.78 29.5205065076
38.8 29.3905563184
38.82 29.2604371295
38.84 29.1302343243
38.86 29.0000327686
38.88 28.8699166607
38.9 28.739969381
38.92 28.6102733456
38.94 28.4809098603
38.96 28.3519589785
38.98 28.2234993632
39.0 28.0956081521
39.02 27.9683608282
39.04 27.8418310961
39.06 27.7160907629
39.08 27.5912096269
39.1 27.4672553717
39.12 27.3442934682
39.14 27.222387084
39.16 27.1015970001
39.18 26.9819815359
39.2 26.863596483
39.22 26.7464950459
39.24 26.6307277928
39.26 26.5163426139
39.28 26.4033846888
39.3 26.2918964624
39.32 26.181917629
39.34 26.0734851253
39.36 25.9666331314
39.38 25.86139308
39.4 25.7577936735
39.42 25.655860909
39.44 25.5556181102
39.46 25.4570859673
39.48 25.3602825827
39.5 25.2652235244
39.52 25.1719218845
39.54 25.0803883443
39.56 24.9906312448
39.58 24.9026566618
39.6 24.8164684863
39.62 24.732068509
39.64 24.649456509
39.66 24.5686303458
39.68 24.4895860548
39.7 24.4123179454
39.72 24.3368187022
39.74 24.263079487
39.76 24.1910900445
39.78 24.1208388079
39.8 24.0523130058
39.82 23.9854987707
39.84 23.9203812472
39.86 23.8569447006
39.88 23.7951726252
39.9 23.7350478526
39.92 23.6765526588
39.94 23.6196688706
39.96 23.5643779711
39.98 23.5106612026
