0.0 -0.0742811360241
0.02 -0.0617046828677
0.04 -0.0489926946356
0.06 -0.0361572736988
0.08 -0.0232107739435
0.1 -0.0101657635882
0.12 0.00296501292516
0.14 0.0161686728682
0.16 0.0294322332509
0.18 0.0427426487285
0.2 0.0560868488334
0.22 0.0694517746211
0.24 0.0828244144583
0.26 0.0961918385608
0.28 0.109541232462
0.3 0.122859928907
0.32 0.136135438101
0.34 0.149355476383
0.36 0.162507992907
0.38 0.17558119442
0.4 0.188563567924
0.42 0.201443901377
0.44 0.214211302044
0.46 0.22685521281
0.48 0.239365426203
0.5 0.251732096278
0.52 0.263945748305
0.54 0.275997286283
0.56 0.28787799849
0.58 0.299579560868
0.6 0.311094038577
0.62 0.322413885682
0.64 0.333531943039
0.66 0.344441434601
0.68 0.355135962171
0.7 0.365609498696
0.72 0.375856380393
0.74 0.38587129754
0.76 0.395649284411
0.78 0.405185708172
0.8 0.414476257024
0.82 0.423516927746
0.84 0.432304012632
0.86 0.440834086
0.88 0.449103990512
0.9 0.457110823116
0.92 0.464851921073
0.94 0.472324847849
0.96 0.479527379171
0.98 0.486457489283
1.0 0.49311333734
1.02 0.499493254274
1.04 0.505595729912
1.06 0.511419400684
1.08 0.51696303762
1.1 0.522225535098
1.12 0.527205900008
1.14 0.531903241614
1.16 0.536316761929
1.18 0.54044574689
1.2 0.544289558045
1.22 0.547847625005
1.24 0.551119438515
1.26 0.554104544264
1.28 0.556802537281
1.3 0.559213057106
1.32 0.561335783536
1.34 0.563170433119
1.36 0.564716756195
1.38 0.565974534651
1.4 0.566943580317
1.42 0.56762373386
1.44 0.56801486442
1.46 0.568116869761
1.48 0.567929676971
1.5 0.567453243805
1.52 0.566687560523
1.54 0.565632652276
1.56 0.564288582025
1.58 0.562655454033
1.6 0.560733417728
1.62 0.558522672247
1.64 0.556023471334
1.66 0.553236128789
1.68 0.550161024344
1.7 0.546798610066
1.72 0.543149417164
1.74 0.539214063254
1.76 0.534993260042
1.78 0.530487821464
1.8 0.525698672194
1.82 0.520626856527
1.84 0.515273547667
1.86 0.509640057308
1.88 0.503727845577
1.9 0.497538531214
1.92 0.491073902019
1.94 0.484335925567
1.96 0.477326759955
1.98 0.470048764847
2.0 0.462504512452
2.02 0.454696798589
2.04 0.446628653687
2.06 0.438303353708
2.08 0.429724430805
2.1 0.420895683889
2.12 0.41182118867
2.14 0.402505307453
2.16 0.392952698374
2.18 0.383168324031
2.2 0.373157459522
2.22 0.362925699602
2.24 0.352478965145
2.26 0.341823508537
2.28 0.330965918066
2.3 0.319913121231
2.32 0.308672386769
2.34 0.297251325496
2.36 0.285657889609
2.38 0.273900370737
2.4 0.26198739632
2.42 0.24992792453
2.44 0.237731237441
2.46 0.225406932746
2.48 0.212964913481
2.5 0.200415376355
2.52 0.187768798093
2.54 0.17503592023
2.56 0.162227732098
2.58 0.149355452218
2.6 0.136430507967
2.62 0.123464513786
2.64 0.1104692478
2.66 0.0974566270095
2.68 0.0844386812282
2.7 0.071427525778
2.72 0.0584353329842
2.74 0.0454743029432
2.76 0.0325566331184
2.78 0.019694487733
2.8 0.00689996605241
2.82 -0.00581492904574
2.84 -0.0184383232504
2.86 -0.0309585025743
2.88 -0.0433639452563
2.9 -0.0556433531256
2.92 -0.0677856825443
2.94 -0.0797801746778
2.96 -0.0916163848292
2.98 -0.103284210895
3.0 -0.114773920515
3.02 -0.126076177069
3.04 -0.137182064028
3.06 -0.148083108005
3.08 -0.158771299843
3.1 -0.169239114118
3.12 -0.179479526738
3.14 -0.189486030529
3.16 -0.199252648848
3.18 -0.208773947257
3.2 -0.21804504296
3.22 -0.227061612238
3.24 -0.235819895754
3.26 -0.244316701813
3.28 -0.252549407566
3.3 -0.260515957991
3.32 -0.268214863215
3.34 -0.275645193704
3.36 -0.282806573476
3.38 -0.289699171865
3.4 -0.296323693297
3.42 -0.302681365434
3.44 -0.308773926088
3.46 -0.314603608278
3.48 -0.320173124367
3.5 -0.325485648601
3.52 -0.3305447989
3.54 -0.335354617182
3.56 -0.339919549305
3.58 -0.344244423611
3.6 -0.348334429339
3.62 -0.352195093875
3.64 -0.355832259948
3.66 -0.359252062086
3.68 -0.362460902871
3.7 -0.365465428978
3.72 -0.368272506822
3.74 -0.370889198481
3.76 -0.37332273721
3.78 -0.375580503224
3.8 -0.377669999579
3.82 -0.379598828076
3.84 -0.381374665558
3.86 -0.383005240415
3.88 -0.384498309265
3.9 -0.38586163429
3.92 -0.387102960672
3.94 -0.388229994703
3.96 -0.389250382164
3.98 -0.39017168739
4.0 -0.39100137279
4.02 -0.39174677885
4.04 -0.39241510485
4.06 -0.393013390169
4.08 -0.39354849612
4.1 -0.39402708851
4.12 -0.394455620937
4.14 -0.394840318652
4.16 -0.395187163104
4.18 -0.395501877459
4.2 -0.395789912488
4.22 -0.396056433498
4.24 -0.396306307906
4.26 -0.396544093545
4.28 -0.396774027956
4.3 -0.397000018074
4.32 -0.39722563132
4.34 -0.397454086866
4.36 -0.397688248225
4.38 -0.397930616345
4.4 -0.398183323814
4.42 -0.398448129531
4.44 -0.398726414697
4.46 -0.39901917919
4.48 -0.39932703908
4.5 -0.399650224914
4.52 -0.399988580773
4.54 -0.400341564215
4.56 -0.400708247175
4.58 -0.401087317373
4.6 -0.401477080977
4.62 -0.401875465754
4.64 -0.402280025069
4.66 -0.40268794299
4.68 -0.403096039699
4.7 -0.403500778149
4.72 -0.403898271244
4.74 -0.404284289811
4.76 -0.404654271446
4.78 -0.405003329983
4.8 -0.405326265848
4.82 -0.405617576957
4.84 -0.40587147054
4.86 -0.406081875585
4.88 -0.406242455995
4.9 -0.406346624435
4.92 -0.406387557024
4.94 -0.406358208465
4.96 -0.406251328115
4.98 -0.406059476616
5.0 -0.405775043132
5.02 -0.405390263518
5.04 -0.404897238749
5.06 -0.404287954478
5.08 -0.403554300765
5.1 -0.402688092919
5.12 -0.401681092462
5.14 -0.400525029176
5.16 -0.399211623412
5.18 -0.39773260913
5.2 -0.396079757404
5.22 -0.394244900556
5.24 -0.392219956594
5.26 -0.389996954317
5.28 -0.387568058599
5.3 -0.384925596268
5.32 -0.382062081984
5.34 -0.378970244706
5.36 -0.375643053939
5.38 -0.372073746407
5.4 -0.368255852584
5.42 -0.364183222991
5.44 -0.359850054655
5.46 -0.355250916917
5.48 -0.350380777122
5.5 -0.345235025561
5.52 -0.33980949995
5.54 -0.334100509025
5.56 -0.328104855231
5.58 -0.321819856473
5.6 -0.315243366555
5.62 -0.308373794336
5.64 -0.301210121468
5.66 -0.293751918475
5.68 -0.285999359137
5.7 -0.277953232922
5.72 -0.269614955522
5.74 -0.260986577186
5.76 -0.252070788871
5.78 -0.242870926051
5.8 -0.233390970098
5.82 -0.223635547206
5.84 -0.213609924655
5.86 -0.203320004694
5.88 -0.192772315621
5.9 -0.181974000212
5.92 -0.170932801759
5.94 -0.15965704727
5.96 -0.148155628303
5.98 -0.136437979228
6.0 -0.12451405324
6.02 -0.112394295983
6.04 -0.100089617086
6.06 -0.0876113598041
6.08 -0.0749712686638
6.1 -0.062181455669
6.12 -0.049254364818
6.14 -0.0362027356976
6.16 -0.0230395656628
6.18 -0.00977807161537
6.2 0.00356834912609
6.22 0.0169861580744
6.24 0.0304617150414
6.26 0.0439813173737
6.28 0.0575312389833
6.3 0.0710977685638
6.32 0.08466724724
6.34 0.098226104985
6.36 0.11176089599
6.38 0.125258332494
6.4 0.138705317203
6.42 0.15208897377
6.44 0.165396675656
6.46 0.178616072779
6.48 0.191735116296
6.5 0.204742080989
6.52 0.21762558571
6.54 0.230374611173
6.56 0.242978515918
6.58 0.255427049491
6.6 0.267710363706
6.62 0.27981902145
6.64 0.291744003203
6.66 0.303476711703
6.68 0.315008974021
6.7 0.326333042165
6.72 0.337441591239
6.74 0.348327716227
6.76 0.358984926735
6.78 0.369407140328
6.8 0.379588674305
6.82 0.38952423613
6.84 0.399208912732
6.86 0.408638158519
6.88 0.417807782629
6.9 0.426713935192
6.92 0.435353092997
6.94 0.443722044407
6.96 0.451817873995
6.98 0.459637946631
7.0 0.467179891454
7.02 0.474441585592
7.04 0.481421137944
7.06 0.488116872832
7.08 0.494527313971
7.1 0.500651168514
7.12 0.50648731136
7.14 0.512034769945
7.16 0.517292709246
7.18 0.522260417425
7.2 0.5269372918
7.22 0.531322825559
7.24 0.535416594914
7.26 0.539218246927
7.28 0.542727488068
7.3 0.545944073296
7.32 0.548867796057
7.34 0.551498478801
7.36 0.553835964437
7.38 0.555880108395
7.4 0.557630771613
7.42 0.559087814181
7.44 0.560251089929
7.46 0.561120441721
7.48 0.561695697662
7.5 0.561976668109
7.52 0.56196314354
7.54 0.561654893308
7.56 0.561051665247
7.58 0.560153186193
7.6 0.558959163353
7.62 0.55746928667
7.64 0.555683231985
7.66 0.553600665216
7.68 0.551221247465
7.7 0.548544640981
7.72 0.545570516176
7.74 0.542298559493
7.76 0.538728482294
7.78 0.534860030603
7.8 0.530692995885
7.82 0.52622722667
7.84 0.521462641037
7.86 0.516399240233
7.88 0.511037122725
7.9 0.505376499514
7.92 0.499417709949
7.94 0.493161238355
7.96 0.486607731401
7.98 0.479758015996
8.0 0.472613117776
8.02 0.465174280082
8.04 0.457442983234
8.06 0.449420964167
8.08 0.441110236193
8.1 0.432513108809
8.12 0.423632207467
8.14 0.414470493112
8.16 0.405031281342
8.18 0.395318261176
8.2 0.385335513063
8.22 0.375087526097
8.24 0.364579214316
8.26 0.353815931816
8.28 0.342803486498
8.3 0.331548152451
8.32 0.320056680533
8.34 0.308336307265
8.36 0.296394761638
8.38 0.284240269818
8.4 0.271881557597
8.42 0.259327850355
8.44 0.246588870536
8.46 0.233674832393
8.48 0.220596434135
8.5 0.207364847017
8.52 0.193991701808
8.54 0.180489072181
8.56 0.166869455217
8.58 0.153145749062
8.6 0.139331227671
8.62 0.125439512755
8.64 0.111484543068
8.66 0.0974805409735
8.68 0.0834419768101
8.7 0.0693835306832
8.72 0.055320052354
8.74 0.04126651929
8.76 0.0272379928808
8.78 0.0132495734391
8.8 -0.000683645859152
8.82 -0.0145466261795
8.84 -0.0283244302621
8.86 -0.042002270422
8.88 -0.0555655560039
8.9 -0.0689999407239
8.92 -0.082291369198
8.94 -0.0954261224254
8.96 -0.108390862043
8.98 -0.12117267291
9.0 -0.133759103845
9.02 -0.146138206146
9.04 -0.158298570019
9.06 -0.17022935797
9.08 -0.18192033584
9.1 -0.193361900708
9.12 -0.204545105672
9.14 -0.215461681626
9.16 -0.226104055496
9.18 -0.236465365361
9.2 -0.246539472203
9.22 -0.256320968072
9.24 -0.265805181269
9.26 -0.274988177895
9.28 -0.283866760446
9.3 -0.292438463204
9.32 -0.300701544578
9.34 -0.308654976763
9.36 -0.316298432407
9.38 -0.323632269079
9.4 -0.330657511053
9.42 -0.337375829196
9.44 -0.343789518574
9.46 -0.34990147443
9.48 -0.355715166751
9.5 -0.36123461281
9.52 -0.366464349362
9.54 -0.371409402932
9.56 -0.376075260087
9.58 -0.380467836376
9.6 -0.384593445284
9.62 -0.388458766493
9.64 -0.392070814308
9.66 -0.395436905809
9.68 -0.398564629174
9.7 -0.401461812338
9.72 -0.404136491872
9.74 -0.406596882316
9.76 -0.408851345997
9.78 -0.410908363786
9.8 -0.412776505753
9.82 -0.414464403573
9.84 -0.415980722789
9.86 -0.417334136441
9.88 -0.418533299356
9.9 -0.419586823321
9.92 -0.420503253019
9.94 -0.421291043286
9.96 -0.421958536623
9.98 -0.42251394215
10.0 -0.422965315414
10.02 -0.423320538625
10.04 -0.423587302481
10.06 -0.423773088171
10.08 -0.423885151035
10.1 -0.423930504219
10.12 -0.423915903793
10.14 -0.423847834737
10.16 -0.423732496954
10.18 -0.423575793409
10.2 -0.423383317669
10.22 -0.423160343315
10.24 -0.422911813481
10.26 -0.422642331425
10.28 -0.422356151933
10.3 -0.422057173182
10.32 -0.421748929599
10.34 -0.421434585453
10.36 -0.421116929062
10.38 -0.420798367801
10.4 -0.42048092382
10.42 -0.420166230741
10.44 -0.419855530565
10.46 -0.419549671929
10.48 -0.419249108722
10.5 -0.418953899594
10.52 -0.418663708053
10.54 -0.418377803818
10.56 -0.418095064238
10.58 -0.417813976872
10.6 -0.417532643228
10.62 -0.41724878224
10.64 -0.416959735817
10.66 -0.416662474098
10.68 -0.416353602278
10.7 -0.416029367818
10.72 -0.415685668714
10.74 -0.415318062402
10.76 -0.414921775825
10.78 -0.414491715817
10.8 -0.414022480987
10.82 -0.41350837392
10.84 -0.412943414458
10.86 -0.412321354008
10.88 -0.411635690204
10.9 -0.410879683203
10.92 -0.410046372005
10.94 -0.409128592221
10.96 -0.408118994617
10.98 -0.407010064096
11.0 -0.405794140145
11.02 -0.404463437554
11.04 -0.403010068248
11.06 -0.401426063772
11.08 -0.399703398697
11.1 -0.397834014449
11.12 -0.395809844199
11.14 -0.393622838118
11.16 -0.391264989377
11.18 -0.3887283607
11.2 -0.386005111381
11.22 -0.38308752475
11.24 -0.37996803596
11.26 -0.376639260176
11.28 -0.373094020786
11.3 -0.369325377904
11.32 -0.365326656752
11.34 -0.361091475926
11.36 -0.356613775614
11.38 -0.351887845229
11.4 -0.346908350838
11.42 -0.341670361803
11.44 -0.336169376796
11.46 -0.330401348878
11.48 -0.324362709695
11.5 -0.318050392304
11.52 -0.311461852922
11.54 -0.304595091148
11.56 -0.297448668361
11.58 -0.290021724968
11.6 -0.282313994978
11.62 -0.274325819429
11.64 -0.266058156935
11.66 -0.257512592607
11.68 -0.248691344168
11.7 -0.239597266019
11.72 -0.230233850488
11.74 -0.220605226771
11.76 -0.210716157086
11.78 -0.200572030228
11.8 -0.190178852587
11.82 -0.17954323631
11.84 -0.168672385094
11.86 -0.157574077199
11.88 -0.146256646082
11.9 -0.134728958605
11.92 -0.123000390893
11.94 -0.111080802017
11.96 -0.098980505755
11.98 -0.0867102402161
12.0 -0.0742811360222
12.02 -0.0617046828715
12.04 -0.0489926946337
12.06 -0.0361572736988
12.08 -0.0232107739416
12.1 -0.010165763592
12.12 0.00296501293093
12.14 0.0161686728605
12.16 0.0294322332548
12.18 0.0427426487285
12.2 0.0560868488334
12.22 0.0694517746249
12.24 0.0828244144505
12.26 0.0961918385647
12.28 0.109541232462
12.3 0.122859928911
12.32 0.136135438096
12.34 0.149355476381
12.36 0.162507992913
12.38 0.175581194418
12.4 0.188563567926
12.42 0.201443901373
12.44 0.214211302049
12.46 0.226855212805
12.48 0.239365426201
12.5 0.251732096281
12.52 0.263945748305
12.54 0.275997286283
12.56 0.287877998489
12.58 0.299579560871
12.6 0.311094038575
12.62 0.322413885682
12.64 0.333531943039
12.66 0.344441434601
12.68 0.355135962169
12.7 0.3656094987
12.72 0.375856380392
12.74 0.385871297539
12.76 0.395649284414
12.78 0.405185708166
12.8 0.41447625703
12.82 0.423516927744
12.84 0.432304012632
12.86 0.440834086
12.88 0.449103990511
12.9 0.457110823117
12.92 0.464851921075
12.94 0.472324847845
12.96 0.479527379173
12.98 0.486457489285
13.0 0.49311333734
13.02 0.499493254266
13.04 0.505595729919
13.06 0.511419400684
13.08 0.516963037617
13.1 0.522225535095
13.12 0.527205900013
13.14 0.531903241612
13.16 0.536316761931
13.18 0.540445746887
13.2 0.544289558047
13.22 0.547847625005
13.24 0.551119438515
13.26 0.554104544264
13.28 0.556802537283
13.3 0.559213057104
13.32 0.561335783534
13.34 0.563170433121
13.36 0.564716756197
13.38 0.565974534648
13.4 0.566943580318
13.42 0.56762373386
13.44 0.56801486442
13.46 0.568116869761
13.48 0.567929676971
13.5 0.567453243805
13.52 0.566687560524
13.54 0.565632652273
13.56 0.564288582026
13.58 0.562655454033
13.6 0.560733417726
13.62 0.558522672251
13.64 0.556023471332
13.66 0.553236128789
13.68 0.550161024344
13.7 0.546798610066
13.72 0.543149417164
13.74 0.539214063255
13.76 0.534993260041
13.78 0.530487821465
13.8 0.525698672194
13.82 0.520626856527
13.84 0.515273547666
13.86 0.509640057309
13.88 0.503727845578
13.9 0.497538531215
13.92 0.491073902018
13.94 0.484335925567
13.96 0.477326759953
13.98 0.470048764851
14.0 0.46250451245
14.02 0.454696798587
14.04 0.44662865369
14.06 0.438303353705
14.08 0.429724430807
14.1 0.420895683888
14.12 0.411821188671
14.14 0.402505307452
14.16 0.39295269837
14.18 0.383168324039
14.2 0.373157459518
14.22 0.362925699599
14.24 0.352478965144
14.26 0.341823508541
14.28 0.330965918063
14.3 0.319913121231
14.32 0.308672386773
14.34 0.297251325496
14.36 0.285657889607
14.38 0.273900370734
14.4 0.261987396321
14.42 0.249927924533
14.44 0.237731237439
14.46 0.225406932747
14.48 0.212964913479
14.5 0.200415376356
14.52 0.187768798089
14.54 0.175035920233
14.56 0.162227732106
14.58 0.149355452205
14.6 0.136430507971
14.62 0.123464513792
14.64 0.110469247797
14.66 0.0974566270039
14.68 0.0844386812322
14.7 0.07142752578
14.72 0.0584353329826
14.74 0.0454743029383
14.76 0.0325566331269
14.78 0.019694487729
14.8 0.0068999660504
14.82 -0.00581492904732
14.84 -0.0184383232452
14.86 -0.0309585025719
14.88 -0.0433639452639
14.9 -0.0556433531185
14.92 -0.0677856825479
14.94 -0.0797801746778
14.96 -0.0916163848301
14.98 -0.103284210893
15.0 -0.114773920512
15.02 -0.126076177073
15.04 -0.137182064033
15.06 -0.148083108
15.08 -0.158771299841
15.1 -0.16923911412
15.12 -0.179479526742
15.14 -0.189486030521
15.16 -0.199252648852
15.18 -0.208773947261
15.2 -0.218045042952
15.22 -0.227061612244
15.24 -0.235819895749
15.26 -0.24431670182
15.28 -0.252549407558
15.3 -0.260515957992
15.32 -0.268214863223
15.34 -0.275645193694
15.36 -0.282806573474
15.38 -0.289699171875
15.4 -0.296323693292
15.42 -0.302681365434
15.44 -0.308773926084
15.46 -0.314603608286
15.48 -0.320173124359
15.5 -0.325485648609
15.52 -0.330544798898
15.54 -0.335354617179
15.56 -0.339919549304
15.58 -0.344244423612
15.6 -0.348334429337
15.62 -0.352195093879
15.64 -0.35583225995
15.66 -0.359252062078
15.68 -0.362460902879
15.7 -0.365465428968
15.72 -0.36827250683
15.74 -0.370889198479
15.76 -0.373322737211
15.78 -0.375580503222
15.8 -0.377669999578
15.82 -0.37959882808
15.84 -0.38137466556
15.86 -0.383005240408
15.88 -0.384498309269
15.9 -0.385861634291
15.92 -0.387102960673
15.94 -0.388229994699
15.96 -0.389250382166
15.98 -0.39017168739
16.0 -0.39100137279
16.02 -0.391746778843
16.04 -0.392415104862
16.06 -0.393013390165
16.08 -0.393548496115
16.1 -0.394027088512
16.12 -0.394455620939
16.14 -0.394840318648
16.16 -0.395187163106
16.18 -0.395501877459
16.2 -0.395789912488
16.22 -0.3960564335
16.24 -0.396306307899
16.26 -0.396544093554
16.28 -0.396774027949
16.3 -0.397000018084
16.32 -0.397225631312
16.34 -0.397454086871
16.36 -0.39768824822
16.38 -0.397930616347
16.4 -0.398183323815
16.42 -0.39844812953
16.44 -0.398726414697
16.46 -0.39901917919
16.48 -0.39932703908
16.5 -0.399650224914
16.52 -0.399988580773
16.54 -0.400341564215
16.56 -0.400708247175
16.58 -0.401087317373
16.6 -0.401477080977
16.62 -0.401875465754
16.64 -0.402280025069
16.66 -0.40268794299
16.68 -0.403096039699
16.7 -0.403500778149
16.72 -0.403898271244
16.74 -0.404284289811
16.76 -0.404654271446
16.78 -0.405003329976
16.8 -0.405326265862
16.82 -0.405617576946
16.84 -0.405871470543
16.86 -0.406081875594
16.88 -0.406242455985
16.9 -0.406346624433
16.92 -0.406387557027
16.94 -0.406358208461
16.96 -0.406251328119
16.98 -0.40605947662
17.0 -0.405775043128
17.02 -0.405390263518
17.04 -0.404897238752
17.06 -0.404287954472
17.08 -0.403554300769
17.1 -0.402688092919
17.12 -0.401681092463
17.14 -0.400525029173
17.16 -0.399211623416
17.18 -0.397732609119
17.2 -0.396079757419
17.22 -0.39424490055
17.24 -0.392219956594
17.26 -0.389996954317
17.28 -0.387568058599
17.3 -0.384925596268
17.32 -0.38206208198
17.34 -0.378970244718
17.36 -0.375643053927
17.38 -0.372073746411
17.4 -0.368255852583
17.42 -0.364183222998
17.44 -0.359850054644
17.46 -0.355250916922
17.48 -0.350380777122
17.5 -0.345235025565
17.52 -0.339809499942
17.54 -0.334100509025
17.56 -0.328104855236
17.58 -0.321819856471
17.6 -0.315243366559
17.62 -0.308373794329
17.64 -0.301210121475
17.66 -0.293751918471
17.68 -0.285999359137
17.7 -0.277953232923
17.72 -0.269614955523
17.74 -0.260986577183
17.76 -0.252070788868
17.78 -0.242870926062
17.8 -0.233390970093
17.82 -0.223635547205
17.84 -0.213609924654
17.86 -0.203320004701
17.88 -0.192772315618
17.9 -0.181974000211
17.92 -0.170932801757
17.94 -0.159657047274
17.96 -0.148155628301
17.98 -0.136437979227
18.0 -0.124514053246
18.02 -0.112394295977
18.04 -0.100089617087
18.06 -0.0876113597995
18.08 -0.0749712686821
18.1 -0.0621814556507
18.12 -0.0492543648238
18.14 -0.0362027356985
18.16 -0.0230395656611
18.18 -0.00977807161432
18.2 0.00356834912142
18.22 0.016986158078
18.24 0.0304617150405
18.26 0.0439813173767
18.28 0.0575312389793
18.3 0.0710977685572
18.32 0.0846672472534
18.34 0.0982261049793
18.36 0.111760895986
18.38 0.125258332502
18.4 0.138705317199
18.42 0.152088973773
18.44 0.165396675648
18.46 0.178616072786
18.48 0.191735116294
18.5 0.204742080995
18.52 0.217625585692
18.54 0.230374611192
18.56 0.242978515911
18.58 0.255427049487
18.6 0.267710363718
18.62 0.279819021439
18.64 0.291744003213
18.66 0.303476711689
18.68 0.315008974031
18.7 0.32633304216
18.72 0.337441591244
18.74 0.348327716218
18.76 0.358984926743
18.78 0.369407140329
18.8 0.379588674296
18.82 0.389524236139
18.84 0.39920891273
18.86 0.408638158521
18.88 0.417807782622
18.9 0.426713935199
18.92 0.435353092993
18.94 0.443722044407
18.96 0.451817873989
18.98 0.459637946638
19.0 0.467179891452
19.02 0.474441585592
19.04 0.481421137944
19.06 0.488116872831
19.08 0.494527313975
19.1 0.50065116851
19.12 0.50648731136
19.14 0.512034769948
19.16 0.517292709251
19.18 0.522260417418
19.2 0.526937291802
19.22 0.531322825559
19.24 0.535416594914
19.26 0.539218246929
19.28 0.542727488067
19.3 0.545944073296
19.32 0.548867796057
19.34 0.551498478801
19.36 0.553835964437
19.38 0.555880108395
19.4 0.557630771613
19.42 0.559087814181
19.44 0.560251089929
19.46 0.561120441721
19.48 0.561695697662
19.5 0.561976668109
19.52 0.56196314354
19.54 0.561654893308
19.56 0.561051665247
19.58 0.560153186193
19.6 0.558959163353
19.62 0.557469286672
19.64 0.555683231981
19.66 0.553600665216
19.68 0.55122124747
19.7 0.548544640977
19.72 0.545570516176
19.74 0.542298559495
19.76 0.538728482296
19.78 0.534860030599
19.8 0.530692995889
19.82 0.526227226666
19.84 0.521462641039
19.86 0.516399240233
19.88 0.511037122723
19.9 0.505376499516
19.92 0.499417709945
19.94 0.493161238356
19.96 0.486607731407
19.98 0.479758015991
20.0 0.472613117776
20.02 0.465174280082
20.04 0.457442983238
20.06 0.44942096416
20.08 0.441110236191
20.1 0.432513108816
20.12 0.423632207471
20.14 0.414470493103
20.16 0.405031281342
20.18 0.39531826118
20.2 0.385335513065
20.22 0.375087526092
20.24 0.364579214318
20.26 0.353815931824
20.28 0.34280348649
20.3 0.331548152447
20.32 0.320056680537
20.34 0.308336307264
20.36 0.29639476164
20.38 0.284240269812
20.4 0.2718815576
20.42 0.259327850354
20.44 0.24658887054
20.46 0.233674832385
20.48 0.22059643414
20.5 0.207364847016
20.52 0.193991701809
20.54 0.180489072179
20.56 0.166869455215
20.58 0.153145749071
20.6 0.139331227664
20.62 0.125439512755
20.64 0.111484543068
20.66 0.0974805409706
20.68 0.0834419768166
20.7 0.0693835306787
20.72 0.0553200523557
20.74 0.0412665192873
20.76 0.0272379928836
20.78 0.013249573439
20.8 -0.000683645860007
20.82 -0.0145466261822
20.84 -0.0283244302586
20.86 -0.0420022704202
20.88 -0.055565556002
20.9 -0.0689999407395
20.92 -0.0822913691825
20.94 -0.0954261224289
20.96 -0.108390862044
20.98 -0.121172672916
21.0 -0.133759103825
21.02 -0.14613820617
21.04 -0.158298570012
21.06 -0.170229357974
21.08 -0.181920335823
21.1 -0.193361900717
21.12 -0.204545105672
21.14 -0.215461681628
21.16 -0.226104055494
21.18 -0.236465365362
21.2 -0.246539472203
21.22 -0.25632096807
21.24 -0.265805181273
21.26 -0.274988177892
21.28 -0.28386676045
21.3 -0.292438463197
21.32 -0.300701544581
21.34 -0.308654976763
21.36 -0.316298432407
21.38 -0.323632269079
21.4 -0.330657511053
21.42 -0.3373758292
21.44 -0.343789518555
21.46 -0.349901474458
21.48 -0.355715166739
21.5 -0.361234612819
21.52 -0.366464349343
21.54 -0.371409402946
21.56 -0.376075260075
21.58 -0.380467836382
21.6 -0.384593445284
21.62 -0.388458766493
21.64 -0.392070814308
21.66 -0.395436905809
21.68 -0.398564629174
21.7 -0.401461812338
21.72 -0.404136491872
21.74 -0.406596882316
21.76 -0.408851345997
21.78 -0.410908363787
21.8 -0.412776505758
21.82 -0.414464403559
21.84 -0.415980722797
21.86 -0.417334136431
21.88 -0.418533299375
21.9 -0.419586823312
21.92 -0.420503253019
21.94 -0.421291043298
21.96 -0.421958536608
21.98 -0.422513942155
22.0 -0.422965315403
22.02 -0.423320538634
22.04 -0.423587302481
22.06 -0.423773088172
22.08 -0.423885151033
22.1 -0.423930504219
22.12 -0.423915903793
22.14 -0.423847834742
22.16 -0.423732496942
22.18 -0.423575793426
22.2 -0.423383317649
22.22 -0.423160343329
22.24 -0.422911813472
22.26 -0.422642331435
22.28 -0.422356151923
22.3 -0.422057173187
22.32 -0.421748929591
22.34 -0.42143458546
22.36 -0.421116929081
22.38 -0.420798367775
22.4 -0.420480923829
22.42 -0.420166230745
22.44 -0.419855530557
22.46 -0.419549671932
22.48 -0.419249108723
22.5 -0.418953899593
22.52 -0.418663708053
22.54 -0.418377803819
22.56 -0.418095064238
22.58 -0.417813976872
22.6 -0.417532643228
22.62 -0.41724878224
22.64 -0.416959735817
22.66 -0.416662474107
22.68 -0.416353602259
22.7 -0.416029367827
22.72 -0.415685668714
22.74 -0.415318062402
22.76 -0.414921775826
22.78 -0.414491715816
22.8 -0.414022480987
22.82 -0.41350837392
22.84 -0.412943414458
22.86 -0.412321354
22.88 -0.411635690212
22.9 -0.410879683211
22.92 -0.410046371997
22.94 -0.409128592213
22.96 -0.408118994637
22.98 -0.40701006408
23.0 -0.405794140157
23.02 -0.404463437537
23.04 -0.403010068259
23.06 -0.401426063765
23.08 -0.399703398708
23.1 -0.39783401444
23.12 -0.395809844213
23.14 -0.393622838102
23.16 -0.391264989383
23.18 -0.388728360694
23.2 -0.386005111397
23.22 -0.383087524735
23.24 -0.379968035965
23.26 -0.376639260176
23.28 -0.373094020786
23.3 -0.369325377898
23.32 -0.365326656759
23.34 -0.36109147593
23.36 -0.356613775605
23.38 -0.351887845234
23.4 -0.34690835083
23.42 -0.341670361814
23.44 -0.33616937679
23.46 -0.330401348878
23.48 -0.324362709695
23.5 -0.3180503923
23.52 -0.31146185293
23.54 -0.304595091135
23.56 -0.297448668384
23.58 -0.290021724947
23.6 -0.282313994984
23.62 -0.274325819433
23.64 -0.266058156937
23.66 -0.257512592595
23.68 -0.248691344175
23.7 -0.239597266014
23.72 -0.230233850492
23.74 -0.220605226765
23.76 -0.210716157092
23.78 -0.200572030231
23.8 -0.190178852579
23.82 -0.179543236312
23.84 -0.168672385096
23.86 -0.157574077204
23.88 -0.14625664608
23.9 -0.134728958596
23.92 -0.123000390899
23.94 -0.111080802009
23.96 -0.0989805057687
23.98 -0.0867102402092
24.0 -0.0742811360241
24.02 -0.0617046828666
24.04 -0.0489926946386
24.06 -0.0361572736961
24.08 -0.0232107739482
24.1 -0.0101657635767
24.12 0.00296501291746
24.14 0.0161686728682
24.16 0.0294322332471
24.18 0.0427426487373
24.2 0.0560868488244
24.22 0.0694517746243
24.24 0.0828244144602
24.26 0.0961918385597
24.28 0.109541232462
24.3 0.12285992891
24.32 0.136135438096
24.34 0.149355476386
24.36 0.16250799291
24.38 0.175581194421
24.4 0.188563567918
24.42 0.201443901376
24.44 0.214211302052
24.46 0.226855212801
24.48 0.239365426209
24.5 0.251732096273
24.52 0.263945748304
24.54 0.275997286293
24.56 0.287877998483
24.58 0.299579560867
24.6 0.311094038577
24.62 0.322413885684
24.64 0.333531943037
24.66 0.3444414346
24.68 0.355135962172
24.7 0.365609498697
24.72 0.375856380389
24.74 0.385871297546
24.76 0.395649284408
24.78 0.405185708173
24.8 0.414476257019
24.82 0.423516927755
24.84 0.432304012624
24.86 0.440834086002
24.88 0.449103990515
24.9 0.457110823118
24.92 0.464851921072
24.94 0.472324847842
24.96 0.479527379175
24.98 0.48645748929
25.0 0.493113337335
25.02 0.499493254268
25.04 0.505595729918
25.06 0.511419400683
25.08 0.51696303762
25.1 0.522225535095
25.12 0.527205900011
25.14 0.53190324161
25.16 0.536316761929
25.18 0.540445746896
25.2 0.54428955804
25.22 0.547847625006
25.24 0.551119438515
25.26 0.554104544266
25.28 0.556802537279
25.3 0.559213057104
25.32 0.561335783538
25.34 0.563170433123
25.36 0.56471675619
25.38 0.565974534651
25.4 0.566943580318
25.42 0.56762373386
25.44 0.56801486442
25.46 0.568116869761
25.48 0.567929676971
25.5 0.567453243805
25.52 0.566687560524
25.54 0.565632652273
25.56 0.564288582026
25.58 0.562655454033
25.6 0.560733417728
25.62 0.558522672247
25.64 0.556023471334
25.66 0.553236128789
25.68 0.550161024344
25.7 0.546798610064
25.72 0.543149417168
25.74 0.539214063252
25.76 0.534993260042
25.78 0.530487821466
25.8 0.525698672191
25.82 0.520626856528
25.84 0.515273547668
25.86 0.509640057308
25.88 0.503727845576
25.9 0.497538531213
25.92 0.491073902025
25.94 0.484335925563
25.96 0.477326759952
25.98 0.470048764852
26.0 0.46250451245
26.02 0.45469679859
26.04 0.446628653681
26.06 0.438303353712
26.08 0.429724430809
26.1 0.420895683883
26.12 0.411821188671
26.14 0.402505307448
26.16 0.39295269838
26.18 0.383168324034
26.2 0.373157459514
26.22 0.362925699607
26.24 0.352478965147
26.26 0.341823508526
26.28 0.330965918078
26.3 0.319913121221
26.32 0.308672386775
26.34 0.297251325497
26.36 0.285657889602
26.38 0.273900370748
26.4 0.261987396311
26.42 0.249927924528
26.44 0.237731237447
26.46 0.225406932746
26.48 0.212964913474
26.5 0.200415376364
26.52 0.18776879809
26.54 0.175035920225
26.56 0.162227732106
26.58 0.14935545221
26.6 0.136430507973
26.62 0.123464513788
26.64 0.110469247793
26.66 0.0974566270159
26.68 0.0844386812306
26.7 0.0714275257648
26.72 0.0584353329938
26.74 0.0454743029372
26.76 0.0325566331269
26.78 0.0196944877225
26.8 0.00689996606161
26.82 -0.00581492904646
26.84 -0.0184383232528
26.86 -0.0309585025772
26.88 -0.0433639452541
26.9 -0.0556433531213
26.92 -0.0677856825568
26.94 -0.07978017466
26.96 -0.0916163848345
26.98 -0.103284210899
27.0 -0.114773920517
27.02 -0.12607617707
27.04 -0.137182064021
27.06 -0.148083108006
27.08 -0.158771299849
27.1 -0.169239114106
27.12 -0.179479526747
27.14 -0.189486030531
27.16 -0.199252648838
27.18 -0.208773947262
27.2 -0.218045042966
27.22 -0.227061612225
27.24 -0.235819895764
27.26 -0.244316701813
27.28 -0.252549407564
27.3 -0.260515957979
27.32 -0.268214863237
27.34 -0.27564519369
27.36 -0.282806573483
27.38 -0.289699171856
27.4 -0.296323693296
27.42 -0.302681365448
27.44 -0.308773926078
27.46 -0.314603608285
27.48 -0.320173124356
27.5 -0.325485648606
27.52 -0.330544798906
27.54 -0.33535461717
27.56 -0.339919549307
27.58 -0.344244423621
27.6 -0.348334429331
27.62 -0.352195093877
27.64 -0.355832259952
27.66 -0.359252062074
27.68 -0.362460902893
27.7 -0.365465428955
27.72 -0.368272506828
27.74 -0.370889198488
27.76 -0.373322737207
27.78 -0.375580503222
27.8 -0.377669999588
27.82 -0.379598828059
27.84 -0.381374665567
27.86 -0.383005240416
27.88 -0.384498309264
27.9 -0.385861634297
27.92 -0.387102960661
27.94 -0.388229994705
27.96 -0.38925038217
27.98 -0.390171687382
28.0 -0.391001372793
28.02 -0.39174677885
28.04 -0.392415104849
28.06 -0.393013390172
28.08 -0.393548496115
28.1 -0.394027088513
28.12 -0.394455620939
28.14 -0.394840318648
28.16 -0.395187163106
28.18 -0.395501877459
28.2 -0.395789912488
28.22 -0.3960564335
28.24 -0.396306307898
28.26 -0.39654409356
28.28 -0.396774027943
28.3 -0.397000018081
28.32 -0.397225631316
28.34 -0.397454086871
28.36 -0.397688248225
28.38 -0.397930616338
28.4 -0.39818332382
28.42 -0.398448129529
28.44 -0.398726414697
28.46 -0.39901917919
28.48 -0.39932703908
28.5 -0.399650224914
28.52 -0.399988580773
28.54 -0.400341564215
28.56 -0.400708247175
28.58 -0.401087317373
28.6 -0.401477080969
28.62 -0.401875465766
28.64 -0.402280025068
28.66 -0.402687942991
28.68 -0.403096039686
28.7 -0.403500778162
28.72 -0.403898271247
28.74 -0.404284289798
28.76 -0.40465427145
28.78 -0.405003329987
28.8 -0.40532626584
28.82 -0.405617576969
28.84 -0.405871470529
28.86 -0.406081875594
28.88 -0.406242455991
28.9 -0.40634662443
28.92 -0.406387557033
28.94 -0.406358208457
28.96 -0.406251328119
28.98 -0.40605947662
29.0 -0.405775043128
29.02 -0.405390263518
29.04 -0.404897238752
29.06 -0.404287954466
29.08 -0.403554300779
29.1 -0.402688092919
29.12 -0.401681092453
29.14 -0.40052502918
29.16 -0.399211623416
29.18 -0.397732609116
29.2 -0.396079757419
29.22 -0.394244900553
29.24 -0.392219956592
29.26 -0.389996954314
29.28 -0.387568058604
29.3 -0.38492559627
29.32 -0.382062081981
29.34 -0.378970244703
29.36 -0.375643053943
29.38 -0.372073746406
29.4 -0.368255852581
29.42 -0.364183222999
29.44 -0.359850054644
29.46 -0.355250916922
29.48 -0.350380777118
29.5 -0.345235025564
29.52 -0.339809499951
29.54 -0.334100509028
29.56 -0.328104855227
29.58 -0.321819856469
29.6 -0.315243366562
29.62 -0.308373794329
29.64 -0.301210121469
29.66 -0.293751918483
29.68 -0.285999359126
29.7 -0.277953232935
29.72 -0.269614955514
29.74 -0.260986577186
29.76 -0.252070788872
29.78 -0.242870926042
29.8 -0.233390970118
29.82 -0.223635547203
29.84 -0.213609924641
29.86 -0.2033200047
29.88 -0.192772315623
29.9 -0.181974000211
29.92 -0.170932801757
29.94 -0.159657047271
29.96 -0.148155628299
29.98 -0.136437979239
30.0 -0.124514053236
30.02 -0.112394295981
30.04 -0.10008961709
30.06 -0.0876113597927
30.08 -0.0749712686783
30.1 -0.0621814556622
30.12 -0.0492543648121
30.14 -0.0362027357074
30.16 -0.0230395656496
30.18 -0.0097780716294
30.2 0.00356834912524
30.22 0.0169861580893
30.24 0.0304617150244
30.26 0.0439813173767
30.28 0.0575312389916
30.3 0.0710977685593
30.32 0.0846672472428
30.34 0.0982261049831
30.36 0.111760895993
30.38 0.125258332492
30.4 0.138705317202
30.42 0.152088973763
30.44 0.165396675668
30.46 0.178616072777
30.48 0.19173511629
30.5 0.204742081001
30.52 0.217625585697
30.54 0.230374611175
30.56 0.242978515923
30.58 0.255427049487
30.6 0.267710363718
30.62 0.279819021438
30.64 0.291744003213
30.66 0.303476711691
30.68 0.31500897403
30.7 0.326333042153
30.72 0.337441591251
30.74 0.348327716221
30.76 0.358984926732
30.78 0.369407140343
30.8 0.379588674286
30.82 0.389524236145
30.84 0.399208912724
30.86 0.408638158519
30.88 0.417807782636
30.9 0.426713935184
30.92 0.435353092999
30.94 0.443722044409
30.96 0.451817873994
30.98 0.45963794663
31.0 0.467179891454
31.02 0.474441585595
31.04 0.481421137942
31.06 0.488116872831
31.08 0.494527313975
31.1 0.500651168511
31.12 0.506487311359
31.14 0.512034769946
31.16 0.517292709251
31.18 0.522260417421
31.2 0.526937291798
31.22 0.531322825565
31.24 0.535416594909
31.26 0.539218246934
31.28 0.542727488061
31.3 0.545944073299
31.32 0.548867796057
31.34 0.551498478801
31.36 0.553835964437
31.38 0.555880108395
31.4 0.557630771616
31.42 0.559087814175
31.44 0.560251089932
31.46 0.561120441721
31.48 0.561695697662
31.5 0.561976668109
31.52 0.56196314354
31.54 0.561654893308
31.56 0.561051665247
31.58 0.560153186193
31.6 0.558959163353
31.62 0.55746928667
31.64 0.555683231986
31.66 0.553600665214
31.68 0.55122124747
31.7 0.548544640976
31.72 0.545570516178
31.74 0.542298559497
31.76 0.538728482287
31.78 0.53486003061
31.8 0.530692995882
31.82 0.52622722667
31.84 0.521462641037
31.86 0.516399240236
31.88 0.511037122721
31.9 0.505376499515
31.92 0.499417709946
31.94 0.493161238356
31.96 0.486607731405
31.98 0.47975801599
32.0 0.472613117784
32.02 0.465174280077
32.04 0.457442983235
32.06 0.449420964162
32.08 0.4411102362
32.1 0.4325131088
32.12 0.423632207481
32.14 0.414470493093
32.16 0.405031281356
32.18 0.395318261179
32.2 0.38533551305
32.22 0.375087526107
32.24 0.364579214313
32.26 0.353815931815
32.28 0.342803486499
32.3 0.331548152456
32.32 0.320056680528
32.34 0.308336307262
32.36 0.296394761639
32.38 0.284240269816
32.4 0.271881557598
32.42 0.25932785036
32.44 0.246588870542
32.46 0.233674832384
32.48 0.220596434134
32.5 0.20736484702
32.52 0.193991701814
32.54 0.180489072164
32.56 0.166869455236
32.58 0.153145749043
32.6 0.139331227687
32.62 0.125439512758
32.64 0.111484543051
32.66 0.0974805409837
32.68 0.0834419768081
32.7 0.0693835306787
32.72 0.0553200523659
32.74 0.0412665192809
32.76 0.0272379928798
32.78 0.0132495734391
32.8 -0.000683645867339
32.82 -0.0145466261622
32.84 -0.0283244302713
32.86 -0.0420022704221
32.88 -0.0555655559937
32.9 -0.0689999407322
32.92 -0.0822913692044
32.94 -0.0954261224152
32.96 -0.108390862041
32.98 -0.121172672936
33.0 -0.13375910381
33.02 -0.146138206169
33.04 -0.158298570013
33.06 -0.170229357963
33.08 -0.18192033585
33.1 -0.193361900694
33.12 -0.204545105678
33.14 -0.215461681636
33.16 -0.226104055479
33.18 -0.23646536537
33.2 -0.246539472201
33.22 -0.256320968075
33.24 -0.265805181282
33.26 -0.274988177872
33.28 -0.28386676046
33.3 -0.29243846319
33.32 -0.300701544585
33.34 -0.308654976759
33.36 -0.316298432423
33.38 -0.323632269054
33.4 -0.330657511073
33.42 -0.337375829206
33.44 -0.34378951855
33.46 -0.349901474436
33.48 -0.355715166759
33.5 -0.361234612801
33.52 -0.366464349371
33.54 -0.371409402926
33.56 -0.376075260087
33.58 -0.380467836383
33.6 -0.384593445269
33.62 -0.3884587665
33.64 -0.392070814308
33.66 -0.395436905809
33.68 -0.398564629171
33.7 -0.401461812344
33.72 -0.404136491863
33.74 -0.406596882327
33.76 -0.408851345992
33.78 -0.410908363789
33.8 -0.412776505755
33.82 -0.414464403558
33.84 -0.415980722789
33.86 -0.41733413646
33.88 -0.418533299343
33.9 -0.419586823329
33.92 -0.420503253022
33.94 -0.421291043282
33.96 -0.421958536616
33.98 -0.422513942146
34.0 -0.422965315422
34.02 -0.423320538634
34.04 -0.423587302462
34.06 -0.423773088181
34.08 -0.423885151035
34.1 -0.423930504219
34.12 -0.423915903793
34.14 -0.423847834742
34.16 -0.423732496942
34.18 -0.423575793403
34.2 -0.423383317696
34.22 -0.423160343306
34.24 -0.422911813472
34.26 -0.42264233143
34.28 -0.422356151933
34.3 -0.422057173171
34.32 -0.421748929622
34.34 -0.421434585441
34.36 -0.421116929064
34.38 -0.4207983678
34.4 -0.420480923832
34.42 -0.42016623072
34.44 -0.419855530569
34.46 -0.419549671933
34.48 -0.419249108731
34.5 -0.418953899574
34.52 -0.418663708063
34.54 -0.418377803819
34.56 -0.418095064238
34.58 -0.417813976872
34.6 -0.417532643228
34.62 -0.41724878224
34.64 -0.416959735817
34.66 -0.416662474098
34.68 -0.416353602266
34.7 -0.416029367836
34.72 -0.415685668714
34.74 -0.415318062395
34.76 -0.414921775818
34.78 -0.414491715832
34.8 -0.414022480979
34.82 -0.41350837392
34.84 -0.412943414457
34.86 -0.412321354009
34.88 -0.411635690196
34.9 -0.410879683219
34.92 -0.410046371997
34.94 -0.409128592221
34.96 -0.408118994617
34.98 -0.407010064096
35.0 -0.405794140153
35.02 -0.404463437537
35.04 -0.403010068259
35.06 -0.40142606377
35.08 -0.399703398687
35.1 -0.397834014465
35.12 -0.395809844197
35.14 -0.393622838114
35.16 -0.391264989377
35.18 -0.388728360687
35.2 -0.386005111406
35.22 -0.383087524744
35.24 -0.379968035944
35.26 -0.376639260189
35.28 -0.373094020775
35.3 -0.369325377919
35.32 -0.365326656748
35.34 -0.361091475918
35.36 -0.356613775622
35.38 -0.351887845223
35.4 -0.346908350838
35.42 -0.341670361805
35.44 -0.336169376792
35.46 -0.330401348882
35.48 -0.324362709699
35.5 -0.3180503923
35.52 -0.311461852922
35.54 -0.304595091143
35.56 -0.297448668372
35.58 -0.290021724955
35.6 -0.282313994991
35.62 -0.274325819413
35.64 -0.266058156953
35.66 -0.257512592605
35.68 -0.24869134415
35.7 -0.239597266034
35.72 -0.230233850472
35.74 -0.220605226794
35.76 -0.210716157079
35.78 -0.200572030219
35.8 -0.19017885259
35.82 -0.179543236311
35.84 -0.168672385092
35.86 -0.157574077202
35.88 -0.146256646078
35.9 -0.134728958608
35.92 -0.123000390894
35.94 -0.111080802014
35.96 -0.0989805057589
35.98 -0.0867102402065
36.0 -0.0742811360367
36.02 -0.0617046828568
36.04 -0.0489926946522
36.06 -0.0361572736805
36.08 -0.0232107739551
36.1 -0.0101657635931
36.12 0.00296501294761
36.14 0.0161686728457
36.16 0.0294322332724
36.18 0.0427426487043
36.2 0.0560868488409
36.22 0.069451774635
36.24 0.0828244144415
36.26 0.0961918385657
36.28 0.109541232471
36.3 0.122859928899
36.32 0.136135438093
36.34 0.149355476399
36.36 0.162507992898
36.38 0.17558119442
36.4 0.188563567927
36.42 0.201443901375
36.44 0.214211302052
36.46 0.226855212801
36.48 0.239365426196
36.5 0.251732096291
36.52 0.263945748303
36.54 0.275997286275
36.56 0.287877998503
36.58 0.299579560856
36.6 0.311094038591
36.62 0.322413885667
36.64 0.333531943042
36.66 0.344441434615
36.68 0.355135962154
36.7 0.365609498705
36.72 0.375856380393
36.74 0.385871297538
36.76 0.395649284408
36.78 0.405185708174
36.8 0.414476257025
36.82 0.423516927747
36.84 0.432304012631
36.86 0.440834086003
36.88 0.449103990508
36.9 0.457110823119
36.92 0.464851921066
36.94 0.472324847855
36.96 0.479527379171
36.98 0.486457489282
37.0 0.493113337351
37.02 0.499493254257
37.04 0.505595729927
37.06 0.511419400674
37.08 0.516963037617
37.1 0.522225535107
37.12 0.527205900005
37.14 0.531903241614
37.16 0.536316761931
37.18 0.540445746888
37.2 0.544289558042
37.22 0.547847625008
37.24 0.551119438516
37.26 0.554104544263
37.28 0.556802537283
37.3 0.559213057104
37.32 0.561335783536
37.34 0.56317043312
37.36 0.564716756192
37.38 0.565974534654
37.4 0.566943580319
37.42 0.567623733856
37.44 0.568014864425
37.46 0.568116869756
37.48 0.567929676974
37.5 0.567453243808
37.52 0.566687560521
37.54 0.565632652267
37.56 0.564288582036
37.58 0.562655454029
37.6 0.560733417726
37.62 0.558522672251
37.64 0.556023471334
37.66 0.553236128786
37.68 0.550161024347
37.7 0.546798610064
37.72 0.543149417168
37.74 0.539214063253
37.76 0.534993260039
37.78 0.530487821466
37.8 0.525698672196
37.82 0.520626856526
37.84 0.515273547664
37.86 0.509640057314
37.88 0.503727845572
37.9 0.49753853122
37.92 0.491073902011
37.94 0.484335925575
37.96 0.477326759955
37.98 0.470048764837
38.0 0.462504512462
38.02 0.454696798583
38.04 0.44662865369
38.06 0.438303353703
38.08 0.429724430813
38.1 0.420895683885
38.12 0.411821188668
38.14 0.40250530745
38.16 0.392952698379
38.18 0.383168324031
38.2 0.373157459522
38.22 0.362925699605
38.24 0.352478965139
38.26 0.341823508535
38.28 0.33096591807
38.3 0.319913121236
38.32 0.308672386756
38.34 0.297251325509
38.36 0.285657889595
38.38 0.273900370746
38.4 0.261987396327
38.42 0.249927924511
38.44 0.237731237459
38.46 0.225406932737
38.48 0.212964913479
38.5 0.200415376355
38.52 0.187768798106
38.54 0.175035920221
38.56 0.162227732102
38.58 0.149355452213
38.6 0.136430507963
38.62 0.123464513794
38.64 0.110469247796
38.66 0.0974566270134
38.68 0.084438681225
38.7 0.071427525774
38.72 0.0584353329918
38.74 0.0454743029396
38.76 0.0325566331121
38.78 0.0196944877461
38.8 0.00689996605211
38.82 -0.00581492906627
38.84 -0.0184383232251
38.86 -0.0309585025956
38.88 -0.0433639452397
38.9 -0.0556433531341
38.92 -0.0677856825451
38.94 -0.0797801746692
38.96 -0.0916163848358
38.98 -0.103284210894
39.0 -0.114773920515
39.02 -0.126076177069
39.04 -0.137182064029
39.06 -0.148083108007
39.08 -0.158771299838
39.1 -0.169239114112
39.12 -0.179479526751
39.14 -0.189486030524
39.16 -0.19925264884
39.18 -0.208773947262
39.2 -0.218045042972
39.22 -0.227061612216
39.24 -0.235819895755
39.26 -0.244316701838
39.28 -0.252549407539
39.3 -0.260515958004
39.32 -0.268214863213
39.34 -0.275645193703
39.36 -0.282806573475
39.38 -0.289699171862
39.4 -0.296323693298
39.42 -0.302681365438
39.44 -0.308773926088
39.46 -0.314603608277
39.48 -0.320173124364
39.5 -0.325485648612
39.52 -0.330544798887
39.54 -0.335354617179
39.56 -0.339919549311
39.58 -0.344244423613
39.6 -0.348334429339
39.62 -0.352195093867
39.64 -0.355832259959
39.66 -0.359252062077
39.68 -0.362460902871
39.7 -0.36546542899
39.72 -0.368272506806
39.74 -0.370889198494
39.76 -0.373322737204
39.78 -0.375580503225
39.8 -0.377669999583
39.82 -0.379598828062
39.84 -0.381374665575
39.86 -0.383005240409
39.88 -0.384498309265
39.9 -0.385861634297
39.92 -0.387102960661
39.94 -0.388229994715
39.96 -0.389250382151
39.98 -0.390171687392
