0.0 -0.0607436972462
0.02 -0.0478485460543
0.04 -0.0348139843432
0.06 -0.0216523987768
0.08 -0.00837643595919
0.1 0.00500103560629
0.12 0.0184669645155
0.14 0.0320081553039
0.16 0.0456113073893
0.18 0.0592630539064
0.2 0.0729499998659
0.22 0.0866587597254
0.24 0.100375994095
0.26 0.114088445174
0.28 0.127782971106
0.3 0.141446578732
0.32 0.155066454661
0.34 0.168629994756
0.36 0.182124831567
0.38 0.19553885983
0.4 0.208860259816
0.42 0.22207751866
0.44 0.2351794493
0.46 0.248155207328
0.48 0.260994305502
0.5 0.273686626061
0.52 0.286222430804
0.54 0.298592368931
0.56 0.310787482878
0.58 0.322799211933
0.6 0.334619393969
0.62 0.34624026527
0.64 0.357654458494
0.66 0.368854999036
0.68 0.379835299769
0.7 0.390589154303
0.72 0.401110729033
0.74 0.41139455382
0.76 0.421435511778
0.78 0.431228827996
0.8 0.440770057482
0.82 0.450055072479
0.84 0.459080049157
0.86 0.467841453857
0.88 0.476336029133
0.9 0.484560779397
0.92 0.492512956646
0.94 0.500190046039
0.96 0.507589751643
0.98 0.51470998236
1.0 0.521548838007
1.02 0.528104595856
1.04 0.534375697436
1.06 0.54036073593
1.08 0.546058443863
1.1 0.551467681546
1.12 0.556587425955
1.14 0.561416760308
1.16 0.565954864168
1.18 0.570201004366
1.2 0.574154526438
1.22 0.577814846843
1.24 0.581181445824
1.26 0.584253861008
1.28 0.587031681613
1.3 0.589514543456
1.32 0.591702124533
1.34 0.593594141378
1.36 0.595190345978
1.38 0.596490523418
1.4 0.597494490191
1.42 0.598202093015
1.44 0.598613208404
1.46 0.598727742787
1.48 0.598545633177
1.5 0.5980668485
1.52 0.597291391449
1.54 0.596219300883
1.56 0.59485065479
1.58 0.593185573827
1.6 0.591224225255
1.62 0.588966827564
1.64 0.586413655471
1.66 0.583565045478
1.68 0.580421401877
1.7 0.576983203289
1.72 0.573251009627
1.74 0.569225469524
1.76 0.564907328191
1.78 0.560297435749
1.8 0.555396755933
1.82 0.550206375183
1.84 0.544727512152
1.86 0.538961527511
1.88 0.532909934128
1.9 0.526574407481
1.92 0.519956796356
1.94 0.513059133806
1.96 0.505883648151
1.98 0.49843277427
2.0 0.490709164835
2.02 0.482715701622
2.04 0.474455506756
2.06 0.465931953876
2.08 0.457148679021
2.1 0.448109591424
2.12 0.438818883762
2.14 0.429281042152
2.16 0.41950085557
2.18 0.409483424642
2.2 0.39923416984
2.22 0.388758838753
2.24 0.378063512649
2.26 0.367154611953
2.28 0.356038900673
2.3 0.344723489732
2.32 0.333215838983
2.34 0.321523757994
2.36 0.309655405279
2.38 0.297619286223
2.4 0.28542424931
2.42 0.273079480845
2.44 0.260594497899
2.46 0.247979139751
2.48 0.235243557294
2.5 0.222398201026
2.52 0.209453806989
2.54 0.196421381144
2.56 0.183312181884
2.58 0.170137700924
2.6 0.156909642431
2.62 0.143639900658
2.64 0.130340535962
2.66 0.117023749364
2.68 0.103701855829
2.7 0.090387256285
2.72 0.0770924084152
2.74 0.0638297967145
2.76 0.0506119013564
2.78 0.0374511668537
2.8 0.0243599695982
2.82 0.0113505856952
2.84 -0.00156484195389
2.86 -0.0143743361333
2.88 -0.0270661179321
2.9 -0.0396286388063
2.92 -0.0520506121985
2.94 -0.0643210444644
2.96 -0.0764292648312
2.98 -0.0883649544482
3.0 -0.100118174097
3.02 -0.111679390712
3.04 -0.123039502206
3.06 -0.134189860968
3.08 -0.145122295343
3.1 -0.155829129475
3.12 -0.166303201212
3.14 -0.17653787794
3.16 -0.186527070393
3.18 -0.196265244477
3.2 -0.205747430807
3.22 -0.214969232191
3.24 -0.223926828931
3.26 -0.232616982039
3.28 -0.241037034344
3.3 -0.249184909332
3.32 -0.257059108279
3.34 -0.264658705223
3.36 -0.271983339903
3.38 -0.279033209227
3.4 -0.285809056702
3.42 -0.292312160217
3.44 -0.298544318552
3.46 -0.304507836008
3.48 -0.310205506106
3.5 -0.315640593635
3.52 -0.320816815975
3.54 -0.325738322902
3.56 -0.330409676016
3.58 -0.334835826759
3.6 -0.339022094288
3.62 -0.342974142185
3.64 -0.346697955106
3.66 -0.350199814693
3.68 -0.353486275275
3.7 -0.356564139374
3.72 -0.359440432802
3.74 -0.362122380058
3.76 -0.36461737931
3.78 -0.36693297766
3.8 -0.36907684652
3.82 -0.371056757013
3.84 -0.372880555785
3.86 -0.374556141038
3.88 -0.376091438744
3.9 -0.377494379536
3.92 -0.378772875711
3.94 -0.379934798915
3.96 -0.380987958122
3.98 -0.381940078303
4.0 -0.382798779573
4.02 -0.383571556832
4.04 -0.384265760135
4.06 -0.384888575668
4.08 -0.385447007264
4.1 -0.385947858663
4.12 -0.386397716521
4.14 -0.386802934003
4.16 -0.387169615064
4.18 -0.387503599733
4.2 -0.387810449761
4.22 -0.388095435348
4.24 -0.388363522506
4.26 -0.38861936118
4.28 -0.388867274366
4.3 -0.389111247635
4.32 -0.389354920073
4.34 -0.389601575417
4.36 -0.389854134514
4.38 -0.390115148309
4.4 -0.39038679195
4.42 -0.390670859375
4.44 -0.390968759226
4.46 -0.391281511164
4.48 -0.391609743334
4.5 -0.391953690609
4.52 -0.392313193626
4.54 -0.392687698704
4.56 -0.393076258754
4.58 -0.393477534682
4.6 -0.393889798081
4.62 -0.394310934406
4.64 -0.39473844702
4.66 -0.395169462353
4.68 -0.395600735375
4.7 -0.396028656332
4.72 -0.396449258018
4.74 -0.396858223841
4.76 -0.397250896792
4.78 -0.397622289028
4.8 -0.397967092375
4.82 -0.398279689365
4.84 -0.398554165235
4.86 -0.39878432054
4.88 -0.398963684505
4.9 -0.399085529073
4.92 -0.399142883825
4.94 -0.399128551329
4.96 -0.399035123477
4.98 -0.398854998371
5.0 -0.398580397842
5.02 -0.398203385922
5.04 -0.397715887586
5.06 -0.397109708646
5.08 -0.396376555824
5.1 -0.395508057974
5.12 -0.39449578743
5.14 -0.393331282457
5.16 -0.392006069997
5.18 -0.390511689142
5.2 -0.38883971512
5.22 -0.3869817839
5.24 -0.384929617147
5.26 -0.382675047843
5.28 -0.380210046115
5.3 -0.377526745678
5.32 -0.374617470281
5.34 -0.371474760779
5.36 -0.368091401978
5.38 -0.364460449935
5.4 -0.360575259121
5.42 -0.356429509363
5.44 -0.352017232952
5.46 -0.347332841111
5.48 -0.342371150346
5.5 -0.337127408048
5.52 -0.331597317631
5.54 -0.325777062783
5.56 -0.319663330797
5.58 -0.313253334958
5.6 -0.306544835598
5.62 -0.299536159847
5.64 -0.292226219948
5.66 -0.28461452988
5.68 -0.276701220264
5.7 -0.268487051264
5.72 -0.259973423573
5.74 -0.251162387146
5.76 -0.242056647691
5.78 -0.232659570795
5.8 -0.222975183543
5.82 -0.213008173638
5.84 -0.202763885796
5.86 -0.192248315708
5.88 -0.181468101121
5.9 -0.170430510212
5.92 -0.159143427508
5.94 -0.147615336895
5.96 -0.135855302192
5.98 -0.1238729451
6.0 -0.111678420817
6.02 -0.0992823912205
6.04 -0.0866959958817
6.06 -0.0739308211354
6.08 -0.0609988670953
6.1 -0.0479125131759
6.12 -0.0346844818745
6.14 -0.0213278015879
6.16 -0.00785576797105
6.18 0.00571809513856
6.2 0.0193800757374
6.22 0.0331163138148
6.24 0.0469128417508
6.26 0.0607556244955
6.28 0.074630599552
6.3 0.0885237161455
6.32 0.102420973824
6.34 0.116308459815
6.36 0.130172385323
6.38 0.143999120262
6.4 0.157775226558
6.42 0.171487489484
6.44 0.185122947329
6.46 0.198668918837
6.48 0.212113028722
6.5 0.225443230747
6.52 0.23864782882
6.54 0.251715495379
6.56 0.264635287907
6.58 0.277396662603
6.6 0.289989486083
6.62 0.30240404458
6.64 0.314631050788
6.66 0.326661648813
6.68 0.338487416474
6.7 0.350100366084
6.72 0.361492942735
6.74 0.372658021158
6.76 0.383588900503
6.78 0.394279297655
6.8 0.404723338963
6.82 0.414915550571
6.84 0.424850847597
6.86 0.434524521975
6.88 0.443932229516
6.9 0.453069975952
6.92 0.461934102351
6.94 0.470521269766
6.96 0.47882844358
6.98 0.486852877297
7.0 0.494592096188
7.02 0.502043880687
7.04 0.509206249835
7.06 0.516077444593
7.08 0.522655911463
7.1 0.528940286187
7.12 0.53492937771
7.14 0.540622152633
7.16 0.546017719872
7.18 0.55111531598
7.2 0.555914290788
7.22 0.560414093812
7.24 0.564614261105
7.26 0.568514402797
7.28 0.572114191375
7.3 0.575413350508
7.32 0.578411644802
7.34 0.581108870086
7.36 0.583504844665
7.38 0.585599401187
7.4 0.587392379463
7.42 0.588883619955
7.44 0.590072958235
7.46 0.590960220171
7.48 0.591545218043
7.5 0.591827747484
7.52 0.591807585311
7.54 0.591484488252
7.56 0.590858192549
7.58 0.589928414507
7.6 0.588694851907
7.62 0.58715718644
7.64 0.585315086963
7.66 0.58316821379
7.68 0.580716223945
7.7 0.577958777282
7.72 0.574895543688
7.74 0.57152621116
7.76 0.567850494927
7.78 0.563868147444
7.8 0.559578969444
7.82 0.554982821861
7.84 0.550079638631
7.86 0.544869440643
7.88 0.539352350146
7.9 0.533528606437
7.92 0.527398582055
7.94 0.520962799816
7.96 0.514221950589
7.98 0.507176911614
8.0 0.499828765427
8.02 0.492178819269
8.04 0.4842286248
8.06 0.475979998179
8.08 0.46743504027
8.1 0.45859615687
8.12 0.449466078917
8.14 0.440047882437
8.16 0.430345008098
8.18 0.420361280361
8.2 0.410100925842
8.22 0.399568590853
8.24 0.388769358002
8.26 0.377708761565
8.28 0.366392801456
8.3 0.354827955792
8.32 0.343021191605
8.34 0.330979973816
8.36 0.318712272074
8.38 0.306226565427
8.4 0.293531844686
8.42 0.28063761223
8.44 0.267553879268
8.46 0.254291160288
8.48 0.240860464857
8.5 0.227273286279
8.52 0.213541587569
8.54 0.19967778427
8.56 0.185694724325
8.58 0.171605665028
8.6 0.157424246988
8.62 0.14316446525
8.64 0.128840637674
8.66 0.114467370553
8.68 0.100059521974
8.7 0.0856321625485
8.72 0.0712005342112
8.74 0.0567800071384
8.76 0.0423860348021
8.78 0.0280341077902
8.8 0.013739706551
8.82 -0.000481747017366
8.84 -0.0146149379989
8.86 -0.0286447076571
8.88 -0.0425561020638
8.9 -0.0563344205937
8.92 -0.0699652635734
8.94 -0.0834345788428
8.96 -0.0967287070434
8.98 -0.10983442518
9.0 -0.122738988281
9.02 -0.135430168762
9.04 -0.147896293648
9.06 -0.16012627866
9.08 -0.172109659883
9.1 -0.183836622209
9.12 -0.19529802458
9.14 -0.206485422134
9.16 -0.217391084724
9.18 -0.228008012238
9.2 -0.238329946455
9.22 -0.248351379235
9.24 -0.25806755764
9.26 -0.267474485337
9.28 -0.276568920977
9.3 -0.285348373284
9.32 -0.29381109303
9.34 -0.301956062261
9.36 -0.309782980468
9.38 -0.317292248501
9.4 -0.324484949754
9.42 -0.331362829396
9.44 -0.337928271295
9.46 -0.344184273263
9.48 -0.350134420876
9.5 -0.355782859229
9.52 -0.361134264341
9.54 -0.366193812624
9.56 -0.370967150342
9.58 -0.375460361714
9.6 -0.379679937051
9.62 -0.383632740188
9.64 -0.387325976098
9.66 -0.390767158237
9.68 -0.393964076072
9.7 -0.396924762972
9.72 -0.399657464324
9.74 -0.402170606136
9.76 -0.404472764134
9.78 -0.406572633836
9.8 -0.408479000541
9.82 -0.410200711094
9.84 -0.411746645541
9.86 -0.413125690171
9.88 -0.414346711249
9.9 -0.415418529661
9.92 -0.416349896341
9.94 -0.417149469061
9.96 -0.417825789484
9.98 -0.418387261698
10.0 -0.418842131631
10.02 -0.419198466902
10.04 -0.419464138303
10.06 -0.419646801473
10.08 -0.419753880252
10.1 -0.419792550054
10.12 -0.419769722718
10.14 -0.419692032254
10.16 -0.419565820628
10.18 -0.419397125695
10.2 -0.419191668549
10.22 -0.418954842762
10.24 -0.418691703763
10.26 -0.418406959269
10.28 -0.418104960559
10.3 -0.417789694223
10.32 -0.41746477492
10.34 -0.417133438884
10.36 -0.416798538051
10.38 -0.416462535009
10.4 -0.41612749866
10.42 -0.415795100884
10.44 -0.41546661341
10.46 -0.415142906062
10.48 -0.414824445367
10.5 -0.414511294071
10.52 -0.414203111254
10.54 -0.413899153708
10.56 -0.413598277399
10.58 -0.413298940099
10.6 -0.412999205185
10.62 -0.412696745193
10.64 -0.412388847454
10.66 -0.41207241945
10.68 -0.411743995749
10.7 -0.411399745347
10.72 -0.411035480071
10.74 -0.410646663637
10.76 -0.410228421894
10.78 -0.409775553376
10.8 -0.409282541398
10.82 -0.408743566465
10.84 -0.408152519781
10.86 -0.407503017812
10.88 -0.406788417204
10.9 -0.406001831368
10.92 -0.405136147101
10.94 -0.404184042667
10.96 -0.403138006692
10.98 -0.40199035749
11.0 -0.400733263905
11.02 -0.399358766416
11.04 -0.397858799393
11.06 -0.396225214027
11.08 -0.394449802188
11.1 -0.392524320746
11.12 -0.390440516951
11.14 -0.388190154219
11.16 -0.385765038673
11.18 -0.383157046251
11.2 -0.380358150308
11.22 -0.377360449678
11.24 -0.374156197066
11.26 -0.370737827877
11.28 -0.36709798906
11.3 -0.36322956826
11.32 -0.359125722875
11.34 -0.354779908981
11.36 -0.350185910227
11.38 -0.345337866147
11.4 -0.340230300269
11.42 -0.334858147428
11.44 -0.329216780446
11.46 -0.323302035873
11.48 -0.317110238827
11.5 -0.310638226449
11.52 -0.303883370259
11.54 -0.296843596963
11.56 -0.289517407399
11.58 -0.281903894324
11.6 -0.274002757456
11.62 -0.265814317365
11.64 -0.257339526416
11.66 -0.248579978049
11.68 -0.239537913203
11.7 -0.230216224635
11.72 -0.220618458367
11.74 -0.210748812769
11.76 -0.200612134784
11.78 -0.19021391351
11.8 -0.179560271158
11.82 -0.168657951108
11.84 -0.157514303516
11.86 -0.146137268089
11.88 -0.134535354403
11.9 -0.122717619737
11.92 -0.110693644496
11.94 -0.0984735053888
11.96 -0.0860677466404
11.98 -0.073487348997
12.0 -0.0607436972442
12.02 -0.0478485460582
12.04 -0.0348139843413
12.06 -0.0216523987768
12.08 -0.00837643595725
12.1 0.0050010356024
12.12 0.0184669645214
12.14 0.0320081552961
12.16 0.0456113073932
12.18 0.0592630539064
12.2 0.0729499998659
12.22 0.0866587597293
12.24 0.100375994087
12.26 0.114088445178
12.28 0.127782971106
12.3 0.141446578735
12.32 0.155066454656
12.34 0.168629994755
12.36 0.182124831572
12.38 0.195538859828
12.4 0.208860259818
12.42 0.222077518656
12.44 0.235179449305
12.46 0.248155207324
12.48 0.2609943055
12.5 0.273686626065
12.52 0.286222430803
12.54 0.298592368931
12.56 0.310787482876
12.58 0.322799211936
12.6 0.334619393968
12.62 0.346240265269
12.64 0.357654458494
12.66 0.368854999036
12.68 0.379835299767
12.7 0.390589154306
12.72 0.401110729032
12.74 0.41139455382
12.76 0.421435511781
12.78 0.43122882799
12.8 0.440770057488
12.82 0.450055072477
12.84 0.459080049157
12.86 0.467841453857
12.88 0.476336029132
12.9 0.484560779398
12.92 0.492512956647
12.94 0.500190046035
12.96 0.507589751644
12.98 0.514709982363
13.0 0.521548838007
13.02 0.528104595848
13.04 0.534375697443
13.06 0.540360735931
13.08 0.546058443861
13.1 0.551467681543
13.12 0.556587425961
13.14 0.561416760305
13.16 0.56595486417
13.18 0.570201004363
13.2 0.574154526439
13.22 0.577814846843
13.24 0.581181445824
13.26 0.584253861008
13.28 0.587031681615
13.3 0.589514543454
13.32 0.591702124531
13.34 0.59359414138
13.36 0.595190345979
13.38 0.596490523415
13.4 0.597494490193
13.42 0.598202093015
13.44 0.598613208404
13.46 0.598727742787
13.48 0.598545633177
13.5 0.5980668485
13.52 0.59729139145
13.54 0.596219300881
13.56 0.594850654791
13.58 0.593185573827
13.6 0.591224225253
13.62 0.588966827568
13.64 0.586413655469
13.66 0.583565045478
13.68 0.580421401877
13.7 0.576983203289
13.72 0.573251009627
13.74 0.569225469524
13.76 0.56490732819
13.78 0.56029743575
13.8 0.555396755933
13.82 0.550206375183
13.84 0.544727512151
13.86 0.538961527513
13.88 0.532909934129
13.9 0.526574407481
13.92 0.519956796354
13.94 0.513059133806
13.96 0.505883648148
13.98 0.498432774274
14.0 0.490709164833
14.02 0.48271570162
14.04 0.474455506759
14.06 0.465931953873
14.08 0.457148679023
14.1 0.448109591423
14.12 0.438818883764
14.14 0.429281042151
14.16 0.419500855565
14.18 0.409483424651
14.2 0.399234169837
14.22 0.38875883875
14.24 0.378063512649
14.26 0.367154611957
14.28 0.356038900669
14.3 0.344723489732
14.32 0.333215838986
14.34 0.321523757995
14.36 0.309655405278
14.38 0.297619286221
14.4 0.285424249311
14.42 0.273079480847
14.44 0.260594497897
14.46 0.247979139751
14.48 0.235243557292
14.5 0.222398201027
14.52 0.209453806985
14.54 0.196421381147
14.56 0.183312181892
14.58 0.170137700911
14.6 0.156909642435
14.62 0.143639900664
14.64 0.13034053596
14.66 0.117023749358
14.68 0.103701855833
14.7 0.090387256287
14.72 0.0770924084136
14.74 0.0638297967096
14.76 0.050611901365
14.78 0.0374511668496
14.8 0.0243599695961
14.82 0.0113505856936
14.84 -0.00156484194864
14.86 -0.0143743361309
14.88 -0.0270661179398
14.9 -0.039628638799
14.92 -0.0520506122021
14.94 -0.0643210444644
14.96 -0.076429264832
14.98 -0.0883649544465
15.0 -0.100118174095
15.02 -0.111679390716
15.04 -0.123039502211
15.06 -0.134189860964
15.08 -0.145122295341
15.1 -0.155829129476
15.12 -0.166303201216
15.14 -0.176537877932
15.16 -0.186527070397
15.18 -0.196265244481
15.2 -0.205747430799
15.22 -0.214969232197
15.24 -0.223926828926
15.26 -0.232616982046
15.28 -0.241037034337
15.3 -0.249184909333
15.32 -0.257059108287
15.34 -0.264658705213
15.36 -0.271983339901
15.38 -0.279033209237
15.4 -0.285809056698
15.42 -0.292312160217
15.44 -0.298544318547
15.46 -0.304507836017
15.48 -0.310205506098
15.5 -0.315640593643
15.52 -0.320816815973
15.54 -0.325738322899
15.56 -0.330409676015
15.58 -0.33483582676
15.6 -0.339022094286
15.62 -0.342974142189
15.64 -0.346697955108
15.66 -0.350199814684
15.68 -0.353486275283
15.7 -0.356564139364
15.72 -0.359440432811
15.74 -0.362122380056
15.76 -0.364617379311
15.78 -0.366932977658
15.8 -0.369076846519
15.82 -0.371056757017
15.84 -0.372880555787
15.86 -0.37455614103
15.88 -0.376091438747
15.9 -0.377494379537
15.92 -0.378772875712
15.94 -0.379934798911
15.96 -0.380987958124
15.98 -0.381940078303
16.0 -0.382798779573
16.02 -0.383571556825
16.04 -0.384265760148
16.06 -0.384888575664
16.08 -0.38544700726
16.1 -0.385947858665
16.12 -0.386397716524
16.14 -0.386802933999
16.16 -0.387169615066
16.18 -0.387503599733
16.2 -0.387810449761
16.22 -0.38809543535
16.24 -0.388363522498
16.26 -0.388619361189
16.28 -0.388867274359
16.3 -0.389111247645
16.32 -0.389354920065
16.34 -0.389601575422
16.36 -0.389854134509
16.38 -0.390115148311
16.4 -0.390386791951
16.42 -0.390670859374
16.44 -0.390968759226
16.46 -0.391281511164
16.48 -0.391609743334
16.5 -0.391953690609
16.52 -0.392313193626
16.54 -0.392687698704
16.56 -0.393076258754
16.58 -0.393477534682
16.6 -0.393889798081
16.62 -0.394310934406
16.64 -0.39473844702
16.66 -0.395169462353
16.68 -0.395600735375
16.7 -0.396028656332
16.72 -0.396449258018
16.74 -0.396858223841
16.76 -0.397250896792
16.78 -0.397622289021
16.8 -0.397967092389
16.82 -0.398279689354
16.84 -0.398554165238
16.86 -0.398784320549
16.88 -0.398963684495
16.9 -0.399085529072
16.92 -0.399142883828
16.94 -0.399128551325
16.96 -0.399035123481
16.98 -0.398854998376
17.0 -0.398580397838
17.02 -0.398203385922
17.04 -0.39771588759
17.06 -0.397109708639
17.08 -0.396376555827
17.1 -0.395508057974
17.12 -0.394495787431
17.14 -0.393331282455
17.16 -0.392006070001
17.18 -0.390511689131
17.2 -0.388839715134
17.22 -0.386981783894
17.24 -0.384929617147
17.26 -0.382675047843
17.28 -0.380210046115
17.3 -0.377526745678
17.32 -0.374617470277
17.34 -0.371474760791
17.36 -0.368091401966
17.38 -0.364460449939
17.4 -0.36057525912
17.42 -0.35642950937
17.44 -0.352017232941
17.46 -0.347332841117
17.48 -0.342371150346
17.5 -0.337127408052
17.52 -0.331597317623
17.54 -0.325777062783
17.56 -0.319663330802
17.58 -0.313253334956
17.6 -0.306544835602
17.62 -0.29953615984
17.64 -0.292226219955
17.66 -0.284614529877
17.68 -0.276701220264
17.7 -0.268487051264
17.72 -0.259973423574
17.74 -0.251162387142
17.76 -0.242056647688
17.78 -0.232659570806
17.8 -0.222975183537
17.82 -0.213008173636
17.84 -0.202763885795
17.86 -0.192248315715
17.88 -0.181468101118
17.9 -0.170430510211
17.92 -0.159143427507
17.94 -0.147615336898
17.96 -0.13585530219
17.98 -0.123872945098
18.0 -0.111678420823
18.02 -0.0992823912147
18.04 -0.0866959958825
18.06 -0.0739308211306
18.08 -0.0609988671138
18.1 -0.0479125131574
18.12 -0.0346844818803
18.14 -0.0213278015888
18.16 -0.00785576796934
18.18 0.00571809513964
18.2 0.0193800757327
18.22 0.0331163138185
18.24 0.0469128417499
18.26 0.0607556244985
18.28 0.0746305995479
18.3 0.0885237161389
18.32 0.102420973838
18.34 0.11630845981
18.36 0.130172385319
18.38 0.143999120269
18.4 0.157775226554
18.42 0.171487489487
18.44 0.185122947321
18.46 0.198668918844
18.48 0.21211302872
18.5 0.225443230753
18.52 0.238647828801
18.54 0.251715495398
18.56 0.2646352879
18.58 0.277396662598
18.6 0.289989486096
18.62 0.302404044569
18.64 0.314631050798
18.66 0.326661648799
18.68 0.338487416483
18.7 0.350100366079
18.72 0.361492942739
18.74 0.372658021149
18.76 0.383588900511
18.78 0.394279297656
18.8 0.404723338954
18.82 0.414915550581
18.84 0.424850847595
18.86 0.434524521977
18.88 0.443932229509
18.9 0.45306997596
18.92 0.461934102348
18.94 0.470521269766
18.96 0.478828443575
18.98 0.486852877305
19.0 0.494592096186
19.02 0.502043880687
19.04 0.509206249835
19.06 0.516077444593
19.08 0.522655911467
19.1 0.528940286182
19.12 0.534929377709
19.14 0.540622152636
19.16 0.546017719877
19.18 0.551115315973
19.2 0.55591429079
19.22 0.560414093812
19.24 0.564614261104
19.26 0.568514402798
19.28 0.572114191374
19.3 0.575413350508
19.32 0.578411644802
19.34 0.581108870086
19.36 0.583504844665
19.38 0.585599401187
19.4 0.587392379463
19.42 0.588883619955
19.44 0.590072958235
19.46 0.590960220171
19.48 0.591545218043
19.5 0.591827747484
19.52 0.591807585311
19.54 0.591484488252
19.56 0.590858192549
19.58 0.589928414507
19.6 0.588694851907
19.62 0.587157186442
19.64 0.585315086959
19.66 0.58316821379
19.68 0.58071622395
19.7 0.577958777277
19.72 0.574895543687
19.74 0.571526211162
19.76 0.567850494929
19.78 0.56386814744
19.8 0.559578969449
19.82 0.554982821858
19.84 0.550079638633
19.86 0.544869440642
19.88 0.539352350145
19.9 0.533528606439
19.92 0.527398582051
19.94 0.520962799817
19.96 0.514221950594
19.98 0.507176911609
20.0 0.499828765428
20.02 0.492178819269
20.04 0.484228624803
20.06 0.475979998173
20.08 0.467435040268
20.1 0.458596156877
20.12 0.449466078921
20.14 0.440047882428
20.16 0.430345008098
20.18 0.420361280365
20.2 0.410100925844
20.22 0.399568590848
20.24 0.388769358004
20.26 0.377708761573
20.28 0.366392801448
20.3 0.354827955789
20.32 0.343021191609
20.34 0.330979973815
20.36 0.318712272076
20.38 0.306226565421
20.4 0.293531844689
20.42 0.280637612229
20.44 0.267553879272
20.46 0.25429116028
20.48 0.240860464862
20.5 0.227273286278
20.52 0.21354158757
20.54 0.199677784267
20.56 0.185694724324
20.58 0.171605665037
20.6 0.157424246982
20.62 0.14316446525
20.64 0.128840637674
20.66 0.11446737055
20.68 0.100059521981
20.7 0.085632162544
20.72 0.071200534213
20.74 0.0567800071357
20.76 0.042386034805
20.78 0.02803410779
20.8 0.0137397065501
20.82 -0.000481747020077
20.84 -0.0146149379953
20.86 -0.0286447076552
20.88 -0.0425561020618
20.9 -0.0563344206096
20.92 -0.0699652635577
20.94 -0.0834345788463
20.96 -0.0967287070444
20.98 -0.109834425186
21.0 -0.12273898826
21.02 -0.135430168786
21.04 -0.147896293641
21.06 -0.160126278665
21.08 -0.172109659866
21.1 -0.183836622219
21.12 -0.19529802458
21.14 -0.206485422137
21.16 -0.217391084723
21.18 -0.228008012239
21.2 -0.238329946454
21.22 -0.248351379233
21.24 -0.258067557643
21.26 -0.267474485335
21.28 -0.276568920981
21.3 -0.285348373277
21.32 -0.293811093033
21.34 -0.301956062261
21.36 -0.309782980468
21.38 -0.317292248501
21.4 -0.324484949754
21.42 -0.3313628294
21.44 -0.337928271275
21.46 -0.344184273291
21.48 -0.350134420864
21.5 -0.355782859238
21.52 -0.361134264322
21.54 -0.366193812639
21.56 -0.37096715033
21.58 -0.37546036172
21.6 -0.379679937051
21.62 -0.383632740188
21.64 -0.387325976098
21.66 -0.390767158237
21.68 -0.393964076072
21.7 -0.396924762972
21.72 -0.399657464324
21.74 -0.402170606136
21.76 -0.404472764134
21.78 -0.406572633838
21.8 -0.408479000546
21.82 -0.41020071108
21.84 -0.411746645549
21.86 -0.413125690161
21.88 -0.414346711269
21.9 -0.415418529652
21.92 -0.416349896341
21.94 -0.417149469073
21.96 -0.417825789468
21.98 -0.418387261704
22.0 -0.41884213162
22.02 -0.419198466911
22.04 -0.419464138303
22.06 -0.419646801474
22.08 -0.419753880251
22.1 -0.419792550055
22.12 -0.419769722718
22.14 -0.41969203226
22.16 -0.419565820615
22.18 -0.419397125713
22.2 -0.419191668529
22.22 -0.418954842776
22.24 -0.418691703753
22.26 -0.418406959278
22.28 -0.418104960549
22.3 -0.417789694228
22.32 -0.417464774912
22.34 -0.41713343889
22.36 -0.41679853807
22.38 -0.416462534982
22.4 -0.416127498669
22.42 -0.415795100888
22.44 -0.415466613402
22.46 -0.415142906065
22.48 -0.414824445368
22.5 -0.41451129407
22.52 -0.414203111253
22.54 -0.413899153708
22.56 -0.413598277399
22.58 -0.413298940099
22.6 -0.412999205185
22.62 -0.412696745193
22.64 -0.412388847454
22.66 -0.412072419459
22.68 -0.411743995731
22.7 -0.411399745356
22.72 -0.411035480071
22.74 -0.410646663637
22.76 -0.410228421894
22.78 -0.409775553375
22.8 -0.409282541398
22.82 -0.408743566465
22.84 -0.408152519781
22.86 -0.407503017804
22.88 -0.406788417211
22.9 -0.406001831376
22.92 -0.405136147093
22.94 -0.404184042659
22.96 -0.403138006711
22.98 -0.401990357474
23.0 -0.400733263917
23.02 -0.399358766398
23.04 -0.397858799405
23.06 -0.396225214019
23.08 -0.3944498022
23.1 -0.392524320736
23.12 -0.390440516964
23.14 -0.388190154203
23.16 -0.385765038678
23.18 -0.383157046245
23.2 -0.380358150325
23.22 -0.377360449662
23.24 -0.374156197071
23.26 -0.370737827877
23.28 -0.36709798906
23.3 -0.363229568254
23.32 -0.359125722883
23.34 -0.354779908985
23.36 -0.350185910217
23.38 -0.345337866152
23.4 -0.340230300262
23.42 -0.33485814744
23.44 -0.32921678044
23.46 -0.323302035873
23.48 -0.317110238827
23.5 -0.310638226445
23.52 -0.303883370267
23.54 -0.296843596949
23.56 -0.289517407423
23.58 -0.281903894303
23.6 -0.274002757462
23.62 -0.26581431737
23.64 -0.257339526418
23.66 -0.248579978037
23.68 -0.23953791321
23.7 -0.23021622463
23.72 -0.220618458371
23.74 -0.210748812763
23.76 -0.20061213479
23.78 -0.190213913513
23.8 -0.17956027115
23.82 -0.16865795111
23.84 -0.157514303518
23.86 -0.146137268094
23.88 -0.134535354401
23.9 -0.122717619728
23.92 -0.110693644502
23.94 -0.0984735053808
23.96 -0.0860677466543
23.98 -0.0734873489901
24.0 -0.0607436972462
24.02 -0.0478485460532
24.04 -0.0348139843463
24.06 -0.021652398774
24.08 -0.00837643596394
24.1 0.00500103561797
24.12 0.0184669645077
24.14 0.0320081553039
24.16 0.0456113073854
24.18 0.0592630539153
24.2 0.0729499998567
24.22 0.0866587597287
24.24 0.100375994097
24.26 0.114088445173
24.28 0.127782971106
24.3 0.141446578734
24.32 0.155066454656
24.34 0.168629994759
24.36 0.182124831569
24.38 0.195538859831
24.4 0.20886025981
24.42 0.222077518659
24.44 0.235179449308
24.46 0.24815520732
24.48 0.260994305508
24.5 0.273686626056
24.52 0.286222430803
24.54 0.298592368941
24.56 0.310787482871
24.58 0.322799211931
24.6 0.334619393969
24.62 0.346240265271
24.64 0.357654458492
24.66 0.368854999036
24.68 0.37983529977
24.7 0.390589154304
24.72 0.401110729029
24.74 0.411394553827
24.76 0.421435511775
24.78 0.431228827997
24.8 0.440770057477
24.82 0.450055072487
24.84 0.459080049148
24.86 0.467841453859
24.88 0.476336029136
24.9 0.484560779399
24.92 0.492512956644
24.94 0.500190046032
24.96 0.507589751646
24.98 0.514709982367
25.0 0.521548838002
25.02 0.52810459585
25.04 0.534375697442
25.06 0.54036073593
25.08 0.546058443864
25.1 0.551467681544
25.12 0.556587425959
25.14 0.561416760303
25.16 0.565954864168
25.18 0.570201004372
25.2 0.574154526432
25.22 0.577814846845
25.24 0.581181445824
25.26 0.58425386101
25.28 0.587031681611
25.3 0.589514543454
25.32 0.591702124536
25.34 0.593594141382
25.36 0.595190345972
25.38 0.596490523418
25.4 0.597494490193
25.42 0.598202093015
25.44 0.598613208404
25.46 0.598727742787
25.48 0.598545633177
25.5 0.5980668485
25.52 0.59729139145
25.54 0.596219300881
25.56 0.594850654791
25.58 0.593185573827
25.6 0.591224225255
25.62 0.588966827565
25.64 0.586413655471
25.66 0.583565045478
25.68 0.580421401877
25.7 0.576983203287
25.72 0.573251009631
25.74 0.569225469522
25.76 0.564907328191
25.78 0.560297435751
25.8 0.55539675593
25.82 0.550206375183
25.84 0.544727512153
25.86 0.538961527511
25.88 0.532909934126
25.9 0.52657440748
25.92 0.519956796362
25.94 0.513059133802
25.96 0.505883648148
25.98 0.498432774275
26.0 0.490709164833
26.02 0.482715701623
26.04 0.47445550675
26.06 0.46593195388
26.08 0.457148679025
26.1 0.448109591418
26.12 0.438818883763
26.14 0.429281042147
26.16 0.419500855576
26.18 0.409483424645
26.2 0.399234169833
26.22 0.388758838758
26.24 0.378063512651
26.26 0.367154611941
26.28 0.356038900685
26.3 0.344723489722
26.32 0.333215838989
26.34 0.321523757995
26.36 0.309655405273
26.38 0.297619286235
26.4 0.2854242493
26.42 0.273079480843
26.44 0.260594497905
26.46 0.247979139751
26.48 0.235243557287
26.5 0.222398201035
26.52 0.209453806986
26.54 0.196421381139
26.56 0.183312181892
26.58 0.170137700915
26.6 0.156909642438
26.62 0.14363990066
26.64 0.130340535955
26.66 0.11702374937
26.68 0.103701855832
26.7 0.0903872562716
26.72 0.0770924084249
26.74 0.0638297967084
26.76 0.050611901365
26.78 0.0374511668431
26.8 0.0243599696075
26.82 0.0113505856944
26.84 -0.00156484195635
26.86 -0.0143743361362
26.88 -0.02706611793
26.9 -0.0396286388019
26.92 -0.0520506122111
26.94 -0.0643210444465
26.96 -0.0764292648365
26.98 -0.0883649544523
27.0 -0.1001181741
27.02 -0.111679390713
27.04 -0.123039502199
27.06 -0.13418986097
27.08 -0.145122295349
27.1 -0.155829129463
27.12 -0.166303201221
27.14 -0.176537877942
27.16 -0.186527070382
27.18 -0.196265244482
27.2 -0.205747430813
27.22 -0.214969232178
27.24 -0.223926828941
27.26 -0.232616982039
27.28 -0.241037034343
27.3 -0.249184909319
27.32 -0.257059108301
27.34 -0.264658705208
27.36 -0.271983339911
27.38 -0.279033209218
27.4 -0.285809056701
27.42 -0.292312160232
27.44 -0.298544318541
27.46 -0.304507836016
27.48 -0.310205506094
27.5 -0.315640593641
27.52 -0.320816815981
27.54 -0.325738322889
27.56 -0.330409676018
27.58 -0.334835826769
27.6 -0.33902209428
27.62 -0.342974142187
27.64 -0.346697955111
27.66 -0.35019981468
27.68 -0.353486275297
27.7 -0.356564139351
27.72 -0.359440432808
27.74 -0.362122380066
27.76 -0.364617379307
27.78 -0.366932977658
27.8 -0.369076846529
27.82 -0.371056756995
27.84 -0.372880555794
27.86 -0.374556141039
27.88 -0.376091438743
27.9 -0.377494379543
27.92 -0.3787728757
27.94 -0.379934798917
27.96 -0.380987958128
27.98 -0.381940078295
28.0 -0.382798779577
28.02 -0.383571556833
28.04 -0.384265760135
28.06 -0.384888575671
28.08 -0.385447007259
28.1 -0.385947858666
28.12 -0.386397716524
28.14 -0.386802933999
28.16 -0.387169615066
28.18 -0.387503599733
28.2 -0.387810449761
28.22 -0.38809543535
28.24 -0.388363522497
28.26 -0.388619361195
28.28 -0.388867274353
28.3 -0.389111247641
28.32 -0.389354920069
28.34 -0.389601575422
28.36 -0.389854134514
28.38 -0.390115148302
28.4 -0.390386791957
28.42 -0.390670859373
28.44 -0.390968759226
28.46 -0.391281511164
28.48 -0.391609743334
28.5 -0.391953690609
28.52 -0.392313193626
28.54 -0.392687698704
28.56 -0.393076258754
28.58 -0.393477534682
28.6 -0.393889798073
28.62 -0.394310934418
28.64 -0.394738447019
28.66 -0.395169462355
28.68 -0.395600735362
28.7 -0.396028656345
28.72 -0.39644925802
28.74 -0.396858223829
28.76 -0.397250896797
28.78 -0.397622289032
28.8 -0.397967092366
28.82 -0.398279689377
28.84 -0.398554165224
28.86 -0.398784320549
28.88 -0.3989636845
28.9 -0.399085529069
28.92 -0.399142883833
28.94 -0.399128551321
28.96 -0.399035123481
28.98 -0.398854998376
29.0 -0.398580397838
29.02 -0.398203385922
29.04 -0.39771588759
29.06 -0.397109708633
29.08 -0.396376555838
29.1 -0.395508057974
29.12 -0.394495787421
29.14 -0.393331282461
29.16 -0.392006070001
29.18 -0.390511689128
29.2 -0.388839715134
29.22 -0.386981783896
29.24 -0.384929617144
29.26 -0.382675047839
29.28 -0.38021004612
29.3 -0.37752674568
29.32 -0.374617470279
29.34 -0.371474760776
29.36 -0.368091401982
29.38 -0.364460449934
29.4 -0.360575259119
29.42 -0.356429509371
29.44 -0.352017232941
29.46 -0.347332841117
29.48 -0.342371150342
29.5 -0.337127408051
29.52 -0.331597317632
29.54 -0.325777062786
29.56 -0.319663330793
29.58 -0.313253334955
29.6 -0.306544835605
29.62 -0.29953615984
29.64 -0.292226219949
29.66 -0.284614529889
29.68 -0.276701220253
29.7 -0.268487051277
29.72 -0.259973423565
29.74 -0.251162387145
29.76 -0.242056647692
29.78 -0.232659570786
29.8 -0.222975183563
29.82 -0.213008173634
29.84 -0.202763885782
29.86 -0.192248315714
29.88 -0.181468101123
29.9 -0.170430510211
29.92 -0.159143427507
29.94 -0.147615336896
29.96 -0.135855302188
29.98 -0.123872945111
30.0 -0.111678420813
30.02 -0.0992823912186
30.04 -0.0866959958855
30.06 -0.0739308211237
30.08 -0.0609988671099
30.1 -0.047912513169
30.12 -0.0346844818685
30.14 -0.0213278015978
30.16 -0.00785576795773
30.18 0.00571809512439
30.2 0.0193800757365
30.22 0.0331163138298
30.24 0.0469128417336
30.26 0.0607556244985
30.28 0.0746305995604
30.3 0.088523716141
30.32 0.102420973827
30.34 0.116308459813
30.36 0.130172385326
30.38 0.14399912026
30.4 0.157775226557
30.42 0.171487489476
30.44 0.185122947341
30.46 0.198668918835
30.48 0.212113028716
30.5 0.225443230759
30.52 0.238647828806
30.54 0.251715495381
30.56 0.264635287912
30.58 0.277396662599
30.6 0.289989486095
30.62 0.302404044568
30.64 0.314631050798
30.66 0.326661648801
30.68 0.338487416482
30.7 0.350100366072
30.72 0.361492942746
30.74 0.372658021152
30.76 0.3835889005
30.78 0.39427929767
30.8 0.404723338943
30.82 0.414915550586
30.84 0.424850847589
30.86 0.434524521974
30.88 0.443932229523
30.9 0.453069975944
30.92 0.461934102353
30.94 0.470521269767
30.96 0.47882844358
30.98 0.486852877296
31.0 0.494592096188
31.02 0.50204388069
31.04 0.509206249833
31.06 0.516077444593
31.08 0.522655911467
31.1 0.528940286183
31.12 0.534929377709
31.14 0.540622152634
31.16 0.546017719877
31.18 0.551115315976
31.2 0.555914290785
31.22 0.560414093817
31.24 0.5646142611
31.26 0.568514402803
31.28 0.572114191368
31.3 0.575413350511
31.32 0.578411644802
31.34 0.581108870086
31.36 0.583504844665
31.38 0.585599401187
31.4 0.587392379466
31.42 0.588883619949
31.44 0.590072958237
31.46 0.590960220171
31.48 0.591545218043
31.5 0.591827747484
31.52 0.591807585311
31.54 0.591484488252
31.56 0.590858192549
31.58 0.589928414507
31.6 0.588694851907
31.62 0.58715718644
31.64 0.585315086963
31.66 0.583168213788
31.68 0.58071622395
31.7 0.577958777276
31.72 0.574895543689
31.74 0.571526211164
31.76 0.56785049492
31.78 0.563868147451
31.8 0.559578969441
31.82 0.554982821861
31.84 0.550079638631
31.86 0.544869440646
31.88 0.539352350142
31.9 0.533528606438
31.92 0.527398582052
31.94 0.520962799817
31.96 0.514221950593
31.98 0.507176911608
32.0 0.499828765436
32.02 0.492178819264
32.04 0.4842286248
32.06 0.475979998175
32.08 0.467435040277
32.1 0.45859615686
32.12 0.449466078932
32.14 0.440047882418
32.16 0.430345008113
32.18 0.420361280364
32.2 0.410100925828
32.22 0.399568590863
32.24 0.388769357999
32.26 0.377708761563
32.28 0.366392801457
32.3 0.354827955797
32.32 0.3430211916
32.34 0.330979973813
32.36 0.318712272075
32.38 0.306226565425
32.4 0.293531844686
32.42 0.280637612235
32.44 0.267553879273
32.46 0.254291160278
32.48 0.240860464856
32.5 0.227273286282
32.52 0.213541587574
32.54 0.199677784253
32.56 0.185694724345
32.58 0.171605665009
32.6 0.157424247005
32.62 0.143164465253
32.64 0.128840637657
32.66 0.114467370564
32.68 0.100059521972
32.7 0.085632162544
32.72 0.0712005342233
32.74 0.0567800071292
32.76 0.0423860348011
32.78 0.0280341077902
32.8 0.0137397065427
32.82 -0.000481746999811
32.84 -0.0146149380082
32.86 -0.0286447076572
32.88 -0.0425561020534
32.9 -0.0563344206021
32.92 -0.06996526358
32.94 -0.0834345788325
32.96 -0.0967287070405
32.98 -0.109834425206
33.0 -0.122738988246
33.02 -0.135430168785
33.04 -0.147896293642
33.06 -0.160126278654
33.08 -0.172109659893
33.1 -0.183836622196
33.12 -0.195298024587
33.14 -0.206485422145
33.16 -0.217391084707
33.18 -0.228008012247
33.2 -0.238329946452
33.22 -0.248351379238
33.24 -0.258067557652
33.26 -0.267474485314
33.28 -0.276568920992
33.3 -0.28534837327
33.32 -0.293811093037
33.34 -0.301956062257
33.36 -0.309782980484
33.38 -0.317292248476
33.4 -0.324484949774
33.42 -0.331362829407
33.44 -0.337928271271
33.46 -0.344184273269
33.48 -0.350134420884
33.5 -0.355782859219
33.52 -0.36113426435
33.54 -0.366193812619
33.56 -0.370967150342
33.58 -0.375460361722
33.6 -0.379679937036
33.62 -0.383632740196
33.64 -0.387325976098
33.66 -0.390767158237
33.68 -0.393964076069
33.7 -0.396924762978
33.72 -0.399657464315
33.74 -0.402170606148
33.76 -0.404472764128
33.78 -0.40657263384
33.8 -0.408479000543
33.82 -0.410200711079
33.84 -0.411746645541
33.86 -0.41312569019
33.88 -0.414346711236
33.9 -0.415418529669
33.92 -0.416349896345
33.94 -0.417149469057
33.96 -0.417825789476
33.98 -0.418387261694
34.0 -0.418842131639
34.02 -0.419198466911
34.04 -0.419464138284
34.06 -0.419646801483
34.08 -0.419753880252
34.1 -0.419792550054
34.12 -0.419769722718
34.14 -0.41969203226
34.16 -0.419565820615
34.18 -0.419397125689
34.2 -0.419191668576
34.22 -0.418954842753
34.24 -0.418691703753
34.26 -0.418406959273
34.28 -0.418104960559
34.3 -0.417789694212
34.32 -0.417464774943
34.34 -0.417133438871
34.36 -0.416798538052
34.38 -0.416462535008
34.4 -0.416127498672
34.42 -0.415795100864
34.44 -0.415466613414
34.46 -0.415142906066
34.48 -0.414824445376
34.5 -0.414511294051
34.52 -0.414203111263
34.54 -0.413899153708
34.56 -0.413598277399
34.58 -0.413298940099
34.6 -0.412999205185
34.62 -0.412696745193
34.64 -0.412388847454
34.66 -0.41207241945
34.68 -0.411743995737
34.7 -0.411399745366
34.72 -0.41103548007
34.74 -0.410646663631
34.76 -0.410228421887
34.78 -0.409775553391
34.8 -0.40928254139
34.82 -0.408743566465
34.84 -0.40815251978
34.86 -0.407503017813
34.88 -0.406788417195
34.9 -0.406001831384
34.92 -0.405136147093
34.94 -0.404184042667
34.96 -0.403138006692
34.98 -0.40199035749
35.0 -0.400733263913
35.02 -0.399358766398
35.04 -0.397858799405
35.06 -0.396225214025
35.08 -0.394449802179
35.1 -0.392524320761
35.12 -0.390440516949
35.14 -0.388190154215
35.16 -0.385765038673
35.18 -0.383157046238
35.2 -0.380358150334
35.22 -0.377360449671
35.24 -0.37415619705
35.26 -0.370737827891
35.28 -0.367097989048
35.3 -0.363229568276
35.32 -0.359125722872
35.34 -0.354779908973
35.36 -0.350185910234
35.38 -0.345337866141
35.4 -0.340230300269
35.42 -0.33485814743
35.44 -0.329216780442
35.46 -0.323302035877
35.48 -0.317110238831
35.5 -0.310638226445
35.52 -0.303883370259
35.54 -0.296843596957
35.56 -0.289517407411
35.58 -0.281903894311
35.6 -0.27400275747
35.62 -0.26581431735
35.64 -0.257339526434
35.66 -0.248579978047
35.68 -0.239537913185
35.7 -0.23021622465
35.72 -0.220618458351
35.74 -0.210748812792
35.76 -0.200612134777
35.78 -0.190213913501
35.8 -0.179560271161
35.82 -0.168657951109
35.84 -0.157514303514
35.86 -0.146137268093
35.88 -0.134535354399
35.9 -0.12271761974
35.92 -0.110693644496
35.94 -0.0984735053858
35.96 -0.0860677466443
35.98 -0.0734873489873
36.0 -0.0607436972589
36.02 -0.0478485460433
36.04 -0.0348139843601
36.06 -0.0216523987582
36.08 -0.00837643597087
36.1 0.00500103560131
36.12 0.0184669645383
36.14 0.0320081552811
36.16 0.045611307411
36.18 0.0592630538819
36.2 0.0729499998735
36.22 0.0866587597396
36.24 0.100375994078
36.26 0.114088445179
36.28 0.127782971116
36.3 0.141446578723
36.32 0.155066454653
36.34 0.168629994773
36.36 0.182124831558
36.38 0.19553885983
36.4 0.208860259819
36.42 0.222077518658
36.44 0.235179449308
36.46 0.248155207319
36.48 0.260994305494
36.5 0.273686626074
36.52 0.286222430802
36.54 0.298592368922
36.56 0.310787482891
36.58 0.322799211921
36.6 0.334619393984
36.62 0.346240265254
36.64 0.357654458497
36.66 0.36885499905
36.68 0.379835299751
36.7 0.390589154312
36.72 0.401110729033
36.74 0.411394553819
36.76 0.421435511775
36.78 0.431228827998
36.8 0.440770057483
36.82 0.45005507248
36.84 0.459080049155
36.86 0.467841453861
36.88 0.476336029129
36.9 0.4845607794
36.92 0.492512956638
36.94 0.500190046045
36.96 0.507589751642
36.98 0.514709982359
37.0 0.521548838017
37.02 0.528104595838
37.04 0.534375697451
37.06 0.54036073592
37.08 0.546058443861
37.1 0.551467681555
37.12 0.556587425952
37.14 0.561416760307
37.16 0.56595486417
37.18 0.570201004364
37.2 0.574154526434
37.22 0.577814846846
37.24 0.581181445826
37.26 0.584253861006
37.28 0.587031681615
37.3 0.589514543454
37.32 0.591702124533
37.34 0.593594141379
37.36 0.595190345974
37.38 0.596490523421
37.4 0.597494490193
37.42 0.598202093011
37.44 0.598613208409
37.46 0.598727742782
37.48 0.598545633179
37.5 0.598066848503
37.52 0.597291391447
37.54 0.596219300875
37.56 0.594850654801
37.58 0.593185573823
37.6 0.591224225253
37.62 0.588966827568
37.64 0.586413655471
37.66 0.583565045475
37.68 0.580421401879
37.7 0.576983203286
37.72 0.573251009631
37.74 0.569225469523
37.76 0.564907328188
37.78 0.560297435751
37.8 0.555396755935
37.82 0.550206375181
37.84 0.544727512148
37.86 0.538961527517
37.88 0.532909934122
37.9 0.526574407487
37.92 0.519956796347
37.94 0.513059133815
37.96 0.505883648151
37.98 0.49843277426
38.0 0.490709164845
38.02 0.482715701616
38.04 0.474455506759
38.06 0.465931953871
38.08 0.457148679029
38.1 0.44810959142
38.12 0.43881888376
38.14 0.42928104215
38.16 0.419500855574
38.18 0.409483424642
38.2 0.399234169841
38.22 0.388758838756
38.24 0.378063512643
38.26 0.367154611951
38.28 0.356038900677
38.3 0.344723489738
38.32 0.33321583897
38.34 0.321523758008
38.36 0.309655405265
38.38 0.297619286233
38.4 0.285424249317
38.42 0.273079480825
38.44 0.260594497918
38.46 0.247979139741
38.48 0.235243557292
38.5 0.222398201025
38.52 0.209453807002
38.54 0.196421381134
38.56 0.183312181887
38.58 0.170137700919
38.6 0.156909642428
38.62 0.143639900667
38.64 0.130340535959
38.66 0.117023749368
38.68 0.103701855826
38.7 0.0903872562809
38.72 0.0770924084229
38.74 0.0638297967108
38.76 0.05061190135
38.78 0.037451166867
38.8 0.0243599695979
38.82 0.0113505856744
38.84 -0.00156484192831
38.86 -0.0143743361548
38.88 -0.0270661179154
38.9 -0.0396286388148
38.92 -0.0520506121994
38.94 -0.0643210444558
38.96 -0.0764292648378
38.98 -0.0883649544473
39.0 -0.100118174097
39.02 -0.111679390712
39.04 -0.123039502207
39.06 -0.134189860971
39.08 -0.145122295338
39.1 -0.155829129468
39.12 -0.166303201225
39.14 -0.176537877935
39.16 -0.186527070385
39.18 -0.196265244482
39.2 -0.20574743082
39.22 -0.214969232169
39.24 -0.223926828932
39.26 -0.232616982065
39.28 -0.241037034318
39.3 -0.249184909344
39.32 -0.257059108277
39.34 -0.264658705222
39.36 -0.271983339903
39.38 -0.279033209224
39.4 -0.285809056703
39.42 -0.292312160221
39.44 -0.298544318552
39.46 -0.304507836008
39.48 -0.310205506103
39.5 -0.315640593646
39.52 -0.320816815962
39.54 -0.325738322899
39.56 -0.330409676022
39.58 -0.334835826761
39.6 -0.339022094288
39.62 -0.342974142177
39.64 -0.346697955117
39.66 -0.350199814683
39.68 -0.353486275275
39.7 -0.356564139386
39.72 -0.359440432786
39.74 -0.362122380072
39.76 -0.364617379304
39.78 -0.366932977661
39.8 -0.369076846524
39.82 -0.371056756998
39.84 -0.372880555802
39.86 -0.374556141032
39.88 -0.376091438744
39.9 -0.377494379543
39.92 -0.3787728757
39.94 -0.379934798927
39.96 -0.380987958109
39.98 -0.381940078305
