0.0 11.0015221795
0.02 10.9472242699
0.04 10.8928119153
0.06 10.8383170227
0.08 10.7837718083
0.1 10.7292087515
0.12 10.6746605478
0.14 10.6201600606
0.16 10.565740273
0.18 10.5114342385
0.2 10.4572750321
0.22 10.4032957002
0.24 10.3495292123
0.26 10.2960084118
0.28 10.2427659674
0.3 10.1898343261
0.32 10.1372456659
0.34 10.0850318505
0.36 10.0332243851
0.38 9.98185437301
0.4 9.93095247457
0.42 9.88054886734
0.44 9.83067320826
0.46 9.78135459778
0.48 9.73262154596
0.5 9.68450194087
0.52 9.63702301912
0.54 9.59021133873
0.56 9.54409275443
0.58 9.49869239531
0.6 9.45403464494
0.62 9.41014312394
0.64 9.36704067506
0.66 9.3247493507
0.68 9.28329040285
0.7 9.24268427547
0.72 9.20295059925
0.74 9.16410818864
0.76 9.12617504123
0.78 9.08916833919
0.8 9.05310445289
0.82 9.01799894654
0.84 8.98386658572
0.86 8.95072134667
0.88 8.91857642743
0.9 8.88744426042
0.92 8.85733652658
0.94 8.82826417079
0.96 8.80023741857
0.98 8.7732657939
1.0 8.74735813786
1.02 8.72252262824
1.04 8.69876679979
1.06 8.67609756507
1.08 8.65452123564
1.1 8.63404354366
1.12 8.61466966361
1.14 8.59640423404
1.16 8.57925137929
1.18 8.56321473097
1.2 8.54829744911
1.22 8.53450224296
1.24 8.52183139113
1.26 8.51028676123
1.28 8.49986982859
1.3 8.49058169437
1.32 8.4824231025
1.34 8.47539445588
1.36 8.46949583122
1.38 8.46472699302
1.4 8.46108740613
1.42 8.45857624715
1.44 8.45719241452
1.46 8.45693453726
1.48 8.4578009823
1.5 8.45978986044
1.52 8.46289903095
1.54 8.46712610461
1.56 8.47246844546
1.58 8.47892317107
1.6 8.4864871514
1.62 8.49515700626
1.64 8.50492910154
1.66 8.51579954392
1.68 8.52776417447
1.7 8.54081856098
1.72 8.55495798908
1.74 8.57017745233
1.76 8.58647164119
1.78 8.60383493112
1.8 8.62226136972
1.82 8.64174466315
1.84 8.66227816181
1.86 8.68385484539
1.88 8.70646730748
1.9 8.73010773971
1.92 8.75476791561
1.94 8.78043917436
1.96 8.8071124043
1.98 8.83477802663
2.0 8.8634259792
2.02 8.89304570051
2.04 8.92362611421
2.06 8.95515561404
2.08 8.98762204927
2.1 9.02101271111
2.12 9.05531431973
2.14 9.09051301232
2.16 9.12659433225
2.18 9.16354321925
2.2 9.20134400102
2.22 9.23998038604
2.24 9.27943545789
2.26 9.31969167113
2.28 9.36073084868
2.3 9.40253418098
2.32 9.4450822268
2.34 9.48835491597
2.36 9.53233155379
2.38 9.57699082748
2.4 9.62231081446
2.42 9.66826899263
2.44 9.71484225249
2.46 9.76200691147
2.48 9.80973872986
2.5 9.85801292905
2.52 9.90680421139
2.54 9.95608678215
2.56 10.0058343731
2.58 10.0560202681
2.6 10.1066173303
2.62 10.1575980308
2.64 10.2089344792
2.66 10.2605984553
2.68 10.3125614425
2.7 10.3647946621
2.72 10.4172691089
2.74 10.4699555878
2.76 10.5228247511
2.78 10.5758471371
2.8 10.6289932084
2.82 10.6822333916
2.84 10.7355381164
2.86 10.7888778557
2.88 10.8422231649
2.9 10.8955447218
2.92 10.9488133657
2.94 11.0020001358
2.96 11.0550763101
2.98 11.1080134424
3.0 11.1607833985
3.02 11.2133583924
3.04 11.2657110202
3.06 11.3178142931
3.08 11.3696416696
3.1 11.4211670849
3.12 11.4723649801
3.14 11.5232103288
3.16 11.5736786621
3.18 11.6237460922
3.2 11.6733893334
3.22 11.7225857219
3.24 11.7713132328
3.26 11.8195504958
3.28 11.8672768082
3.3 11.9144721469
3.32 11.9611171768
3.34 12.0071932588
3.36 12.0526824546
3.38 12.09756753
3.4 12.1418319564
3.42 12.1854599101
3.44 12.2284362699
3.46 12.2707466128
3.48 12.3123772084
3.5 12.3533150111
3.52 12.3935476511
3.54 12.4330634242
3.56 12.4718512792
3.58 12.5099008054
3.6 12.5472022176
3.62 12.5837463412
3.64 12.6195245951
3.66 12.6545289749
3.68 12.6887520341
3.7 12.7221868654
3.72 12.7548270814
3.74 12.7866667942
3.76 12.8177005949
3.78 12.8479235329
3.8 12.8773310946
3.82 12.9059191823
3.84 12.9336840926
3.86 12.9606224951
3.88 12.9867314111
3.9 13.0120081922
3.92 13.0364504992
3.94 13.0600562815
3.96 13.0828237562
3.98 13.1047513883
4.0 13.1258378708
4.02 13.1460821051
4.04 13.1654831824
4.06 13.1840403652
4.08 13.2017530697
4.1 13.218620848
4.12 13.2346433721
4.14 13.2498204172
4.16 13.264151847
4.18 13.2776375982
4.2 13.2902776669
4.22 13.3020720948
4.24 13.3130209567
4.26 13.3231243484
4.28 13.332382375
4.3 13.3407951405
4.32 13.3483627378
4.34 13.3550852393
4.36 13.360962688
4.38 13.3659950904
4.4 13.3701824084
4.42 13.3735245533
4.44 13.3760213803
4.46 13.3776726826
4.48 13.3784781879
4.5 13.3784375544
4.52 13.3775503678
4.54 13.3758161394
4.56 13.3732343045
4.58 13.3698042219
4.6 13.3655251737
4.62 13.3603963663
4.64 13.3544169322
4.66 13.3475859319
4.68 13.3399023575
4.7 13.3313651366
4.72 13.3219731371
4.74 13.3117251727
4.76 13.3006200095
4.78 13.2886563733
4.8 13.2758329576
4.82 13.262148433
4.84 13.2476014566
4.86 13.2321906833
4.88 13.2159147772
4.9 13.1987724242
4.92 13.1807623452
4.94 13.161883311
4.96 13.1421341569
4.98 13.1215137994
5.0 13.1000212524
5.02 13.0776556456
5.04 13.0544162431
5.06 13.0303024623
5.08 13.0053138948
5.1 12.9794503268
5.12 12.9527117613
5.14 12.9250984399
5.16 12.8966108664
5.18 12.86724983
5.2 12.8370164296
5.22 12.8059120982
5.24 12.7739386283
5.26 12.7410981967
5.28 12.7073933908
5.3 12.6728272338
5.32 12.6374032111
5.34 12.6011252959
5.36 12.5639979753
5.38 12.5260262759
5.4 12.4872157893
5.42 12.4475726971
5.44 12.4071037956
5.46 12.3658165194
5.48 12.3237189652
5.5 12.2808199141
5.52 12.2371288528
5.54 12.1926559944
5.56 12.1474122975
5.58 12.1014094844
5.6 12.0546600574
5.62 12.0071773141
5.64 11.9589753604
5.66 11.9100691228
5.68 11.8604743576
5.7 11.8102076593
5.72 11.7592864658
5.74 11.7077290627
5.76 11.6555545842
5.78 11.6027830127
5.8 11.5494351753
5.82 11.4955327386
5.84 11.4410982001
5.86 11.3861548782
5.88 11.3307268991
5.9 11.2748391808
5.92 11.2185174157
5.94 11.1617880499
5.96 11.1046782598
5.98 11.0472159275
6.0 10.9894296122
6.02 10.9313485209
6.04 10.8730024759
6.06 10.8144218802
6.08 10.7556376819
6.1 10.6966813352
6.12 10.6375847612
6.14 10.5783803059
6.16 10.5191006977
6.18 10.4597790027
6.2 10.4004485799
6.22 10.3411430346
6.24 10.2818961717
6.26 10.222741948
6.28 10.1637144245
6.3 10.1048477182
6.32 10.0461759542
6.34 9.987733218
6.36 9.92955350803
6.38 9.87167068891
6.4 9.81411844556
6.42 9.75693023817
6.44 9.70013925835
6.46 9.64377838661
6.48 9.58788015125
6.5 9.53247668887
6.52 9.47759970669
6.54 9.4232804465
6.56 9.36954965097
6.58 9.31643753154
6.6 9.26397373891
6.62 9.21218733544
6.64 9.16110676995
6.66 9.11075985487
6.68 9.06117374563
6.7 9.01237492253
6.72 8.96438917488
6.74 8.91724158755
6.76 8.87095652988
6.78 8.82555764676
6.8 8.78106785213
6.82 8.73750932449
6.84 8.69490350471
6.86 8.65327109568
6.88 8.6126320641
6.9 8.57300564395
6.92 8.53441034185
6.94 8.49686394391
6.96 8.46038352425
6.98 8.42498545475
7.0 8.39068541615
7.02 8.35749841028
7.04 8.32543877323
7.06 8.29452018942
7.08 8.26475570635
7.1 8.23615774997
7.12 8.20873814039
7.14 8.18250810805
7.16 8.15747830986
7.18 8.13365884552
7.2 8.11105927361
7.22 8.08968862757
7.24 8.06955543119
7.26 8.05066771373
7.28 8.03303302435
7.3 8.01665844591
7.32 8.00155060792
7.34 7.98771569855
7.36 7.97515947576
7.38 7.96388727716
7.4 7.95390402894
7.42 7.94521425331
7.44 7.93782207491
7.46 7.93173122567
7.48 7.9269450484
7.5 7.92346649893
7.52 7.92129814672
7.54 7.92044217414
7.56 7.92090037414
7.58 7.9226741465
7.6 7.92576449254
7.62 7.93017200847
7.64 7.93589687713
7.66 7.94293885851
7.68 7.95129727879
7.7 7.96097101802
7.72 7.97195849667
7.74 7.98425766086
7.76 7.99786596654
7.78 8.01278036254
7.8 8.02899727281
7.82 8.04651257765
7.84 8.06532159418
7.86 8.0854190564
7.88 8.10679909431
7.9 8.129455213
7.92 8.15338027122
7.94 8.17856645984
7.96 8.20500528034
7.98 8.23268752338
8.0 8.26160324759
8.02 8.29174175883
8.04 8.32309158996
8.06 8.35564048133
8.08 8.38937536212
8.1 8.42428233269
8.12 8.46034664804
8.14 8.49755270266
8.16 8.53588401675
8.18 8.57532322408
8.2 8.61585206161
8.22 8.6574513609
8.24 8.70010104163
8.26 8.74378010725
8.28 8.78846664275
8.3 8.83413781498
8.32 8.8807698753
8.34 8.92833816489
8.36 8.9768171226
8.38 9.02618029559
8.4 9.07640035272
8.42 9.12744910074
8.44 9.17929750334
8.46 9.23191570306
8.48 9.28527304606
8.5 9.33933810974
8.52 9.39407873321
8.54 9.44946205051
8.56 9.50545452652
8.58 9.56202199554
8.6 9.61912970243
8.62 9.67674234614
8.64 9.73482412553
8.66 9.79333878737
8.68 9.8522496764
8.7 9.91151978706
8.72 9.97111181702
8.74 10.0309882221
8.76 10.0911112725
8.78 10.1514431098
8.8 10.2119458049
8.82 10.2725814169
8.84 10.3333120516
8.86 10.3940999204
8.88 10.4549073993
8.9 10.5156970871
8.92 10.5764318629
8.94 10.6370749433
8.96 10.6975899373
8.98 10.7579409015
9.0 10.8180923919
9.02 10.8780095153
9.04 10.9376579777
9.06 10.9970041316
9.08 11.0560150195
9.1 11.1146584163
9.12 11.1729028679
9.14 11.2307177279
9.16 11.2880731904
9.18 11.3449403211
9.2 11.4012910836
9.22 11.4570983645
9.24 11.5123359937
9.26 11.5669787624
9.28 11.6210024374
9.3 11.6743837731
9.32 11.7271005189
9.34 11.7791314249
9.36 11.8304562438
9.38 11.88105573
9.4 11.9309116358
9.42 11.9800067051
9.44 12.028324664
9.46 12.0758502092
9.48 12.1225689937
9.5 12.168467611
9.52 12.2135335757
9.54 12.2577553041
9.56 12.3011220912
9.58 12.343624087
9.6 12.3852522713
9.62 12.4259984265
9.64 12.4658551102
9.66 12.5048156259
9.68 12.5428739934
9.7 12.5800249178
9.72 12.6162637592
9.74 12.6515865
9.76 12.6859897143
9.78 12.7194705347
9.8 12.7520266209
9.82 12.7836561276
9.84 12.8143576725
9.86 12.8441303049
9.88 12.8729734742
9.9 12.9008869999
9.92 12.9278710408
9.94 12.9539260659
9.96 12.9790528254
9.98 13.0032523228
10.0 13.0265257879
10.02 13.04887465
10.04 13.070300513
10.06 13.0908051308
10.08 13.1103903838
10.1 13.1290582567
10.12 13.146810817
10.14 13.1636501944
10.16 13.1795785623
10.18 13.194598119
10.2 13.2087110711
10.22 13.2219196174
10.24 13.234225934
10.26 13.2456321608
10.28 13.2561403886
10.3 13.2657526478
10.32 13.2744708978
10.34 13.2822970178
10.36 13.2892327983
10.38 13.295279934
10.4 13.3004400178
10.42 13.3047145351
10.44 13.3081048603
10.46 13.3106122532
10.48 13.3122378575
10.5 13.3129826992
10.52 13.3128476868
10.54 13.311833612
10.56 13.3099411518
10.58 13.3071708712
10.6 13.3035232271
10.62 13.2989985731
10.64 13.293597165
10.66 13.2873191676
10.68 13.2801646624
10.7 13.2721336559
10.72 13.2632260894
10.74 13.253441849
10.76 13.242780777
10.78 13.2312426845
10.8 13.218827364
10.82 13.2055346035
10.84 13.1913642017
10.86 13.1763159834
10.88 13.1603898165
10.9 13.1435856289
10.92 13.1259034274
10.94 13.1073433165
10.96 13.0879055182
10.98 13.0675903927
11.0 13.0463984599
11.02 13.0243304213
11.04 13.0013871824
11.06 12.9775698767
11.08 12.9528798889
11.1 12.9273188794
11.12 12.9008888095
11.14 12.873591966
11.16 12.8454309875
11.18 12.8164088892
11.2 12.78652909
11.22 12.7557954377
11.24 12.7242122355
11.26 12.6917842679
11.28 12.6585168267
11.3 12.6244157364
11.32 12.5894873797
11.34 12.5537387221
11.36 12.5171773357
11.38 12.4798114237
11.4 12.4416498419
11.42 12.4027021213
11.44 12.3629784883
11.46 12.3224898846
11.48 12.2812479854
11.5 12.239265216
11.52 12.1965547676
11.54 12.1531306106
11.56 12.109007507
11.58 12.0642010201
11.6 12.0187275233
11.62 11.9726042056
11.64 11.9258490762
11.66 11.8784809656
11.68 11.8305195261
11.7 11.7819852278
11.72 11.7328993541
11.74 11.6832839937
11.76 11.6331620303
11.78 11.5825571298
11.8 11.5314937249
11.82 11.4799969974
11.84 11.4280928575
11.86 11.3758079213
11.88 11.3231694849
11.9 11.2702054971
11.92 11.2169445289
11.94 11.1634157411
11.96 11.1096488502
11.98 11.0556740913
12.0 11.0015221795
12.02 10.9472242699
12.04 10.8928119153
12.06 10.8383170227
12.08 10.7837718083
12.1 10.7292087515
12.12 10.6746605478
12.14 10.6201600606
12.16 10.565740273
12.18 10.5114342385
12.2 10.4572750321
12.22 10.4032957002
12.24 10.3495292123
12.26 10.2960084118
12.28 10.2427659674
12.3 10.1898343261
12.32 10.1372456659
12.34 10.0850318505
12.36 10.0332243851
12.38 9.98185437301
12.4 9.93095247457
12.42 9.88054886733
12.44 9.83067320827
12.46 9.78135459778
12.48 9.73262154596
12.5 9.68450194087
12.52 9.63702301912
12.54 9.59021133873
12.56 9.54409275443
12.58 9.49869239532
12.6 9.45403464493
12.62 9.41014312394
12.64 9.36704067506
12.66 9.3247493507
12.68 9.28329040285
12.7 9.24268427547
12.72 9.20295059925
12.74 9.16410818864
12.76 9.12617504123
12.78 9.08916833919
12.8 9.0531044529
12.82 9.01799894654
12.84 8.98386658572
12.86 8.95072134667
12.88 8.91857642743
12.9 8.88744426042
12.92 8.85733652658
12.94 8.82826417078
12.96 8.80023741857
12.98 8.7732657939
13.0 8.74735813786
13.02 8.72252262823
13.04 8.69876679979
13.06 8.67609756507
13.08 8.65452123564
13.1 8.63404354366
13.12 8.61466966361
13.14 8.59640423404
13.16 8.57925137929
13.18 8.56321473097
13.2 8.54829744911
13.22 8.53450224296
13.24 8.52183139113
13.26 8.51028676123
13.28 8.49986982859
13.3 8.49058169437
13.32 8.4824231025
13.34 8.47539445588
13.36 8.46949583122
13.38 8.46472699301
13.4 8.46108740613
13.42 8.45857624715
13.44 8.45719241452
13.46 8.45693453726
13.48 8.4578009823
13.5 8.45978986044
13.52 8.46289903095
13.54 8.46712610461
13.56 8.47246844546
13.58 8.47892317107
13.6 8.48648715139
13.62 8.49515700627
13.64 8.50492910154
13.66 8.51579954392
13.68 8.52776417447
13.7 8.54081856098
13.72 8.55495798908
13.74 8.57017745233
13.76 8.58647164119
13.78 8.60383493112
13.8 8.62226136972
13.82 8.64174466315
13.84 8.66227816181
13.86 8.68385484539
13.88 8.70646730748
13.9 8.73010773971
13.92 8.75476791561
13.94 8.78043917436
13.96 8.8071124043
13.98 8.83477802664
14.0 8.86342597919
14.02 8.89304570051
14.04 8.92362611422
14.06 8.95515561403
14.08 8.98762204927
14.1 9.02101271111
14.12 9.05531431973
14.14 9.09051301232
14.16 9.12659433224
14.18 9.16354321925
14.2 9.20134400102
14.22 9.23998038604
14.24 9.27943545789
14.26 9.31969167114
14.28 9.36073084868
14.3 9.40253418098
14.32 9.4450822268
14.34 9.48835491597
14.36 9.53233155378
14.38 9.57699082748
14.4 9.62231081446
14.42 9.66826899263
14.44 9.71484225249
14.46 9.76200691147
14.48 9.80973872986
14.5 9.85801292905
14.52 9.90680421139
14.54 9.95608678215
14.56 10.0058343731
14.58 10.0560202681
14.6 10.1066173303
14.62 10.1575980308
14.64 10.2089344792
14.66 10.2605984553
14.68 10.3125614425
14.7 10.3647946621
14.72 10.4172691089
14.74 10.4699555878
14.76 10.5228247511
14.78 10.5758471371
14.8 10.6289932084
14.82 10.6822333916
14.84 10.7355381164
14.86 10.7888778557
14.88 10.8422231649
14.9 10.8955447218
14.92 10.9488133657
14.94 11.0020001358
14.96 11.0550763101
14.98 11.1080134424
15.0 11.1607833985
15.02 11.2133583924
15.04 11.2657110202
15.06 11.3178142932
15.08 11.3696416696
15.1 11.4211670849
15.12 11.4723649801
15.14 11.5232103288
15.16 11.5736786621
15.18 11.6237460922
15.2 11.6733893334
15.22 11.7225857219
15.24 11.7713132329
15.26 11.8195504958
15.28 11.8672768082
15.3 11.9144721469
15.32 11.9611171768
15.34 12.0071932588
15.36 12.0526824546
15.38 12.09756753
15.4 12.1418319564
15.42 12.1854599101
15.44 12.2284362699
15.46 12.2707466128
15.48 12.3123772084
15.5 12.3533150111
15.52 12.3935476511
15.54 12.4330634242
15.56 12.4718512792
15.58 12.5099008054
15.6 12.5472022176
15.62 12.5837463412
15.64 12.6195245951
15.66 12.6545289749
15.68 12.688752034
15.7 12.7221868654
15.72 12.7548270814
15.74 12.7866667942
15.76 12.8177005949
15.78 12.8479235329
15.8 12.8773310946
15.82 12.9059191822
15.84 12.9336840926
15.86 12.9606224951
15.88 12.9867314111
15.9 13.0120081922
15.92 13.0364504992
15.94 13.0600562815
15.96 13.0828237561
15.98 13.1047513883
16.0 13.1258378708
16.02 13.1460821051
16.04 13.1654831824
16.06 13.1840403653
16.08 13.2017530697
16.1 13.218620848
16.12 13.2346433721
16.14 13.2498204172
16.16 13.264151847
16.18 13.2776375982
16.2 13.2902776669
16.22 13.3020720948
16.24 13.3130209567
16.26 13.3231243484
16.28 13.332382375
16.3 13.3407951405
16.32 13.3483627379
16.34 13.3550852393
16.36 13.3609626881
16.38 13.3659950904
16.4 13.3701824084
16.42 13.3735245533
16.44 13.3760213803
16.46 13.3776726826
16.48 13.3784781879
16.5 13.3784375544
16.52 13.3775503678
16.54 13.3758161394
16.56 13.3732343045
16.58 13.3698042219
16.6 13.3655251737
16.62 13.3603963663
16.64 13.3544169322
16.66 13.3475859319
16.68 13.3399023575
16.7 13.3313651366
16.72 13.3219731371
16.74 13.3117251727
16.76 13.3006200095
16.78 13.2886563733
16.8 13.2758329576
16.82 13.262148433
16.84 13.2476014566
16.86 13.2321906833
16.88 13.2159147773
16.9 13.1987724242
16.92 13.1807623452
16.94 13.161883311
16.96 13.1421341569
16.98 13.1215137994
17.0 13.1000212524
17.02 13.0776556456
17.04 13.0544162431
17.06 13.0303024623
17.08 13.0053138948
17.1 12.9794503268
17.12 12.9527117613
17.14 12.9250984399
17.16 12.8966108664
17.18 12.86724983
17.2 12.8370164296
17.22 12.8059120982
17.24 12.7739386283
17.26 12.7410981967
17.28 12.7073933908
17.3 12.6728272338
17.32 12.6374032111
17.34 12.6011252958
17.36 12.5639979753
17.38 12.5260262759
17.4 12.4872157893
17.42 12.4475726971
17.44 12.4071037956
17.46 12.3658165194
17.48 12.3237189652
17.5 12.2808199141
17.52 12.2371288528
17.54 12.1926559944
17.56 12.1474122975
17.58 12.1014094844
17.6 12.0546600574
17.62 12.0071773141
17.64 11.9589753604
17.66 11.9100691228
17.68 11.8604743576
17.7 11.8102076593
17.72 11.7592864658
17.74 11.7077290627
17.76 11.6555545842
17.78 11.6027830127
17.8 11.5494351753
17.82 11.4955327386
17.84 11.4410982001
17.86 11.3861548782
17.88 11.3307268991
17.9 11.2748391808
17.92 11.2185174157
17.94 11.1617880499
17.96 11.1046782598
17.98 11.0472159275
18.0 10.9894296122
18.02 10.9313485209
18.04 10.8730024759
18.06 10.8144218802
18.08 10.7556376819
18.1 10.6966813352
18.12 10.6375847612
18.14 10.5783803059
18.16 10.5191006977
18.18 10.4597790027
18.2 10.4004485799
18.22 10.3411430346
18.24 10.2818961717
18.26 10.222741948
18.28 10.1637144245
18.3 10.1048477182
18.32 10.0461759542
18.34 9.987733218
18.36 9.92955350803
18.38 9.87167068891
18.4 9.81411844556
18.42 9.75693023817
18.44 9.70013925835
18.46 9.64377838661
18.48 9.58788015125
18.5 9.53247668888
18.52 9.47759970668
18.54 9.42328044652
18.56 9.36954965096
18.58 9.31643753154
18.6 9.26397373891
18.62 9.21218733544
18.64 9.16110676995
18.66 9.11075985487
18.68 9.06117374563
18.7 9.01237492253
18.72 8.96438917488
18.74 8.91724158755
18.76 8.87095652988
18.78 8.82555764676
18.8 8.78106785212
18.82 8.73750932449
18.84 8.69490350471
18.86 8.65327109568
18.88 8.61263206409
18.9 8.57300564395
18.92 8.53441034184
18.94 8.49686394391
18.96 8.46038352425
18.98 8.42498545475
19.0 8.39068541615
19.02 8.35749841028
19.04 8.32543877323
19.06 8.29452018942
19.08 8.26475570635
19.1 8.23615774996
19.12 8.20873814039
19.14 8.18250810805
19.16 8.15747830986
19.18 8.13365884551
19.2 8.11105927361
19.22 8.08968862757
19.24 8.06955543119
19.26 8.05066771373
19.28 8.03303302435
19.3 8.01665844591
19.32 8.00155060792
19.34 7.98771569855
19.36 7.97515947576
19.38 7.96388727716
19.4 7.95390402894
19.42 7.94521425331
19.44 7.93782207491
19.46 7.93173122567
19.48 7.9269450484
19.5 7.92346649893
19.52 7.92129814672
19.54 7.92044217414
19.56 7.92090037414
19.58 7.9226741465
19.6 7.92576449254
19.62 7.93017200847
19.64 7.93589687713
19.66 7.94293885851
19.68 7.95129727879
19.7 7.96097101802
19.72 7.97195849667
19.74 7.98425766086
19.76 7.99786596654
19.78 8.01278036254
19.8 8.02899727282
19.82 8.04651257764
19.84 8.06532159418
19.86 8.0854190564
19.88 8.10679909431
19.9 8.129455213
19.92 8.15338027122
19.94 8.17856645984
19.96 8.20500528035
19.98 8.23268752338
20.0 8.26160324759
20.02 8.29174175883
20.04 8.32309158996
20.06 8.35564048132
20.08 8.38937536212
20.1 8.42428233269
20.12 8.46034664804
20.14 8.49755270266
20.16 8.53588401675
20.18 8.57532322409
20.2 8.61585206161
20.22 8.65745136089
20.24 8.70010104164
20.26 8.74378010726
20.28 8.78846664274
20.3 8.83413781497
20.32 8.8807698753
20.34 8.92833816489
20.36 8.9768171226
20.38 9.02618029558
20.4 9.07640035272
20.42 9.12744910074
20.44 9.17929750335
20.46 9.23191570305
20.48 9.28527304606
20.5 9.33933810974
20.52 9.39407873321
20.54 9.44946205051
20.56 9.50545452651
20.58 9.56202199554
20.6 9.61912970243
20.62 9.67674234614
20.64 9.73482412553
20.66 9.79333878737
20.68 9.8522496764
20.7 9.91151978706
20.72 9.97111181703
20.74 10.0309882221
20.76 10.0911112725
20.78 10.1514431098
20.8 10.2119458049
20.82 10.2725814169
20.84 10.3333120516
20.86 10.3940999204
20.88 10.4549073993
20.9 10.5156970871
20.92 10.5764318629
20.94 10.6370749433
20.96 10.6975899373
20.98 10.7579409015
21.0 10.8180923919
21.02 10.8780095153
21.04 10.9376579777
21.06 10.9970041316
21.08 11.0560150195
21.1 11.1146584163
21.12 11.1729028679
21.14 11.2307177279
21.16 11.2880731904
21.18 11.3449403211
21.2 11.4012910836
21.22 11.4570983645
21.24 11.5123359937
21.26 11.5669787624
21.28 11.6210024374
21.3 11.6743837731
21.32 11.7271005189
21.34 11.7791314249
21.36 11.8304562438
21.38 11.88105573
21.4 11.9309116358
21.42 11.9800067051
21.44 12.028324664
21.46 12.0758502092
21.48 12.1225689937
21.5 12.168467611
21.52 12.2135335757
21.54 12.2577553041
21.56 12.3011220912
21.58 12.343624087
21.6 12.3852522713
21.62 12.4259984265
21.64 12.4658551102
21.66 12.5048156259
21.68 12.5428739934
21.7 12.5800249178
21.72 12.6162637592
21.74 12.6515865
21.76 12.6859897143
21.78 12.7194705347
21.8 12.7520266209
21.82 12.7836561276
21.84 12.8143576725
21.86 12.8441303049
21.88 12.8729734742
21.9 12.9008869999
21.92 12.9278710408
21.94 12.9539260659
21.96 12.9790528254
21.98 13.0032523228
22.0 13.0265257879
22.02 13.04887465
22.04 13.070300513
22.06 13.0908051308
22.08 13.1103903838
22.1 13.1290582567
22.12 13.146810817
22.14 13.1636501944
22.16 13.1795785623
22.18 13.194598119
22.2 13.2087110711
22.22 13.2219196174
22.24 13.234225934
22.26 13.2456321608
22.28 13.2561403886
22.3 13.2657526477
22.32 13.2744708978
22.34 13.2822970178
22.36 13.2892327983
22.38 13.2952799341
22.4 13.3004400178
22.42 13.3047145351
22.44 13.3081048603
22.46 13.3106122532
22.48 13.3122378575
22.5 13.3129826992
22.52 13.3128476868
22.54 13.311833612
22.56 13.3099411518
22.58 13.3071708712
22.6 13.3035232271
22.62 13.2989985731
22.64 13.293597165
22.66 13.2873191676
22.68 13.2801646624
22.7 13.2721336559
22.72 13.2632260894
22.74 13.253441849
22.76 13.242780777
22.78 13.2312426845
22.8 13.218827364
22.82 13.2055346035
22.84 13.1913642017
22.86 13.1763159834
22.88 13.1603898164
22.9 13.1435856289
22.92 13.1259034274
22.94 13.1073433165
22.96 13.0879055181
22.98 13.0675903927
23.0 13.0463984599
23.02 13.0243304213
23.04 13.0013871824
23.06 12.9775698768
23.08 12.9528798889
23.1 12.9273188794
23.12 12.9008888095
23.14 12.873591966
23.16 12.8454309875
23.18 12.8164088893
23.2 12.78652909
23.22 12.7557954377
23.24 12.7242122355
23.26 12.6917842679
23.28 12.6585168267
23.3 12.6244157364
23.32 12.5894873797
23.34 12.553738722
23.36 12.5171773358
23.38 12.4798114237
23.4 12.4416498419
23.42 12.4027021213
23.44 12.3629784883
23.46 12.3224898846
23.48 12.2812479854
23.5 12.239265216
23.52 12.1965547676
23.54 12.1531306106
23.56 12.109007507
23.58 12.0642010201
23.6 12.0187275233
23.62 11.9726042056
23.64 11.9258490762
23.66 11.8784809656
23.68 11.8305195261
23.7 11.7819852278
23.72 11.7328993541
23.74 11.6832839937
23.76 11.6331620303
23.78 11.5825571298
23.8 11.5314937249
23.82 11.4799969974
23.84 11.4280928575
23.86 11.3758079213
23.88 11.3231694849
23.9 11.2702054971
23.92 11.2169445289
23.94 11.1634157411
23.96 11.1096488502
23.98 11.0556740913
24.0 11.0015221795
24.02 10.9472242699
24.04 10.8928119153
24.06 10.8383170227
24.08 10.7837718083
24.1 10.7292087515
24.12 10.6746605478
24.14 10.6201600606
24.16 10.565740273
24.18 10.5114342386
24.2 10.457275032
24.22 10.4032957002
24.24 10.3495292123
24.26 10.2960084118
24.28 10.2427659674
24.3 10.1898343261
24.32 10.1372456659
24.34 10.0850318505
24.36 10.0332243851
24.38 9.98185437301
24.4 9.93095247456
24.42 9.88054886734
24.44 9.83067320827
24.46 9.78135459777
24.48 9.73262154597
24.5 9.68450194087
24.52 9.63702301912
24.54 9.59021133873
24.56 9.54409275443
24.58 9.49869239531
24.6 9.45403464494
24.62 9.41014312394
24.64 9.36704067506
24.66 9.3247493507
24.68 9.28329040285
24.7 9.24268427547
24.72 9.20295059924
24.74 9.16410818865
24.76 9.12617504123
24.78 9.08916833919
24.8 9.05310445289
24.82 9.01799894655
24.84 8.98386658571
24.86 8.95072134667
24.88 8.91857642743
24.9 8.88744426042
24.92 8.85733652658
24.94 8.82826417078
24.96 8.80023741857
24.98 8.77326579391
25.0 8.74735813785
25.02 8.72252262823
25.04 8.69876679979
25.06 8.67609756507
25.08 8.65452123564
25.1 8.63404354366
25.12 8.61466966361
25.14 8.59640423404
25.16 8.57925137929
25.18 8.56321473097
25.2 8.54829744911
25.22 8.53450224296
25.24 8.52183139113
25.26 8.51028676123
25.28 8.49986982859
25.3 8.49058169437
25.32 8.48242310251
25.34 8.47539445588
25.36 8.46949583122
25.38 8.46472699302
25.4 8.46108740613
25.42 8.45857624715
25.44 8.45719241452
25.46 8.45693453726
25.48 8.4578009823
25.5 8.45978986044
25.52 8.46289903095
25.54 8.46712610461
25.56 8.47246844546
25.58 8.47892317107
25.6 8.48648715139
25.62 8.49515700626
25.64 8.50492910154
25.66 8.51579954392
25.68 8.52776417447
25.7 8.54081856098
25.72 8.55495798909
25.74 8.57017745233
25.76 8.58647164119
25.78 8.60383493112
25.8 8.62226136972
25.82 8.64174466315
25.84 8.66227816181
25.86 8.68385484539
25.88 8.70646730748
25.9 8.73010773971
25.92 8.75476791562
25.94 8.78043917436
25.96 8.8071124043
25.98 8.83477802664
26.0 8.86342597919
26.02 8.89304570051
26.04 8.92362611421
26.06 8.95515561404
26.08 8.98762204927
26.1 9.02101271111
26.12 9.05531431973
26.14 9.09051301232
26.16 9.12659433225
26.18 9.16354321925
26.2 9.20134400102
26.22 9.23998038604
26.24 9.27943545789
26.26 9.31969167113
26.28 9.36073084869
26.3 9.40253418097
26.32 9.4450822268
26.34 9.48835491597
26.36 9.53233155378
26.38 9.57699082749
26.4 9.62231081446
26.42 9.66826899263
26.44 9.7148422525
26.46 9.76200691147
26.48 9.80973872985
26.5 9.85801292905
26.52 9.90680421139
26.54 9.95608678214
26.56 10.0058343731
26.58 10.0560202681
26.6 10.1066173303
26.62 10.1575980308
26.64 10.2089344792
26.66 10.2605984553
26.68 10.3125614425
26.7 10.3647946621
26.72 10.4172691089
26.74 10.4699555878
26.76 10.5228247511
26.78 10.5758471371
26.8 10.6289932084
26.82 10.6822333916
26.84 10.7355381164
26.86 10.7888778557
26.88 10.8422231649
26.9 10.8955447218
26.92 10.9488133656
26.94 11.0020001358
26.96 11.0550763101
26.98 11.1080134424
27.0 11.1607833985
27.02 11.2133583924
27.04 11.2657110202
27.06 11.3178142931
27.08 11.3696416696
27.1 11.4211670849
27.12 11.4723649801
27.14 11.5232103287
27.16 11.5736786621
27.18 11.6237460922
27.2 11.6733893334
27.22 11.722585722
27.24 11.7713132328
27.26 11.8195504958
27.28 11.8672768082
27.3 11.9144721469
27.32 11.9611171768
27.34 12.0071932588
27.36 12.0526824546
27.38 12.09756753
27.4 12.1418319564
27.42 12.1854599101
27.44 12.2284362699
27.46 12.2707466128
27.48 12.3123772084
27.5 12.3533150111
27.52 12.3935476511
27.54 12.4330634242
27.56 12.4718512792
27.58 12.5099008054
27.6 12.5472022176
27.62 12.5837463412
27.64 12.6195245951
27.66 12.6545289749
27.68 12.688752034
27.7 12.7221868654
27.72 12.7548270814
27.74 12.7866667942
27.76 12.8177005949
27.78 12.8479235329
27.8 12.8773310946
27.82 12.9059191823
27.84 12.9336840926
27.86 12.9606224951
27.88 12.9867314111
27.9 13.0120081922
27.92 13.0364504992
27.94 13.0600562814
27.96 13.0828237561
27.98 13.1047513883
28.0 13.1258378708
28.02 13.1460821051
28.04 13.1654831824
28.06 13.1840403652
28.08 13.2017530697
28.1 13.218620848
28.12 13.2346433721
28.14 13.2498204172
28.16 13.264151847
28.18 13.2776375982
28.2 13.2902776669
28.22 13.3020720948
28.24 13.3130209567
28.26 13.3231243484
28.28 13.332382375
28.3 13.3407951405
28.32 13.3483627379
28.34 13.3550852393
28.36 13.360962688
28.38 13.3659950904
28.4 13.3701824083
28.42 13.3735245533
28.44 13.3760213803
28.46 13.3776726826
28.48 13.3784781879
28.5 13.3784375544
28.52 13.3775503678
28.54 13.3758161394
28.56 13.3732343045
28.58 13.3698042219
28.6 13.3655251737
28.62 13.3603963663
28.64 13.3544169322
28.66 13.3475859319
28.68 13.3399023575
28.7 13.3313651366
28.72 13.3219731371
28.74 13.3117251728
28.76 13.3006200095
28.78 13.2886563733
28.8 13.2758329576
28.82 13.262148433
28.84 13.2476014566
28.86 13.2321906833
28.88 13.2159147772
28.9 13.1987724242
28.92 13.1807623452
28.94 13.161883311
28.96 13.1421341569
28.98 13.1215137994
29.0 13.1000212524
29.02 13.0776556456
29.04 13.0544162431
29.06 13.0303024623
29.08 13.0053138948
29.1 12.9794503268
29.12 12.9527117613
29.14 12.9250984399
29.16 12.8966108664
29.18 12.86724983
29.2 12.8370164296
29.22 12.8059120982
29.24 12.7739386283
29.26 12.7410981967
29.28 12.7073933908
29.3 12.6728272338
29.32 12.6374032111
29.34 12.6011252959
29.36 12.5639979753
29.38 12.5260262759
29.4 12.4872157893
29.42 12.4475726971
29.44 12.4071037956
29.46 12.3658165194
29.48 12.3237189652
29.5 12.2808199141
29.52 12.2371288528
29.54 12.1926559944
29.56 12.1474122975
29.58 12.1014094844
29.6 12.0546600574
29.62 12.0071773141
29.64 11.9589753604
29.66 11.9100691228
29.68 11.8604743576
29.7 11.8102076593
29.72 11.7592864658
29.74 11.7077290627
29.76 11.6555545842
29.78 11.6027830127
29.8 11.5494351753
29.82 11.4955327386
29.84 11.4410982001
29.86 11.3861548782
29.88 11.3307268991
29.9 11.2748391808
29.92 11.2185174157
29.94 11.1617880499
29.96 11.1046782598
29.98 11.0472159275
30.0 10.9894296122
30.02 10.9313485209
30.04 10.8730024759
30.06 10.8144218802
30.08 10.7556376819
30.1 10.6966813352
30.12 10.6375847612
30.14 10.5783803059
30.16 10.5191006977
30.18 10.4597790027
30.2 10.4004485799
30.22 10.3411430346
30.24 10.2818961717
30.26 10.222741948
30.28 10.1637144245
30.3 10.1048477182
30.32 10.0461759542
30.34 9.987733218
30.36 9.92955350803
30.38 9.8716706889
30.4 9.81411844556
30.42 9.75693023816
30.44 9.70013925836
30.46 9.64377838661
30.48 9.58788015125
30.5 9.53247668888
30.52 9.47759970668
30.54 9.42328044651
30.56 9.36954965097
30.58 9.31643753154
30.6 9.26397373891
30.62 9.21218733544
30.64 9.16110676995
30.66 9.11075985487
30.68 9.06117374563
30.7 9.01237492253
30.72 8.96438917488
30.74 8.91724158755
30.76 8.87095652988
30.78 8.82555764677
30.8 8.78106785212
30.82 8.7375093245
30.84 8.6949035047
30.86 8.65327109568
30.88 8.6126320641
30.9 8.57300564394
30.92 8.53441034185
30.94 8.49686394391
30.96 8.46038352425
30.98 8.42498545475
31.0 8.39068541615
31.02 8.35749841028
31.04 8.32543877323
31.06 8.29452018942
31.08 8.26475570635
31.1 8.23615774996
31.12 8.20873814039
31.14 8.18250810805
31.16 8.15747830986
31.18 8.13365884552
31.2 8.11105927361
31.22 8.08968862757
31.24 8.06955543119
31.26 8.05066771373
31.28 8.03303302435
31.3 8.01665844591
31.32 8.00155060792
31.34 7.98771569855
31.36 7.97515947576
31.38 7.96388727716
31.4 7.95390402894
31.42 7.94521425331
31.44 7.93782207491
31.46 7.93173122567
31.48 7.9269450484
31.5 7.92346649893
31.52 7.92129814672
31.54 7.92044217414
31.56 7.92090037414
31.58 7.9226741465
31.6 7.92576449254
31.62 7.93017200847
31.64 7.93589687713
31.66 7.94293885851
31.68 7.95129727879
31.7 7.96097101802
31.72 7.97195849667
31.74 7.98425766087
31.76 7.99786596653
31.78 8.01278036254
31.8 8.02899727281
31.82 8.04651257765
31.84 8.06532159418
31.86 8.0854190564
31.88 8.10679909431
31.9 8.129455213
31.92 8.15338027122
31.94 8.17856645984
31.96 8.20500528035
31.98 8.23268752338
32.0 8.26160324759
32.02 8.29174175883
32.04 8.32309158996
32.06 8.35564048132
32.08 8.38937536213
32.1 8.42428233268
32.12 8.46034664805
32.14 8.49755270265
32.16 8.53588401676
32.18 8.57532322408
32.2 8.6158520616
32.22 8.6574513609
32.24 8.70010104163
32.26 8.74378010725
32.28 8.78846664275
32.3 8.83413781498
32.32 8.8807698753
32.34 8.92833816488
32.36 8.9768171226
32.38 9.02618029558
32.4 9.07640035272
32.42 9.12744910074
32.44 9.17929750335
32.46 9.23191570305
32.48 9.28527304606
32.5 9.33933810974
32.52 9.39407873322
32.54 9.4494620505
32.56 9.50545452653
32.58 9.56202199552
32.6 9.61912970244
32.62 9.67674234614
32.64 9.73482412552
32.66 9.79333878738
32.68 9.8522496764
32.7 9.91151978706
32.72 9.97111181703
32.74 10.0309882221
32.76 10.0911112725
32.78 10.1514431098
32.8 10.2119458049
32.82 10.2725814169
32.84 10.3333120516
32.86 10.3940999204
32.88 10.4549073993
32.9 10.5156970871
32.92 10.5764318629
32.94 10.6370749433
32.96 10.6975899373
32.98 10.7579409015
33.0 10.8180923919
33.02 10.8780095153
33.04 10.9376579777
33.06 10.9970041316
33.08 11.0560150195
33.1 11.1146584163
33.12 11.1729028679
33.14 11.2307177279
33.16 11.2880731904
33.18 11.3449403211
33.2 11.4012910836
33.22 11.4570983645
33.24 11.5123359937
33.26 11.5669787624
33.28 11.6210024374
33.3 11.6743837731
33.32 11.7271005189
33.34 11.7791314249
33.36 11.8304562438
33.38 11.88105573
33.4 11.9309116358
33.42 11.9800067051
33.44 12.028324664
33.46 12.0758502092
33.48 12.1225689937
33.5 12.168467611
33.52 12.2135335757
33.54 12.2577553041
33.56 12.3011220912
33.58 12.343624087
33.6 12.3852522713
33.62 12.4259984265
33.64 12.4658551102
33.66 12.5048156259
33.68 12.5428739934
33.7 12.5800249178
33.72 12.6162637592
33.74 12.6515865
33.76 12.6859897143
33.78 12.7194705347
33.8 12.7520266209
33.82 12.7836561276
33.84 12.8143576725
33.86 12.8441303048
33.88 12.8729734742
33.9 12.9008869999
33.92 12.9278710408
33.94 12.9539260659
33.96 12.9790528254
33.98 13.0032523228
34.0 13.0265257879
34.02 13.04887465
34.04 13.070300513
34.06 13.0908051308
34.08 13.1103903838
34.1 13.1290582567
34.12 13.146810817
34.14 13.1636501944
34.16 13.1795785623
34.18 13.194598119
34.2 13.2087110711
34.22 13.2219196174
34.24 13.234225934
34.26 13.2456321608
34.28 13.2561403886
34.3 13.2657526478
34.32 13.2744708978
34.34 13.2822970178
34.36 13.2892327983
34.38 13.295279934
34.4 13.3004400178
34.42 13.3047145351
34.44 13.3081048602
34.46 13.3106122532
34.48 13.3122378575
34.5 13.3129826992
34.52 13.3128476868
34.54 13.311833612
34.56 13.3099411518
34.58 13.3071708712
34.6 13.3035232271
34.62 13.2989985731
34.64 13.293597165
34.66 13.2873191676
34.68 13.2801646624
34.7 13.2721336559
34.72 13.2632260894
34.74 13.253441849
34.76 13.242780777
34.78 13.2312426845
34.8 13.218827364
34.82 13.2055346035
34.84 13.1913642017
34.86 13.1763159834
34.88 13.1603898165
34.9 13.1435856288
34.92 13.1259034274
34.94 13.1073433165
34.96 13.0879055182
34.98 13.0675903927
35.0 13.0463984599
35.02 13.0243304213
35.04 13.0013871824
35.06 12.9775698767
35.08 12.9528798889
35.1 12.9273188794
35.12 12.9008888095
35.14 12.873591966
35.16 12.8454309875
35.18 12.8164088893
35.2 12.78652909
35.22 12.7557954377
35.24 12.7242122355
35.26 12.6917842679
35.28 12.6585168267
35.3 12.6244157364
35.32 12.5894873797
35.34 12.5537387221
35.36 12.5171773357
35.38 12.4798114237
35.4 12.4416498419
35.42 12.4027021213
35.44 12.3629784883
35.46 12.3224898846
35.48 12.2812479854
35.5 12.239265216
35.52 12.1965547676
35.54 12.1531306106
35.56 12.109007507
35.58 12.0642010201
35.6 12.0187275233
35.62 11.9726042057
35.64 11.9258490762
35.66 11.8784809656
35.68 11.8305195261
35.7 11.7819852277
35.72 11.7328993541
35.74 11.6832839937
35.76 11.6331620303
35.78 11.5825571298
35.8 11.5314937249
35.82 11.4799969974
35.84 11.4280928575
35.86 11.3758079213
35.88 11.3231694849
35.9 11.2702054971
35.92 11.2169445289
35.94 11.1634157411
35.96 11.1096488502
35.98 11.0556740913
36.0 11.0015221795
36.02 10.9472242699
36.04 10.8928119153
36.06 10.8383170227
36.08 10.7837718083
36.1 10.7292087515
36.12 10.6746605478
36.14 10.6201600606
36.16 10.565740273
36.18 10.5114342385
36.2 10.4572750321
36.22 10.4032957002
36.24 10.3495292123
36.26 10.2960084118
36.28 10.2427659674
36.3 10.1898343261
36.32 10.1372456659
36.34 10.0850318505
36.36 10.0332243851
36.38 9.98185437301
36.4 9.93095247457
36.42 9.88054886734
36.44 9.83067320827
36.46 9.78135459777
36.48 9.73262154596
36.5 9.68450194088
36.52 9.63702301912
36.54 9.59021133872
36.56 9.54409275444
36.58 9.49869239531
36.6 9.45403464494
36.62 9.41014312393
36.64 9.36704067506
36.66 9.32474935071
36.68 9.28329040284
36.7 9.24268427547
36.72 9.20295059925
36.74 9.16410818864
36.76 9.12617504123
36.78 9.08916833919
36.8 9.05310445289
36.82 9.01799894654
36.84 8.98386658572
36.86 8.95072134667
36.88 8.91857642743
36.9 8.88744426043
36.92 8.85733652657
36.94 8.82826417079
36.96 8.80023741857
36.98 8.7732657939
37.0 8.74735813786
37.02 8.72252262823
37.04 8.6987667998
37.06 8.67609756507
37.08 8.65452123564
37.1 8.63404354367
37.12 8.61466966361
37.14 8.59640423404
37.16 8.57925137929
37.18 8.56321473097
37.2 8.54829744911
37.22 8.53450224296
37.24 8.52183139113
37.26 8.51028676123
37.28 8.49986982859
37.3 8.49058169437
37.32 8.4824231025
37.34 8.47539445588
37.36 8.46949583122
37.38 8.46472699302
37.4 8.46108740613
37.42 8.45857624714
37.44 8.45719241452
37.46 8.45693453726
37.48 8.4578009823
37.5 8.45978986044
37.52 8.46289903095
37.54 8.4671261046
37.56 8.47246844547
37.58 8.47892317107
37.6 8.48648715139
37.62 8.49515700627
37.64 8.50492910154
37.66 8.51579954392
37.68 8.52776417447
37.7 8.54081856098
37.72 8.55495798909
37.74 8.57017745233
37.76 8.58647164119
37.78 8.60383493112
37.8 8.62226136972
37.82 8.64174466315
37.84 8.66227816181
37.86 8.6838548454
37.88 8.70646730748
37.9 8.73010773971
37.92 8.75476791561
37.94 8.78043917437
37.96 8.8071124043
37.98 8.83477802663
38.0 8.8634259792
38.02 8.8930457005
38.04 8.92362611422
38.06 8.95515561403
38.08 8.98762204927
38.1 9.02101271111
38.12 9.05531431973
38.14 9.09051301232
38.16 9.12659433225
38.18 9.16354321925
38.2 9.20134400102
38.22 9.23998038604
38.24 9.27943545789
38.26 9.31969167113
38.28 9.36073084869
38.3 9.40253418098
38.32 9.44508222679
38.34 9.48835491598
38.36 9.53233155378
38.38 9.57699082749
38.4 9.62231081447
38.42 9.66826899261
38.44 9.71484225251
38.46 9.76200691146
38.48 9.80973872986
38.5 9.85801292905
38.52 9.9068042114
38.54 9.95608678214
38.56 10.0058343731
38.58 10.0560202681
38.6 10.1066173303
38.62 10.1575980308
38.64 10.2089344792
38.66 10.2605984553
38.68 10.3125614425
38.7 10.3647946621
38.72 10.4172691089
38.74 10.4699555878
38.76 10.5228247511
38.78 10.5758471371
38.8 10.6289932084
38.82 10.6822333916
38.84 10.7355381164
38.86 10.7888778557
38.88 10.8422231649
38.9 10.8955447218
38.92 10.9488133657
38.94 11.0020001358
38.96 11.0550763101
38.98 11.1080134424
39.0 11.1607833985
39.02 11.2133583924
39.04 11.2657110202
39.06 11.3178142931
39.08 11.3696416696
39.1 11.4211670849
39.12 11.4723649801
39.14 11.5232103288
39.16 11.5736786621
39.18 11.6237460922
39.2 11.6733893334
39.22 11.722585722
39.24 11.7713132328
39.26 11.8195504958
39.28 11.8672768082
39.3 11.9144721469
39.32 11.9611171768
39.34 12.0071932588
39.36 12.0526824546
39.38 12.09756753
39.4 12.1418319564
39.42 12.1854599101
39.44 12.2284362699
39.46 12.2707466128
39.48 12.3123772084
39.5 12.3533150111
39.52 12.3935476511
39.54 12.4330634242
39.56 12.4718512792
39.58 12.5099008054
39.6 12.5472022176
39.62 12.5837463412
39.64 12.6195245951
39.66 12.6545289749
39.68 12.6887520341
39.7 12.7221868654
39.72 12.7548270814
39.74 12.7866667942
39.76 12.8177005949
39.78 12.8479235329
39.8 12.8773310946
39.82 12.9059191823
39.84 12.9336840926
39.86 12.9606224951
39.88 12.9867314111
39.9 13.0120081922
39.92 13.0364504992
39.94 13.0600562814
39.96 13.0828237562
39.98 13.1047513883
