0.0 0.00578461867104
0.02 0.00699375336963
0.04 0.00818919672195
0.06 0.00937006986665
0.08 0.0105355277273
0.1 0.0116847609295
0.12 0.0128169976221
0.14 0.0139315051123
0.16 0.0150275913499
0.18 0.0161046062626
0.2 0.0171619428982
0.22 0.0181990384085
0.24 0.0192153748495
0.26 0.0202104798014
0.28 0.021183926814
0.3 0.022135335671
0.32 0.0230643724687
0.34 0.0239707495315
0.36 0.0248542251501
0.38 0.0257146031477
0.4 0.0265517322895
0.42 0.0273655055364
0.44 0.0281558591443
0.46 0.0289227716255
0.48 0.0296662625717
0.5 0.0303863913577
0.52 0.0310832557209
0.54 0.0317569902356
0.56 0.0324077646932
0.58 0.0330357823853
0.6 0.0336412783135
0.62 0.0342245173323
0.64 0.0347857922212
0.66 0.0353254217207
0.68 0.03584374852
0.7 0.0363411372082
0.72 0.0368179722229
0.74 0.0372746557565
0.76 0.037711605688
0.78 0.0381292534936
0.8 0.0385280421804
0.82 0.0389084242374
0.84 0.0392708596087
0.86 0.0396158136939
0.88 0.0399437554011
0.9 0.0402551552198
0.92 0.0405504833643
0.94 0.0408302079529
0.96 0.0410947932497
0.98 0.0413446979725
1.0 0.0415803736495
1.02 0.041802263057
1.04 0.0420107987142
1.06 0.0422064014601
1.08 0.0423894790883
1.1 0.0425604250672
1.12 0.04271961733
1.14 0.042867417141
1.16 0.043004168031
1.18 0.0431301948219
1.2 0.0432458027114
1.22 0.0433512764451
1.24 0.0434468795551
1.26 0.0435328536802
1.28 0.0436094179502
1.3 0.0436767684534
1.32 0.0437350777666
1.34 0.0437844945654
1.36 0.0438251432915
1.38 0.0438571239018
1.4 0.0438805116814
1.42 0.0438953571143
1.44 0.0439016858359
1.46 0.0438994986397
1.48 0.0438887715492
1.5 0.0438694559571
1.52 0.0438414788266
1.54 0.0438047429523
1.56 0.0437591272842
1.58 0.0437044873168
1.6 0.0436406555296
1.62 0.0435674418993
1.64 0.0434846344669
1.66 0.0433919999623
1.68 0.0432892844928
1.7 0.0431762142933
1.72 0.043052496529
1.74 0.0429178201655
1.76 0.0427718568895
1.78 0.0426142620992
1.8 0.0424446759415
1.82 0.0422627244175
1.84 0.0420680205379
1.86 0.0418601655392
1.88 0.0416387501572
1.9 0.0414033559493
1.92 0.0411535566738
1.94 0.0408889197275
1.96 0.0406090076164
1.98 0.0403133794947
2.0 0.0400015927329
2.02 0.0396732045379
2.04 0.0393277736082
2.06 0.0389648618305
2.08 0.0385840359989
2.1 0.0381848695771
2.12 0.0377669444674
2.14 0.0373298528138
2.16 0.0368731988096
2.18 0.0363966005156
2.2 0.0358996916833
2.22 0.0353821235653
2.24 0.03484356673
2.26 0.0342837128443
2.28 0.0337022764395
2.3 0.0330989966434
2.32 0.0324736388726
2.34 0.0318259964839
2.36 0.0311558923567
2.38 0.0304631804314
2.4 0.0297477471612
2.42 0.0290095128998
2.44 0.0282484331871
2.46 0.0274644999651
2.48 0.0266577426625
2.5 0.0258282292046
2.52 0.0249760668817
2.54 0.0241014031156
2.56 0.0232044260872
2.58 0.022285365243
2.6 0.0213444916542
2.62 0.0203821182448
2.64 0.019398599872
2.66 0.0183943332543
2.68 0.017369756759
2.7 0.0163253500392
2.72 0.0152616335056
2.74 0.0141791676756
2.76 0.0130785523346
2.78 0.0119604256025
2.8 0.0108254627902
2.82 0.00967437518627
2.84 0.00850790864883
2.86 0.00732684210743
2.88 0.00613198591847
2.9 0.00492418011596
2.92 0.00370429254777
2.94 0.00247321691347
2.96 0.00123187071505
2.98 -1.88068872145e-05
3.0 -0.00127785726863
3.02 -0.0025443046214
3.04 -0.00381715825586
3.06 -0.00509541497383
3.08 -0.00637806143903
3.1 -0.00766407658276
3.12 -0.00895243401083
3.14 -0.0102421043999
3.16 -0.0115320578754
3.18 -0.0128212663719
3.2 -0.0141087059422
3.22 -0.0153933590199
3.24 -0.0166742166269
3.26 -0.0179502805103
3.28 -0.0192205652057
3.3 -0.0204840999987
3.32 -0.0217399308191
3.34 -0.0229871220233
3.36 -0.0242247580547
3.38 -0.0254519450259
3.4 -0.0266678121643
3.42 -0.0278715131277
3.44 -0.0290622272353
3.46 -0.0302391605259
3.48 -0.0314015467311
3.5 -0.0325486480893
3.52 -0.0336797560604
3.54 -0.0347941918759
3.56 -0.0358913070156
3.58 -0.0369704834947
3.6 -0.0380311340978
3.62 -0.0390727024265
3.64 -0.0400946628882
3.66 -0.0410965205337
3.68 -0.0420778108044
3.7 -0.043038099176
3.72 -0.0439769806857
3.74 -0.0448940794021
3.76 -0.0457890477627
3.78 -0.0466615658628
3.8 -0.0475113406552
3.82 -0.0483381050733
3.84 -0.0491416171037
3.86 -0.0499216587935
3.88 -0.0506780351931
3.9 -0.0514105732827
3.92 -0.0521191208257
3.94 -0.0528035452167
3.96 -0.0534637322791
3.98 -0.0540995850579
4.0 -0.054711022598
4.02 -0.0552979786908
4.04 -0.0558604006483
4.06 -0.0563982480593
4.08 -0.0569114915578
4.1 -0.0574001116046
4.12 -0.057864097294
4.14 -0.0583034451751
4.16 -0.0587181580971
4.18 -0.0591082441128
4.2 -0.0594737153834
4.22 -0.0598145871558
4.24 -0.060130876772
4.26 -0.0604226027234
4.28 -0.060689783783
4.3 -0.0609324381483
4.32 -0.0611505827091
4.34 -0.0613442323111
4.36 -0.0615133991377
4.38 -0.0616580921262
4.4 -0.0617783164841
4.42 -0.0618740732375
4.44 -0.061945358905
4.46 -0.0619921652013
4.48 -0.0620144788428
4.5 -0.0620122814291
4.52 -0.0619855493961
4.54 -0.0619342540445
4.56 -0.0618583616742
4.58 -0.0617578337485
4.6 -0.0616326271945
4.62 -0.0614826947403
4.64 -0.061307985333
4.66 -0.0611084446688
4.68 -0.0608840157414
4.7 -0.0606346395125
4.72 -0.0603602556312
4.74 -0.060060803215
4.76 -0.0597362217208
4.78 -0.0593864518545
4.8 -0.0590114365664
4.82 -0.0586111220759
4.84 -0.0581854589777
4.86 -0.0577344033843
4.88 -0.0572579181181
4.9 -0.0567559739388
4.92 -0.056228550836
4.94 -0.0556756393134
4.96 -0.0550972417415
4.98 -0.0544933737137
5.0 -0.0538640654173
5.02 -0.0532093630413
5.04 -0.0525293301543
5.06 -0.0518240491257
5.08 -0.0510936225014
5.1 -0.0503381744059
5.12 -0.0495578518866
5.14 -0.048752826269
5.16 -0.0479232944564
5.18 -0.0470694801993
5.2 -0.0461916353128
5.22 -0.0452900408467
5.24 -0.0443650081812
5.26 -0.0434168800694
5.28 -0.0424460315801
5.3 -0.0414528709823
5.32 -0.0404378405042
5.34 -0.0394014170273
5.36 -0.0383441126335
5.38 -0.0372664750709
5.4 -0.0361690880833
5.42 -0.0350525715936
5.44 -0.0339175817903
5.46 -0.0327648110289
5.48 -0.0315949876297
5.5 -0.0304088754839
5.52 -0.0292072735361
5.54 -0.0279910150949
5.56 -0.0267609669748
5.58 -0.0255180284999
5.6 -0.0242631303175
5.62 -0.0229972330644
5.64 -0.0217213258695
5.66 -0.0204364246932
5.68 -0.0191435705182
5.7 -0.0178438273785
5.72 -0.0165382802512
5.74 -0.0152280328091
5.76 -0.0139142050369
5.78 -0.0125979307298
5.8 -0.0112803548824
5.82 -0.0099626309675
5.84 -0.00864591812943
5.86 -0.00733137831349
5.88 -0.00602017331505
5.9 -0.00471346177853
5.92 -0.0034123961878
5.94 -0.00211811980631
5.96 -0.000831763638791
5.98 0.000445556613883
6.0 0.00171274354905
6.02 0.00296872103276
6.04 0.00421243709864
6.06 0.00544286676753
6.08 0.00665901478858
6.1 0.00785991825692
6.12 0.00904464913443
6.14 0.0102123166073
6.16 0.0113620693385
6.18 0.0124930975191
6.2 0.013604634794
6.22 0.0146959599845
6.24 0.0157663986466
6.26 0.0168153244184
6.28 0.0178421602029
6.3 0.0188463791195
6.32 0.0198275052784
6.34 0.0207851143402
6.36 0.0217188338742
6.38 0.0226283435176
6.4 0.023513374937
6.42 0.0243737115807
6.44 0.0252091882625
6.46 0.0260196905336
6.48 0.0268051539009
6.5 0.0275655628462
6.52 0.0283009497136
6.54 0.029011393402
6.56 0.029697017958
6.58 0.0303579909896
6.6 0.030994521984
6.62 0.0316068605026
6.64 0.0321952942551
6.66 0.0327601471188
6.68 0.033301777027
6.7 0.0338205738338
6.72 0.0343169570754
6.74 0.0347913737201
6.76 0.035244295849
6.78 0.0356762183251
6.8 0.0360876564356
6.82 0.036479143525
6.84 0.0368512286329
6.86 0.0372044741281
6.88 0.0375394533667
6.9 0.0378567483728
6.92 0.0381569475473
6.94 0.0384406434072
6.96 0.0387084303837
6.98 0.0389609026479
7.0 0.0391986520067
7.02 0.0394222658435
7.04 0.039632325132
7.06 0.039829402499
7.08 0.0400140603731
7.1 0.0401868491926
7.12 0.0403483056832
7.14 0.0404989512251
7.16 0.0406392902776
7.18 0.0407698088972
7.2 0.0408909733194
7.22 0.0410032286328
7.24 0.041106997524
7.26 0.0412026790985
7.28 0.0412906477988
7.3 0.0413712523739
7.32 0.0414448149577
7.34 0.0415116302022
7.36 0.0415719645087
7.38 0.0416260553168
7.4 0.0416741104974
7.42 0.0417163077942
7.44 0.0417527943682
7.46 0.041783686403
7.48 0.0418090687934
7.5 0.041828994912
7.52 0.0418434864474
7.54 0.0418525333233
7.56 0.0418560936955
7.58 0.0418540940208
7.6 0.0418464292082
7.62 0.041832962848
7.64 0.0418135275131
7.66 0.0417879251442
7.68 0.0417559275204
7.7 0.0417172767903
7.72 0.0416716861064
7.74 0.0416188403239
7.76 0.0415583967913
7.78 0.0414899862137
7.8 0.0414132136123
7.82 0.0413276593518
7.84 0.0412328802562
7.86 0.0411284108248
7.88 0.0410137644954
7.9 0.0408884350277
7.92 0.0407518979478
7.94 0.0406036120793
7.96 0.0404430211558
7.98 0.0402695555161
8.0 0.0400826338664
8.02 0.0398816651344
8.04 0.0396660503758
8.06 0.0394351847701
8.08 0.0391884596699
8.1 0.038925264719
8.12 0.0386449900239
8.14 0.0383470283847
8.16 0.0380307775658
8.18 0.0376956426172
8.2 0.0373410382268
8.22 0.0369663910965
8.24 0.0365711423484
8.26 0.0361547499409
8.28 0.0357166910829
8.3 0.035256464654
8.32 0.0347735936009
8.34 0.0342676273209
8.36 0.0337381440007
8.38 0.033184752919
8.4 0.0326070966903
8.42 0.0320048534465
8.44 0.0313777389384
8.46 0.0307255085476
8.48 0.0300479592123
8.5 0.0293449312187
8.52 0.0286163099012
8.54 0.0278620271873
8.56 0.0270820630115
8.58 0.0262764465795
8.6 0.0254452574649
8.62 0.024588626542
8.64 0.0237067367403
8.66 0.0227998236066
8.68 0.0218681756964
8.7 0.0209121347433
8.72 0.0199320956431
8.74 0.0189285062423
8.76 0.0179018668953
8.78 0.0168527298389
8.8 0.0157816983606
8.82 0.014689425733
8.84 0.0135766139986
8.86 0.0124440125027
8.88 0.0112924162809
8.9 0.0101226642355
8.92 0.00893563714766
8.94 0.00773225552575
8.96 0.00651347728883
8.98 0.00528029531698
9.0 0.00403373486646
9.02 0.00277485087457
9.04 0.00150472513956
9.06 0.000224463453416
9.08 -0.00106480737813
9.1 -0.00236194254651
9.12 -0.00366578229627
9.14 -0.0049751550146
9.16 -0.00628888030655
9.18 -0.00760577207486
9.2 -0.00892464158681
9.22 -0.0102443004593
9.24 -0.0115635636399
9.26 -0.012881252272
9.28 -0.0141961965017
9.3 -0.0155072381868
9.32 -0.016813233479
9.34 -0.0181130553147
9.36 -0.019405595742
9.38 -0.0206897681479
9.4 -0.0219645093055
9.42 -0.0232287812984
9.44 -0.0244815732639
9.46 -0.025721902987
9.48 -0.0269488183514
9.5 -0.0281613985666
9.52 -0.0293587553106
9.54 -0.0305400336229
9.56 -0.0317044127134
9.58 -0.0328511065413
9.6 -0.0339793642889
9.62 -0.03508847064
9.64 -0.0361777459473
9.66 -0.0372465462256
9.68 -0.0382942630208
9.7 -0.0393203231519
9.72 -0.0403241883205
9.74 -0.0413053546087
9.76 -0.0422633518536
9.78 -0.0431977429706
9.8 -0.0441081230887
9.82 -0.0449941187151
9.84 -0.0458553867302
9.86 -0.0466916133617
9.88 -0.0475025130868
9.9 -0.0482878274813
9.92 -0.049047324008
9.94 -0.0497807948145
9.96 -0.0504880554336
9.98 -0.051168943513
10.0 -0.0518233175307
10.02 -0.0524510554442
10.04 -0.0530520534187
10.06 -0.0536262244789
10.08 -0.0541734972539
10.1 -0.0546938146528
10.12 -0.0551871326182
10.14 -0.0556534189163
10.16 -0.0560926518677
10.18 -0.0565048192631
10.2 -0.0568899171592
10.22 -0.057247948845
10.24 -0.057578923783
10.26 -0.0578828566269
10.28 -0.05815976631
10.3 -0.0584096751552
10.32 -0.058632608073
10.34 -0.0588285918252
10.36 -0.0589976543384
10.38 -0.0591398240938
10.4 -0.059255129585
10.42 -0.059343598871
10.44 -0.0594052591484
10.46 -0.0594401364609
10.48 -0.0594482554461
10.5 -0.0594296391694
10.52 -0.059384309022
10.54 -0.0593122847421
10.56 -0.059213584449
10.58 -0.0590882247836
10.6 -0.0589362211738
10.62 -0.0587575880628
10.64 -0.0585523393454
10.66 -0.058320488766
10.68 -0.0580620504639
10.7 -0.0577770395533
10.72 -0.0574654727813
10.74 -0.0571273692503
10.76 -0.0567627512223
10.78 -0.05637164494
10.8 -0.0559540815658
10.82 -0.0555100981261
10.84 -0.055039738525
10.86 -0.0545430546216
10.88 -0.0540201073021
10.9 -0.0534709676628
10.92 -0.0528957181422
10.94 -0.0522944537448
10.96 -0.051667283272
10.98 -0.0510143305339
11.0 -0.0503357356323
11.02 -0.0496316561912
11.04 -0.0489022686211
11.06 -0.048147769349
11.08 -0.0473683760658
11.1 -0.0465643288986
11.12 -0.0457358916069
11.14 -0.0448833526972
11.16 -0.0440070265132
11.18 -0.0431072542669
11.2 -0.0421844050057
11.22 -0.0412388765094
11.24 -0.0402710961045
11.26 -0.0392815214114
11.28 -0.0382706409681
11.3 -0.0372389747842
11.32 -0.0361870747672
11.34 -0.0351155250359
11.36 -0.0340249421289
11.38 -0.0329159750588
11.4 -0.031789305268
11.42 -0.0306456464134
11.44 -0.0294857440368
11.46 -0.0283103750697
11.48 -0.0271203472115
11.5 -0.0259164981339
11.52 -0.0246996945577
11.54 -0.0234708311698
11.56 -0.0222308293675
11.58 -0.0209806359158
11.6 -0.0197212213713
11.62 -0.0184535784567
11.64 -0.0171787202209
11.66 -0.0158976781225
11.68 -0.0146114999525
11.7 -0.0133212476706
11.72 -0.0120279951044
11.74 -0.0107328255772
11.76 -0.00943682943389
11.78 -0.00814110148623
11.8 -0.00684673841619
11.82 -0.00555483609944
11.84 -0.00426648691788
11.86 -0.00298277702638
11.88 -0.00170478362355
11.9 -0.000433572218241
11.92 0.000829806079365
11.94 0.00208431724376
11.96 0.00332894695247
11.98 0.00456270317857
12.0 0.00578461867123
12.02 0.00699375336925
12.04 0.00818919672213
12.06 0.00937006986665
12.08 0.0105355277275
12.1 0.0116847609291
12.12 0.0128169976227
12.14 0.0139315051115
12.16 0.0150275913503
12.18 0.0161046062626
12.2 0.0171619428982
12.22 0.0181990384088
12.24 0.0192153748487
12.26 0.0202104798018
12.28 0.021183926814
12.3 0.0221353356713
12.32 0.0230643724682
12.34 0.0239707495315
12.36 0.0248542251506
12.38 0.0257146031475
12.4 0.0265517322897
12.42 0.027365505536
12.44 0.0281558591448
12.46 0.0289227716253
12.48 0.0296662625715
12.5 0.0303863913577
12.52 0.0310832557211
12.54 0.0317569902356
12.56 0.0324077646931
12.58 0.0330357823855
12.6 0.0336412783134
12.62 0.0342245173322
12.64 0.0347857922213
12.66 0.0353254217208
12.68 0.0358437485198
12.7 0.0363411372084
12.72 0.0368179722228
12.74 0.0372746557564
12.76 0.0377116056885
12.78 0.0381292534929
12.8 0.038528042181
12.82 0.0389084242372
12.84 0.0392708596087
12.86 0.0396158136939
12.88 0.039943755401
12.9 0.04025515522
12.92 0.0405504833644
12.94 0.0408302079525
12.96 0.0410947932497
12.98 0.0413446979728
13.0 0.0415803736496
13.02 0.0418022630562
13.04 0.0420107987148
13.06 0.0422064014602
13.08 0.042389479088
13.1 0.042560425067
13.12 0.0427196173305
13.14 0.0428674171408
13.16 0.0430041680311
13.18 0.0431301948217
13.2 0.0432458027115
13.22 0.0433512764451
13.24 0.0434468795551
13.26 0.0435328536802
13.28 0.0436094179504
13.3 0.0436767684532
13.32 0.0437350777664
13.34 0.0437844945656
13.36 0.0438251432915
13.38 0.0438571239016
13.4 0.0438805116815
13.42 0.0438953571143
13.44 0.0439016858359
13.46 0.0438994986397
13.48 0.0438887715492
13.5 0.0438694559571
13.52 0.0438414788266
13.54 0.0438047429523
13.56 0.0437591272842
13.58 0.0437044873168
13.6 0.0436406555294
13.62 0.0435674418997
13.64 0.0434846344667
13.66 0.0433919999623
13.68 0.0432892844928
13.7 0.0431762142933
13.72 0.043052496529
13.74 0.0429178201656
13.76 0.0427718568893
13.78 0.0426142620993
13.8 0.0424446759415
13.82 0.0422627244175
13.84 0.0420680205378
13.86 0.0418601655392
13.88 0.0416387501575
13.9 0.041403355949
13.92 0.0411535566738
13.94 0.0408889197275
13.96 0.0406090076162
13.98 0.0403133794951
14.0 0.0400015927327
14.02 0.0396732045378
14.04 0.0393277736083
14.06 0.0389648618304
14.08 0.0385840359991
14.1 0.038184869577
14.12 0.0377669444674
14.14 0.0373298528139
14.16 0.0368731988091
14.18 0.0363966005166
14.2 0.0358996916827
14.22 0.0353821235652
14.24 0.0348435667299
14.26 0.0342837128447
14.28 0.0337022764391
14.3 0.0330989966433
14.32 0.0324736388728
14.34 0.0318259964841
14.36 0.0311558923566
14.38 0.0304631804312
14.4 0.0297477471612
14.42 0.0290095129001
14.44 0.0282484331869
14.46 0.0274644999652
14.48 0.0266577426622
14.5 0.0258282292049
14.52 0.0249760668813
14.54 0.0241014031158
14.56 0.023204426088
14.58 0.0222853652417
14.6 0.0213444916547
14.62 0.0203821182454
14.64 0.0193985998717
14.66 0.0183943332538
14.68 0.0173697567595
14.7 0.0163253500394
14.72 0.0152616335055
14.74 0.014179167675
14.76 0.0130785523355
14.78 0.0119604256021
14.8 0.01082546279
14.82 0.00967437518617
14.84 0.00850790864922
14.86 0.00732684210775
14.88 0.00613198591777
14.9 0.00492418011655
14.92 0.00370429254748
14.94 0.00247321691347
14.96 0.00123187071483
14.98 -1.88068867735e-05
15.0 -0.00127785726855
15.02 -0.00254430462181
15.04 -0.00381715825604
15.06 -0.00509541497354
15.08 -0.00637806143894
15.1 -0.00766407658285
15.12 -0.00895243401124
15.14 -0.0102421043991
15.16 -0.0115320578758
15.18 -0.0128212663723
15.2 -0.0141087059413
15.22 -0.0153933590203
15.24 -0.016674216627
15.26 -0.0179502805105
15.28 -0.0192205652053
15.3 -0.0204840999986
15.32 -0.0217399308199
15.34 -0.0229871220223
15.36 -0.0242247580545
15.38 -0.0254519450269
15.4 -0.0266678121638
15.42 -0.0278715131277
15.44 -0.0290622272349
15.46 -0.0302391605267
15.48 -0.0314015467303
15.5 -0.0325486480901
15.52 -0.0336797560602
15.54 -0.0347941918758
15.56 -0.0358913070152
15.58 -0.0369704834951
15.6 -0.0380311340975
15.62 -0.0390727024269
15.64 -0.0400946628884
15.66 -0.0410965205329
15.68 -0.0420778108053
15.7 -0.0430380991749
15.72 -0.0439769806865
15.74 -0.0448940794019
15.76 -0.0457890477629
15.78 -0.0466615658624
15.8 -0.0475113406552
15.82 -0.0483381050738
15.84 -0.0491416171039
15.86 -0.0499216587927
15.88 -0.0506780351933
15.9 -0.0514105732829
15.92 -0.0521191208257
15.94 -0.0528035452164
15.96 -0.0534637322793
15.98 -0.0540995850579
16.0 -0.054711022598
16.02 -0.0552979786902
16.04 -0.0558604006496
16.06 -0.0563982480589
16.08 -0.0569114915574
16.1 -0.0574001116048
16.12 -0.0578640972942
16.14 -0.0583034451747
16.16 -0.0587181580973
16.18 -0.0591082441128
16.2 -0.0594737153834
16.22 -0.059814587156
16.24 -0.0601308767713
16.26 -0.060422602724
16.28 -0.0606897837825
16.3 -0.0609324381492
16.32 -0.0611505827083
16.34 -0.0613442323115
16.36 -0.0615133991373
16.38 -0.0616580921264
16.4 -0.0617783164842
16.42 -0.0618740732373
16.44 -0.0619453589052
16.46 -0.0619921652013
16.48 -0.0620144788428
16.5 -0.0620122814291
16.52 -0.0619855493961
16.54 -0.0619342540445
16.56 -0.0618583616742
16.58 -0.0617578337485
16.6 -0.0616326271945
16.62 -0.0614826947403
16.64 -0.061307985333
16.66 -0.0611084446688
16.68 -0.0608840157414
16.7 -0.0606346395125
16.72 -0.0603602556312
16.74 -0.060060803215
16.76 -0.0597362217208
16.78 -0.059386451854
16.8 -0.0590114365675
16.82 -0.058611122075
16.84 -0.058185458978
16.86 -0.0577344033854
16.88 -0.0572579181168
16.9 -0.056755973939
16.92 -0.0562285508361
16.94 -0.0556756393129
16.96 -0.0550972417419
16.98 -0.0544933737141
17.0 -0.0538640654169
17.02 -0.0532093630413
17.04 -0.0525293301545
17.06 -0.0518240491253
17.08 -0.0510936225016
17.1 -0.0503381744059
17.12 -0.0495578518869
17.14 -0.0487528262683
17.16 -0.0479232944568
17.18 -0.0470694801986
17.2 -0.0461916353141
17.22 -0.045290040846
17.24 -0.0443650081812
17.26 -0.0434168800694
17.28 -0.0424460315801
17.3 -0.0414528709823
17.32 -0.0404378405038
17.34 -0.0394014170285
17.36 -0.0383441126323
17.38 -0.0372664750713
17.4 -0.0361690880831
17.42 -0.0350525715948
17.44 -0.0339175817886
17.46 -0.0327648110297
17.48 -0.0315949876297
17.5 -0.0304088754843
17.52 -0.0292072735354
17.54 -0.0279910150949
17.56 -0.0267609669755
17.58 -0.0255180284993
17.6 -0.024263130318
17.62 -0.0229972330638
17.64 -0.0217213258701
17.66 -0.020436424693
17.68 -0.0191435705182
17.7 -0.0178438273786
17.72 -0.0165382802512
17.74 -0.0152280328088
17.76 -0.0139142050363
17.78 -0.0125979307315
17.8 -0.0112803548816
17.82 -0.00996263096706
17.84 -0.00864591812972
17.86 -0.00733137831427
17.88 -0.00602017331439
17.9 -0.00471346177856
17.92 -0.00341239618736
17.94 -0.00211811980719
17.96 -0.00083176363835
17.98 0.000445556614071
18.0 0.00171274354848
18.02 0.00296872103332
18.04 0.00421243709842
18.06 0.00544286676813
18.08 0.00665901478694
18.1 0.00785991825856
18.12 0.00904464913387
18.14 0.0102123166071
18.16 0.0113620693389
18.18 0.012493097519
18.2 0.0136046347934
18.22 0.0146959599851
18.24 0.0157663986464
18.26 0.0168153244185
18.28 0.0178421602027
18.3 0.0188463791187
18.32 0.0198275052797
18.34 0.0207851143397
18.36 0.0217188338738
18.38 0.0226283435184
18.4 0.0235133749366
18.42 0.0243737115809
18.44 0.025209188262
18.46 0.0260196905342
18.48 0.0268051539007
18.5 0.0275655628467
18.52 0.0283009497119
18.54 0.0290113934036
18.56 0.0296970179575
18.58 0.030357990989
18.6 0.0309945219854
18.62 0.0316068605017
18.64 0.0321952942558
18.66 0.0327601471177
18.68 0.0333017770277
18.7 0.0338205738334
18.72 0.034316957076
18.74 0.0347913737192
18.76 0.0352442958497
18.78 0.035676218325
18.8 0.0360876564351
18.82 0.0364791435255
18.84 0.0368512286329
18.86 0.0372044741281
18.88 0.0375394533662
18.9 0.0378567483736
18.92 0.0381569475469
18.94 0.0384406434072
18.96 0.0387084303832
18.98 0.0389609026487
19.0 0.0391986520065
19.02 0.0394222658435
19.04 0.039632325132
19.06 0.0398294024987
19.08 0.0400140603737
19.1 0.040186849192
19.12 0.040348305683
19.14 0.0404989512255
19.16 0.0406392902782
19.18 0.0407698088964
19.2 0.0408909733196
19.22 0.0410032286328
19.24 0.0411069975238
19.26 0.0412026790989
19.28 0.0412906477986
19.3 0.0413712523739
19.32 0.0414448149577
19.34 0.0415116302022
19.36 0.0415719645087
19.38 0.0416260553168
19.4 0.0416741104974
19.42 0.0417163077942
19.44 0.0417527943682
19.46 0.041783686403
19.48 0.0418090687934
19.5 0.041828994912
19.52 0.0418434864474
19.54 0.0418525333233
19.56 0.0418560936955
19.58 0.0418540940208
19.6 0.0418464292082
19.62 0.0418329628482
19.64 0.0418135275127
19.66 0.0417879251442
19.68 0.0417559275207
19.7 0.0417172767902
19.72 0.0416716861062
19.74 0.0416188403241
19.76 0.0415583967915
19.78 0.0414899862134
19.8 0.0414132136129
19.82 0.0413276593512
19.84 0.0412328802564
19.86 0.041128410825
19.88 0.0410137644952
19.9 0.0408884350276
19.92 0.0407518979477
19.94 0.0406036120792
19.96 0.0404430211563
19.98 0.0402695555155
20.0 0.0400826338666
20.02 0.0398816651344
20.04 0.0396660503761
20.06 0.0394351847694
20.08 0.03918845967
20.1 0.0389252647195
20.12 0.0386449900243
20.14 0.0383470283838
20.16 0.0380307775658
20.18 0.0376956426178
20.2 0.0373410382268
20.22 0.0369663910962
20.24 0.0365711423483
20.26 0.0361547499419
20.28 0.0357166910822
20.3 0.0352564646536
20.32 0.0347735936012
20.34 0.034267627321
20.36 0.0337381440011
20.38 0.0331847529185
20.4 0.0326070966901
20.42 0.0320048534468
20.44 0.0313777389385
20.46 0.0307255085472
20.48 0.0300479592129
20.5 0.0293449312185
20.52 0.0286163099012
20.54 0.0278620271871
20.56 0.0270820630113
20.58 0.0262764465804
20.6 0.0254452574641
20.62 0.0245886265425
20.64 0.0237067367398
20.66 0.0227998236067
20.68 0.0218681756969
20.7 0.0209121347427
20.72 0.0199320956436
20.74 0.018928506242
20.76 0.0179018668954
20.78 0.0168527298392
20.8 0.0157816983604
20.82 0.0146894257326
20.84 0.0135766139993
20.86 0.0124440125029
20.88 0.0112924162808
20.9 0.0101226642342
20.92 0.00893563714926
20.94 0.00773225552514
20.96 0.00651347728888
20.98 0.00528029531647
21.0 0.00403373486834
21.02 0.00277485087235
21.04 0.00150472514029
21.06 0.000224463452583
21.08 -0.0010648073761
21.1 -0.00236194254737
21.12 -0.00366578229627
21.14 -0.00497515501526
21.16 -0.00628888030611
21.18 -0.00760577207508
21.2 -0.00892464158659
21.22 -0.0102443004589
21.24 -0.0115635636407
21.26 -0.0128812522713
21.28 -0.0141961965023
21.3 -0.0155072381861
21.32 -0.0168132334793
21.34 -0.0181130553147
21.36 -0.019405595742
21.38 -0.0206897681479
21.4 -0.0219645093055
21.42 -0.0232287812987
21.44 -0.0244815732619
21.46 -0.0257219029899
21.48 -0.0269488183501
21.5 -0.0281613985678
21.52 -0.0293587553083
21.54 -0.0305400336246
21.56 -0.0317044127123
21.58 -0.0328511065419
21.6 -0.0339793642889
21.62 -0.03508847064
21.64 -0.0361777459473
21.66 -0.0372465462256
21.68 -0.0382942630208
21.7 -0.0393203231519
21.72 -0.0403241883205
21.74 -0.0413053546087
21.76 -0.0422633518536
21.78 -0.0431977429711
21.8 -0.0441081230883
21.82 -0.0449941187146
21.84 -0.0458553867306
21.86 -0.0466916133608
21.88 -0.0475025130886
21.9 -0.0482878274804
21.92 -0.049047324008
21.94 -0.0497807948156
21.96 -0.0504880554321
21.98 -0.0511689435138
22.0 -0.051823317529
22.02 -0.0524510554453
22.04 -0.0530520534187
22.06 -0.0536262244791
22.08 -0.0541734972535
22.1 -0.054693814653
22.12 -0.0551871326182
22.14 -0.0556534189168
22.16 -0.0560926518664
22.18 -0.056504819265
22.2 -0.0568899171571
22.22 -0.0572479488465
22.24 -0.0575789237818
22.26 -0.0578828566278
22.28 -0.0581597663093
22.3 -0.0584096751556
22.32 -0.0586326080723
22.34 -0.058828591826
22.36 -0.0589976543399
22.38 -0.0591398240916
22.4 -0.0592551295858
22.42 -0.0593435988714
22.44 -0.0594052591476
22.46 -0.0594401364611
22.48 -0.0594482554465
22.5 -0.0594296391692
22.52 -0.0593843090219
22.54 -0.0593122847424
22.56 -0.0592135844489
22.58 -0.0590882247836
22.6 -0.0589362211738
22.62 -0.0587575880628
22.64 -0.0585523393454
22.66 -0.0583204887668
22.68 -0.0580620504622
22.7 -0.0577770395541
22.72 -0.0574654727813
22.74 -0.0571273692503
22.76 -0.0567627512225
22.78 -0.0563716449398
22.8 -0.0559540815659
22.82 -0.0555100981261
22.84 -0.055039738525
22.86 -0.0545430546209
22.88 -0.0540201073029
22.9 -0.0534709676636
22.92 -0.0528957181414
22.94 -0.052294453744
22.96 -0.0516672832739
22.98 -0.0510143305323
23.0 -0.0503357356335
23.02 -0.0496316561895
23.04 -0.0489022686222
23.06 -0.0481477693483
23.08 -0.047368376067
23.1 -0.0465643288977
23.12 -0.0457358916082
23.14 -0.0448833526956
23.16 -0.0440070265137
23.18 -0.0431072542663
23.2 -0.0421844050074
23.22 -0.0412388765076
23.24 -0.0402710961051
23.26 -0.0392815214114
23.28 -0.0382706409681
23.3 -0.0372389747836
23.32 -0.0361870747679
23.34 -0.0351155250362
23.36 -0.0340249421277
23.38 -0.0329159750599
23.4 -0.031789305267
23.42 -0.0306456464145
23.44 -0.0294857440363
23.46 -0.0283103750697
23.48 -0.0271203472115
23.5 -0.0259164981335
23.52 -0.0246996945585
23.54 -0.0234708311685
23.56 -0.0222308293698
23.58 -0.0209806359139
23.6 -0.0197212213716
23.62 -0.0184535784573
23.64 -0.0171787202211
23.66 -0.0158976781214
23.68 -0.0146114999532
23.7 -0.0133212476702
23.72 -0.0120279951045
23.74 -0.0107328255769
23.76 -0.0094368294342
23.78 -0.00814110148664
23.8 -0.00684673841544
23.82 -0.00555483609963
23.84 -0.00426648691782
23.86 -0.00298277702745
23.88 -0.00170478362311
23.9 -0.000433572217527
23.92 0.000829806079058
23.94 0.00208431724426
23.96 0.00332894695141
23.98 0.0045627031791
24.0 0.00578461867104
24.02 0.0069937533696
24.04 0.00818919672179
24.06 0.00937006986706
24.08 0.0105355277268
24.1 0.0116847609306
24.12 0.0128169976214
24.14 0.0139315051123
24.16 0.0150275913496
24.18 0.0161046062633
24.2 0.0171619428978
24.22 0.0181990384084
24.24 0.0192153748497
24.26 0.0202104798015
24.28 0.021183926814
24.3 0.0221353356713
24.32 0.0230643724681
24.34 0.0239707495317
24.36 0.0248542251504
24.38 0.0257146031479
24.4 0.0265517322888
24.42 0.0273655055364
24.44 0.0281558591449
24.46 0.0289227716249
24.48 0.0296662625723
24.5 0.0303863913571
24.52 0.031083255721
24.54 0.0317569902365
24.56 0.0324077646928
24.58 0.0330357823849
24.6 0.0336412783137
24.62 0.0342245173322
24.64 0.0347857922214
24.66 0.0353254217206
24.68 0.03584374852
24.7 0.0363411372084
24.72 0.0368179722225
24.74 0.037274655757
24.76 0.037711605688
24.78 0.0381292534936
24.8 0.0385280421801
24.82 0.0389084242379
24.84 0.039270859608
24.86 0.0396158136941
24.88 0.0399437554013
24.9 0.04025515522
24.92 0.0405504833642
24.94 0.0408302079522
24.96 0.04109479325
24.98 0.0413446979731
25.0 0.0415803736493
25.02 0.0418022630564
25.04 0.0420107987146
25.06 0.0422064014602
25.08 0.0423894790882
25.1 0.0425604250671
25.12 0.0427196173303
25.14 0.0428674171405
25.16 0.043004168031
25.18 0.0431301948224
25.2 0.043245802711
25.22 0.0433512764452
25.24 0.0434468795551
25.26 0.0435328536804
25.28 0.04360941795
25.3 0.0436767684532
25.32 0.0437350777668
25.34 0.0437844945657
25.36 0.0438251432909
25.38 0.0438571239019
25.4 0.0438805116815
25.42 0.0438953571143
25.44 0.0439016858359
25.46 0.0438994986397
25.48 0.0438887715492
25.5 0.0438694559571
25.52 0.0438414788266
25.54 0.0438047429523
25.56 0.0437591272842
25.58 0.0437044873168
25.6 0.0436406555295
25.62 0.0435674418995
25.64 0.0434846344668
25.66 0.0433919999623
25.68 0.0432892844928
25.7 0.0431762142931
25.72 0.0430524965294
25.74 0.0429178201653
25.76 0.0427718568895
25.78 0.0426142620993
25.8 0.0424446759414
25.82 0.0422627244174
25.84 0.042068020538
25.86 0.0418601655392
25.88 0.0416387501572
25.9 0.0414033559489
25.92 0.0411535566744
25.94 0.0408889197271
25.96 0.0406090076163
25.98 0.0403133794951
26.0 0.0400015927327
26.02 0.039673204538
26.04 0.0393277736077
26.06 0.038964861831
26.08 0.0385840359993
26.1 0.0381848695763
26.12 0.0377669444676
26.14 0.0373298528132
26.16 0.0368731988105
26.18 0.0363966005158
26.2 0.0358996916827
26.22 0.0353821235657
26.24 0.03484356673
26.26 0.0342837128436
26.28 0.0337022764404
26.3 0.0330989966426
26.32 0.0324736388728
26.34 0.0318259964842
26.36 0.0311558923563
26.38 0.0304631804322
26.4 0.0297477471604
26.42 0.0290095128996
26.44 0.0282484331878
26.46 0.0274644999651
26.48 0.0266577426618
26.5 0.0258282292056
26.52 0.0249760668814
26.54 0.0241014031148
26.56 0.023204426088
26.58 0.0222853652423
26.6 0.0213444916547
26.62 0.0203821182451
26.64 0.0193985998715
26.66 0.0183943332547
26.68 0.0173697567594
26.7 0.016325350038
26.72 0.0152616335065
26.74 0.014179167675
26.76 0.0130785523355
26.78 0.0119604256014
26.8 0.010825462791
26.82 0.00967437518639
26.84 0.00850790864852
26.86 0.00732684210701
26.88 0.00613198591902
26.9 0.00492418011613
26.92 0.00370429254644
26.94 0.00247321691555
26.96 0.00123187071431
26.98 -1.88068876233e-05
27.0 -0.00127785726871
27.02 -0.00254430462173
27.04 -0.00381715825492
27.06 -0.00509541497416
27.08 -0.00637806143976
27.1 -0.00766407658129
27.12 -0.00895243401198
27.14 -0.0102421044002
27.16 -0.011532057874
27.18 -0.0128212663726
27.2 -0.0141087059428
27.22 -0.0153933590185
27.24 -0.0166742166282
27.26 -0.0179502805099
27.28 -0.0192205652059
27.3 -0.0204840999974
27.32 -0.0217399308209
27.34 -0.022987122022
27.36 -0.0242247580556
27.38 -0.0254519450246
27.4 -0.0266678121644
27.42 -0.0278715131292
27.44 -0.0290622272343
27.46 -0.0302391605266
27.48 -0.0314015467301
27.5 -0.0325486480898
27.52 -0.0336797560611
27.54 -0.0347941918746
27.56 -0.0358913070158
27.58 -0.0369704834958
27.6 -0.0380311340969
27.62 -0.0390727024267
27.64 -0.0400946628886
27.66 -0.0410965205324
27.68 -0.0420778108069
27.7 -0.0430380991732
27.72 -0.0439769806865
27.74 -0.0448940794027
27.76 -0.0457890477626
27.78 -0.0466615658624
27.8 -0.0475113406564
27.82 -0.0483381050714
27.84 -0.0491416171047
27.86 -0.0499216587936
27.88 -0.0506780351929
27.9 -0.0514105732835
27.92 -0.0521191208244
27.94 -0.0528035452171
27.96 -0.0534637322797
27.98 -0.0540995850571
28.0 -0.0547110225983
28.02 -0.055297978691
28.04 -0.0558604006482
28.06 -0.0563982480597
28.08 -0.0569114915572
28.1 -0.0574001116049
28.12 -0.0578640972942
28.14 -0.0583034451747
28.16 -0.0587181580973
28.18 -0.0591082441128
28.2 -0.0594737153834
28.22 -0.059814587156
28.24 -0.0601308767711
28.26 -0.0604226027249
28.28 -0.0606897837817
28.3 -0.0609324381489
28.32 -0.0611505827086
28.34 -0.0613442323115
28.36 -0.0615133991377
28.38 -0.0616580921256
28.4 -0.0617783164844
28.42 -0.0618740732374
28.44 -0.0619453589052
28.46 -0.0619921652013
28.48 -0.0620144788428
28.5 -0.0620122814291
28.52 -0.0619855493961
28.54 -0.0619342540445
28.56 -0.0618583616742
28.58 -0.0617578337485
28.6 -0.0616326271936
28.62 -0.0614826947416
28.64 -0.0613079853327
28.66 -0.0611084446693
28.68 -0.0608840157399
28.7 -0.0606346395138
28.72 -0.0603602556314
28.74 -0.0600608032137
28.76 -0.0597362217212
28.78 -0.059386451855
28.8 -0.0590114365656
28.82 -0.0586111220772
28.84 -0.0581854589766
28.86 -0.0577344033854
28.88 -0.0572579181175
28.9 -0.0567559739384
28.92 -0.0562285508369
28.94 -0.0556756393125
28.96 -0.0550972417419
28.98 -0.0544933737141
29.0 -0.0538640654169
29.02 -0.0532093630413
29.04 -0.0525293301545
29.06 -0.0518240491247
29.08 -0.0510936225025
29.1 -0.0503381744066
29.12 -0.049557851885
29.14 -0.0487528262696
29.16 -0.0479232944568
29.18 -0.0470694801979
29.2 -0.0461916353141
29.22 -0.0452900408467
29.24 -0.0443650081806
29.26 -0.0434168800695
29.28 -0.0424460315802
29.3 -0.0414528709826
29.32 -0.0404378405043
29.34 -0.0394014170269
29.36 -0.0383441126339
29.38 -0.037266475071
29.4 -0.0361690880827
29.42 -0.035052571595
29.44 -0.0339175817886
29.46 -0.0327648110297
29.48 -0.0315949876293
29.5 -0.0304088754841
29.52 -0.0292072735366
29.54 -0.0279910150951
29.56 -0.0267609669744
29.58 -0.0255180284996
29.6 -0.0242631303181
29.62 -0.0229972330638
29.64 -0.0217213258695
29.66 -0.0204364246941
29.68 -0.0191435705171
29.7 -0.0178438273796
29.72 -0.0165382802503
29.74 -0.0152280328093
29.76 -0.0139142050367
29.78 -0.0125979307291
29.8 -0.0112803548845
29.82 -0.00996263096687
29.84 -0.00864591812836
29.86 -0.00733137831405
29.88 -0.00602017331499
29.9 -0.00471346177856
29.92 -0.00341239618736
29.94 -0.00211811980678
29.96 -0.000831763638415
29.98 0.000445556612977
30.0 0.00171274354942
30.02 0.00296872103295
30.04 0.00421243709827
30.06 0.00544286676865
30.08 0.00665901478731
30.1 0.00785991825745
30.12 0.00904464913473
30.14 0.0102123166066
30.16 0.01136206934
30.18 0.0124930975173
30.2 0.0136046347938
30.22 0.0146959599865
30.24 0.0157663986447
30.26 0.0168153244185
30.28 0.0178421602041
30.3 0.0188463791186
30.32 0.0198275052788
30.34 0.02078511434
30.36 0.0217188338743
30.38 0.0226283435177
30.4 0.0235133749367
30.42 0.02437371158
30.44 0.0252091882636
30.46 0.0260196905335
30.48 0.0268051539003
30.5 0.0275655628473
30.52 0.0283009497123
30.54 0.0290113934022
30.56 0.0296970179583
30.58 0.0303579909895
30.6 0.0309945219849
30.62 0.0316068605017
30.64 0.0321952942558
30.66 0.0327601471179
30.68 0.0333017770277
30.7 0.0338205738326
30.72 0.0343169570765
30.74 0.0347913737196
30.76 0.0352442958488
30.78 0.0356762183263
30.8 0.036087656434
30.82 0.0364791435261
30.84 0.0368512286326
30.86 0.0372044741276
30.88 0.0375394533677
30.9 0.0378567483718
30.92 0.0381569475475
30.94 0.0384406434076
30.96 0.0387084303835
30.98 0.0389609026477
31.0 0.039198652007
31.02 0.0394222658436
31.04 0.0396323251318
31.06 0.0398294024987
31.08 0.0400140603737
31.1 0.040186849192
31.12 0.0403483056833
31.14 0.0404989512253
31.16 0.040639290278
31.18 0.0407698088968
31.2 0.040890973319
31.22 0.0410032286336
31.24 0.0411069975232
31.26 0.0412026790993
31.28 0.0412906477983
31.3 0.041371252374
31.32 0.0414448149577
31.34 0.0415116302022
31.36 0.0415719645087
31.38 0.0416260553168
31.4 0.0416741104978
31.42 0.0417163077934
31.44 0.0417527943686
31.46 0.041783686403
31.48 0.0418090687934
31.5 0.041828994912
31.52 0.0418434864474
31.54 0.0418525333233
31.56 0.0418560936955
31.58 0.0418540940208
31.6 0.0418464292082
31.62 0.0418329628483
31.64 0.0418135275126
31.66 0.0417879251443
31.68 0.0417559275207
31.7 0.0417172767902
31.72 0.0416716861061
31.74 0.0416188403243
31.76 0.041558396791
31.78 0.041489986214
31.8 0.0414132136121
31.82 0.0413276593518
31.84 0.0412328802562
31.86 0.0411284108249
31.88 0.0410137644953
31.9 0.0408884350276
31.92 0.0407518979476
31.94 0.0406036120792
31.96 0.0404430211562
31.98 0.0402695555156
32.0 0.0400826338671
32.02 0.0398816651341
32.04 0.039666050376
32.06 0.0394351847693
32.08 0.0391884596709
32.1 0.0389252647184
32.12 0.0386449900249
32.14 0.0383470283832
32.16 0.0380307775671
32.18 0.0376956426174
32.2 0.0373410382259
32.22 0.0369663910971
32.24 0.0365711423483
32.26 0.036154749941
32.28 0.0357166910828
32.3 0.0352564646543
32.32 0.0347735936006
32.34 0.0342676273205
32.36 0.0337381440011
32.38 0.0331847529188
32.4 0.03260709669
32.42 0.0320048534471
32.44 0.0313777389389
32.46 0.0307255085467
32.48 0.0300479592124
32.5 0.0293449312189
32.52 0.0286163099017
32.54 0.0278620271855
32.56 0.0270820630135
32.58 0.0262764465778
32.6 0.0254452574664
32.62 0.0245886265423
32.64 0.0237067367388
32.66 0.0227998236074
32.68 0.0218681756965
32.7 0.0209121347427
32.72 0.0199320956444
32.74 0.0189285062412
32.76 0.0179018668954
32.78 0.0168527298389
32.8 0.0157816983597
32.82 0.0146894257348
32.84 0.0135766139978
32.86 0.012444012503
32.88 0.0112924162814
32.9 0.0101226642349
32.92 0.0089356371472
32.94 0.00773225552656
32.96 0.00651347728895
32.98 0.00528029531458
33.0 0.00403373486998
33.02 0.0027748508723
33.04 0.00150472514007
33.06 0.000224463453881
33.08 -0.00106480737894
33.1 -0.00236194254509
33.12 -0.00366578229674
33.14 -0.00497515501617
33.16 -0.00628888030451
33.18 -0.00760577207599
33.2 -0.00892464158642
33.22 -0.0102443004595
33.24 -0.0115635636416
33.26 -0.0128812522691
33.28 -0.0141961965034
33.3 -0.0155072381856
33.32 -0.0168132334794
33.34 -0.0181130553144
33.36 -0.0194055957434
33.38 -0.0206897681459
33.4 -0.0219645093069
33.42 -0.0232287812995
33.44 -0.0244815732616
33.46 -0.0257219029875
33.48 -0.0269488183523
33.5 -0.0281613985655
33.52 -0.0293587553117
33.54 -0.0305400336221
33.56 -0.0317044127136
33.58 -0.032851106542
33.6 -0.0339793642875
33.62 -0.0350884706407
33.64 -0.0361777459473
33.66 -0.0372465462256
33.68 -0.0382942630207
33.7 -0.0393203231522
33.72 -0.04032418832
33.74 -0.0413053546092
33.76 -0.0422633518533
33.78 -0.043197742971
33.8 -0.0441081230889
33.82 -0.0449941187137
33.84 -0.0458553867302
33.86 -0.0466916133635
33.88 -0.0475025130855
33.9 -0.048287827482
33.92 -0.0490473240084
33.94 -0.0497807948141
33.96 -0.0504880554328
33.98 -0.0511689435127
34.0 -0.0518233175314
34.02 -0.0524510554451
34.04 -0.0530520534169
34.06 -0.0536262244798
34.08 -0.0541734972539
34.1 -0.0546938146528
34.12 -0.0551871326182
34.14 -0.0556534189168
34.16 -0.0560926518664
34.18 -0.056504819263
34.2 -0.0568899171611
34.22 -0.0572479488445
34.24 -0.0575789237818
34.26 -0.0578828566275
34.28 -0.05815976631
34.3 -0.0584096751541
34.32 -0.0586326080753
34.34 -0.0588285918238
34.36 -0.0589976543389
34.38 -0.0591398240935
34.4 -0.0592551295863
34.42 -0.0593435988689
34.44 -0.0594052591489
34.46 -0.0594401364613
34.48 -0.059448255447
34.5 -0.0594296391675
34.52 -0.0593843090228
34.54 -0.0593122847424
34.56 -0.0592135844489
34.58 -0.0590882247836
34.6 -0.0589362211738
34.62 -0.0587575880628
34.64 -0.0585523393454
34.66 -0.058320488766
34.68 -0.0580620504629
34.7 -0.0577770395547
34.72 -0.0574654727815
34.74 -0.0571273692496
34.76 -0.0567627512218
34.78 -0.0563716449414
34.8 -0.055954081565
34.82 -0.0555100981261
34.84 -0.0550397385249
34.86 -0.0545430546219
34.88 -0.0540201073012
34.9 -0.0534709676643
34.92 -0.0528957181414
34.94 -0.0522944537448
34.96 -0.051667283272
34.98 -0.0510143305339
35.0 -0.0503357356331
35.02 -0.0496316561895
35.04 -0.0489022686222
35.06 -0.0481477693488
35.08 -0.0473683760646
35.1 -0.0465643289007
35.12 -0.0457358916065
35.14 -0.0448833526968
35.16 -0.0440070265132
35.18 -0.0431072542656
35.2 -0.0421844050084
35.22 -0.0412388765086
35.24 -0.040271096103
35.26 -0.0392815214128
35.28 -0.038270640967
35.3 -0.0372389747857
35.32 -0.0361870747668
35.34 -0.0351155250351
35.36 -0.0340249421296
35.38 -0.0329159750583
35.4 -0.031789305268
35.42 -0.0306456464136
35.44 -0.0294857440364
35.46 -0.0283103750701
35.48 -0.0271203472119
35.5 -0.0259164981335
35.52 -0.0246996945577
35.54 -0.0234708311693
35.56 -0.0222308293687
35.58 -0.0209806359147
35.6 -0.0197212213723
35.62 -0.0184535784555
35.64 -0.0171787202224
35.66 -0.0158976781223
35.68 -0.014611499951
35.7 -0.0133212476718
35.72 -0.0120279951029
35.74 -0.0107328255795
35.76 -0.00943682943336
35.78 -0.00814110148527
35.8 -0.00684673841635
35.82 -0.00555483609966
35.84 -0.0042664869177
35.86 -0.00298277702676
35.88 -0.00170478362317
35.9 -0.000433572218649
35.92 0.000829806079619
35.94 0.00208431724392
35.96 0.00332894695209
35.98 0.00456270317951
36.0 0.00578461866995
36.02 0.00699375337028
36.04 0.00818919672073
36.06 0.00937006986831
36.08 0.0105355277262
36.1 0.0116847609291
36.12 0.0128169976239
36.14 0.0139315051105
36.16 0.0150275913518
36.18 0.0161046062603
36.2 0.0171619428993
36.22 0.0181990384093
36.24 0.0192153748483
36.26 0.0202104798018
36.28 0.021183926815
36.3 0.0221353356701
36.32 0.0230643724681
36.34 0.023970749533
36.36 0.024854225149
36.38 0.025714603148
36.4 0.0265517322897
36.42 0.0273655055361
36.44 0.0281558591451
36.46 0.0289227716248
36.48 0.0296662625709
36.5 0.0303863913589
36.52 0.0310832557206
36.54 0.0317569902351
36.56 0.0324077646941
36.58 0.0330357823844
36.6 0.0336412783146
36.62 0.0342245173311
36.64 0.0347857922214
36.66 0.0353254217221
36.68 0.0358437485185
36.7 0.0363411372088
36.72 0.0368179722229
36.74 0.0372746557564
36.76 0.037711605688
36.78 0.0381292534935
36.8 0.0385280421807
36.82 0.0389084242374
36.84 0.0392708596086
36.86 0.0396158136942
36.88 0.0399437554007
36.9 0.0402551552201
36.92 0.0405504833637
36.94 0.0408302079533
36.96 0.0410947932495
36.98 0.0413446979725
37.0 0.0415803736504
37.02 0.0418022630555
37.04 0.0420107987154
37.06 0.0422064014594
37.08 0.042389479088
37.1 0.0425604250679
37.12 0.0427196173299
37.14 0.0428674171408
37.16 0.0430041680311
37.18 0.0431301948218
37.2 0.0432458027112
37.22 0.0433512764453
37.24 0.0434468795552
37.26 0.0435328536801
37.28 0.0436094179504
37.3 0.0436767684532
37.32 0.0437350777666
37.34 0.0437844945652
37.36 0.0438251432915
37.38 0.0438571239019
37.4 0.0438805116816
37.42 0.0438953571138
37.44 0.0439016858361
37.46 0.0438994986398
37.48 0.0438887715492
37.5 0.0438694559572
37.52 0.0438414788267
37.54 0.0438047429514
37.56 0.0437591272851
37.58 0.0437044873165
37.6 0.0436406555294
37.62 0.0435674418997
37.64 0.043484634467
37.66 0.0433919999616
37.68 0.0432892844934
37.7 0.043176214293
37.72 0.0430524965294
37.74 0.0429178201652
37.76 0.0427718568898
37.78 0.042614262099
37.8 0.0424446759417
37.82 0.0422627244175
37.84 0.0420680205373
37.86 0.0418601655401
37.88 0.0416387501568
37.9 0.0414033559496
37.92 0.0411535566733
37.94 0.040888919728
37.96 0.0406090076165
37.98 0.0403133794937
38.0 0.040001592734
38.02 0.0396732045374
38.04 0.0393277736083
38.06 0.0389648618303
38.08 0.0385840359996
38.1 0.0381848695764
38.12 0.0377669444674
38.14 0.0373298528135
38.16 0.0368731988101
38.18 0.0363966005156
38.2 0.035899691683
38.22 0.0353821235659
38.24 0.0348435667295
38.26 0.0342837128441
38.28 0.0337022764398
38.3 0.0330989966438
38.32 0.0324736388714
38.34 0.0318259964853
38.36 0.0311558923554
38.38 0.0304631804324
38.4 0.0297477471618
38.42 0.029009512898
38.44 0.028248433189
38.46 0.0274644999641
38.48 0.0266577426623
38.5 0.0258282292044
38.52 0.0249760668831
38.54 0.0241014031144
38.56 0.0232044260875
38.58 0.0222853652429
38.6 0.0213444916537
38.62 0.0203821182454
38.64 0.019398599872
38.66 0.0183943332544
38.68 0.0173697567589
38.7 0.0163253500388
38.72 0.0152616335063
38.74 0.0141791676753
38.76 0.0130785523342
38.78 0.0119604256034
38.8 0.0108254627905
38.82 0.00967437518411
38.84 0.00850790865127
38.86 0.00732684210541
38.88 0.00613198592022
38.9 0.00492418011503
38.92 0.00370429254755
38.94 0.00247321691475
38.96 0.00123187071398
38.98 -1.8806886994e-05
39.0 -0.00127785726863
39.02 -0.00254430462151
39.04 -0.00381715825574
39.06 -0.00509541497425
39.08 -0.00637806143875
39.1 -0.0076640765818
39.12 -0.00895243401228
39.14 -0.0102421043996
39.16 -0.0115320578743
39.18 -0.0128212663724
39.2 -0.0141087059435
39.22 -0.0153933590179
39.24 -0.0166742166268
39.26 -0.0179502805131
39.28 -0.019220565203
39.3 -0.0204841
39.32 -0.0217399308186
39.34 -0.0229871220233
39.36 -0.0242247580548
39.38 -0.0254519450252
39.4 -0.0266678121646
39.42 -0.0278715131281
39.44 -0.0290622272353
39.46 -0.0302391605258
39.48 -0.0314015467309
39.5 -0.0325486480906
39.52 -0.0336797560587
39.54 -0.0347941918758
39.56 -0.0358913070162
39.58 -0.0369704834949
39.6 -0.0380311340978
39.62 -0.0390727024255
39.64 -0.0400946628897
39.66 -0.0410965205325
39.68 -0.0420778108044
39.7 -0.0430380991773
39.72 -0.043976980684
39.74 -0.0448940794036
39.76 -0.0457890477619
39.78 -0.0466615658631
39.8 -0.0475113406557
39.82 -0.0483381050718
39.84 -0.0491416171054
39.86 -0.0499216587928
39.88 -0.0506780351931
39.9 -0.0514105732834
39.92 -0.0521191208244
39.94 -0.0528035452183
39.96 -0.0534637322773
39.98 -0.0540995850583
